Prel	transmission
0.996343	1.08103
0.996325	1.07722
0.996308	1.07964
0.996343	1.0815
0.996218	1.08258
0.996374	1.078
0.996332	1.07583
0.996357	1.07171
0.996319	1.06786
0.996371	1.07411
0.996305	1.07423
0.996346	1.0798
0.996336	1.07804
0.99636	1.07747
0.996353	1.07531
0.996263	1.07536
0.996378	1.06913
0.996315	1.07049
0.996339	1.07179
0.99635	1.06866
0.996312	1.06957
0.996343	1.07099
0.996339	1.07159
0.996378	1.0719
0.996374	1.07326
0.999604	1.05771
0.9996	1.05711
0.999573	1.05753
0.999632	1.06223
0.999555	1.04715
0.999531	1.06188
0.999587	1.06213
0.9996	1.06039
0.999656	1.0611
0.999569	1.06182
0.999607	1.06006
0.999652	1.04814
0.999625	1.05561
0.999642	1.05454
0.999666	1.04875
0.999524	1.0596
0.999656	1.05833
0.999541	1.05977
0.999656	1.05749
0.999621	1.0582
0.999656	1.05736
0.999534	1.06136
0.9996	1.06054
0.999614	1.05956
0.999562	1.05845
0.999628	1.05862
0.999625	1.06291
0.999517	1.06239
0.99959	1.06646
0.999593	1.06549
0.999555	1.0629
0.999569	1.06155
0.999593	1.06297
0.999666	1.05634
0.999659	1.05367
0.999642	1.05615
0.999652	1.0619
0.999666	1.06484
0.999517	1.06567
0.999517	1.06316
0.999618	1.06168
0.999604	1.0608
0.999635	1.05839
0.999649	1.05872
0.999649	1.06117
0.999646	1.06044
0.999656	1.06088
0.99968	1.06083
0.999639	1.05813
0.999649	1.0597
0.999705	1.06231
0.99959	1.06324
0.999611	1.06263
0.99951	1.05326
0.999576	1.0545
0.999587	1.05974
0.999569	1.05432
0.999597	1.0643
0.999576	1.0677
0.999531	1.06386
0.999555	1.06703
0.999531	1.06646
0.999548	1.06381
0.999531	1.06595
0.999552	1.06792
0.999527	1.06775
0.999534	1.0644
0.999444	1.06599
0.999524	1.06881
0.999524	1.06714
0.999507	1.06456
0.999503	1.06948
0.999493	1.0694
0.9995	1.07013
0.999482	1.06148
0.99951	1.0682
0.999496	1.07048
0.999423	1.07297
0.999451	1.06774
0.999451	1.06547
0.999385	1.06582
0.999458	1.05845
0.9995	1.06685
0.9995	1.06223
0.999489	1.06341
0.999347	1.06435
0.999465	1.06729
0.999361	1.06864
0.999475	1.06811
0.999427	1.07026
0.999385	1.0667
0.999284	1.07036
0.999316	1.0667
0.999267	1.06921
0.999243	1.06699
0.999354	1.06745
0.999222	1.0663
0.999302	1.06494
0.999208	1.06829
0.99925	1.06652
0.99926	1.06466
0.99925	1.06749
0.999256	1.06642
0.999149	1.06761
0.999256	1.06674
0.999253	1.06561
0.999201	1.0622
0.999197	1.06106
0.999097	1.06802
0.99917	1.06254
0.999253	1.06882
0.999159	1.07031
0.99925	1.06343
0.999177	1.06634
0.999163	1.06679
0.999138	1.06994
0.999121	1.06624
0.999118	1.06865
0.999263	1.06735
0.999118	1.06742
0.9991	1.06856
0.99909	1.07038
0.999208	1.06733
0.999239	1.07004
0.99918	1.07073
0.999215	1.07061
0.999111	1.0716
0.999086	1.07205
0.999107	1.06787
0.99909	1.06668
0.999166	1.07002
0.999076	1.06684
0.9991	1.06906
0.999086	1.07071
0.999059	1.06969
0.999111	1.06574
0.999131	1.06998
0.999114	1.06552
0.999135	1.06794
0.999135	1.06577
0.999142	1.06928
0.999124	1.06662
0.999097	1.06435
0.999149	1.06736
0.999128	1.06576
0.999055	1.06765
0.999124	1.06775
0.999107	1.06348
0.999083	1.06188
0.999097	1.0631
0.9991	1.05286
0.999124	1.06252
0.999093	1.06554
0.9991	1.06195
0.99909	1.06083
0.999118	1.06222
0.9991	1.06493
0.999083	1.06385
0.999086	1.06195
0.999111	1.05989
0.999104	1.05918
0.999218	1.05592
0.999083	1.06157
0.99917	1.05662
0.999104	1.06023
0.999097	1.06244
0.999104	1.06152
0.999083	1.06157
0.999083	1.06014
0.999204	1.05865
0.999111	1.05534
0.999097	1.05462
0.999246	1.05535
0.99925	1.05631
0.999256	1.05869
0.999239	1.06204
0.9991	1.06166
0.999236	1.06198
0.99918	1.05818
0.999243	1.05951
0.999201	1.05542
0.999118	1.05892
0.9991	1.05818
0.999104	1.06319
0.99926	1.06149
0.999097	1.06183
0.999093	1.05878
0.999083	1.05958
0.999104	1.06099
0.999232	1.05953
0.999253	1.05789
0.999128	1.06055
0.99925	1.05962
0.999142	1.06159
0.999107	1.06008
0.999149	1.06292
0.999253	1.06392
0.999114	1.06222
0.999114	1.06263
0.999114	1.06728
0.999246	1.06716
0.999204	1.06409
0.999253	1.06089
0.999097	1.06106
0.999076	1.06167
0.99909	1.06256
0.9991	1.06535
0.999177	1.06267
0.999218	1.06251
0.999111	1.0595
0.999104	1.06597
0.999107	1.06494
0.999107	1.06699
0.999097	1.06409
0.999184	1.06587
0.999177	1.06625
0.999097	1.06439
0.999086	1.0633
0.999208	1.06459
0.999222	1.06369
0.999111	1.0674
0.999093	1.06743
0.99909	1.06912
0.999111	1.06633
0.99909	1.06838
0.999142	1.0687
0.999131	1.06891
0.999111	1.06796
0.99909	1.06693
0.999079	1.069
0.999138	1.06958
0.999069	1.0702
0.999086	1.06672
0.99909	1.06516
0.999111	1.06515
0.999048	1.06814
0.99909	1.06827
0.999121	1.06674
0.99909	1.06987
0.999093	1.06738
0.999104	1.0703
0.99909	1.05625
0.99909	1.06502
0.999079	1.07056
0.998965	1.06981
0.998829	1.06944
0.998982	1.06606
0.998996	1.07011
0.999104	1.06815
0.998965	1.06811
0.999083	1.06468
0.999048	1.06351
0.998954	1.06593
0.99902	1.069
0.998902	1.06906
0.998878	1.07124
0.998947	1.06972
0.998913	1.07034
0.998885	1.06755
0.998954	1.06658
0.998847	1.07263
0.998836	1.06787
0.998913	1.06796
0.998861	1.069
0.998861	1.06851
0.998857	1.06658
0.998777	1.06084
0.99884	1.06686
0.998798	1.06954
0.998812	1.06658
0.998794	1.0623
0.998836	1.06764
0.998767	1.07223
0.998708	1.06592
0.998829	1.06702
0.998732	1.06888
0.998805	1.06717
0.998725	1.06695
0.99877	1.0658
0.998788	1.07098
0.998676	1.06995
0.998676	1.06936
0.998746	1.06878
0.998728	1.07108
0.998694	1.07014
0.99869	1.06912
0.998666	1.06967
0.99869	1.07236
0.998673	1.07212
0.998638	1.07076
0.998687	1.06756
0.998638	1.0663
0.998683	1.06531
0.998687	1.06835
0.998683	1.06568
0.998746	1.06356
0.998697	1.0655
0.998659	1.06512
0.998676	1.05893
0.998715	1.06202
0.99869	1.06309
0.998631	1.06273
0.998711	1.06437
0.998569	1.06142
0.998735	1.05671
0.998673	1.05769
0.998701	1.0577
0.998683	1.05707
0.998722	1.06172
0.998774	1.06094
0.998666	1.06129
0.998656	1.06172
0.998687	1.06167
0.99869	1.06322
0.998701	1.05859
0.998676	1.06176
0.998725	1.06038
0.99868	1.06157
0.998788	1.05953
0.998708	1.05984
0.998718	1.06155
0.998749	1.06096
0.998704	1.05869
0.998694	1.06479
0.998697	1.06277
0.998694	1.06667
0.998673	1.06413
0.99869	1.06449
0.998694	1.06301
0.998777	1.06245
0.998715	1.05984
0.998718	1.06164
0.998812	1.06349
0.998784	1.06523
0.998756	1.06654
0.998777	1.06509
0.998732	1.06857
0.998815	1.06324
0.99877	1.06365
0.998808	1.06229
0.998788	1.05993
0.998822	1.05946
0.998822	1.05934
0.998798	1.05724
0.998833	1.06266
0.998791	1.06345
0.998819	1.06624
0.998794	1.06335
0.998826	1.06556
0.998812	1.06354
0.998784	1.06274
0.998805	1.06806
0.998784	1.06916
0.998798	1.06888
0.998777	1.0679
0.998805	1.06576
0.998763	1.0659
0.998878	1.07025
0.998826	1.07001
0.998815	1.0675
0.998791	1.06987
0.998843	1.07111
0.998822	1.06926
0.998805	1.06925
0.99884	1.06783
0.998798	1.0697
0.998815	1.06893
0.99876	1.06785
0.998805	1.06679
0.998763	1.06613
0.998777	1.0679
0.998781	1.0605
0.998756	1.06019
0.998718	1.06118
0.998742	1.06905
0.998715	1.07019
0.998687	1.06846
0.998711	1.06721
0.99869	1.06224
0.998725	1.06689
0.998659	1.0681
0.998704	1.06475
0.99868	1.06799
0.998697	1.06843
0.998596	1.07043
0.998676	1.06972
0.998704	1.07028
0.998683	1.07058
0.998708	1.07149
0.99869	1.07416
0.998687	1.07386
0.998694	1.07106
0.99869	1.07042
0.99869	1.06854
0.998857	1.06953
0.998683	1.07104
0.998649	1.06841
0.998541	1.07124
0.998683	1.07045
0.99868	1.07028
0.998624	1.06838
0.99869	1.06998
0.998586	1.06857
0.998586	1.06151
0.9986	1.06601
0.998687	1.06881
0.99869	1.06832
0.998676	1.06694
0.99851	1.06253
0.998652	1.063
0.998683	1.06437
0.998687	1.06273
0.99843	1.06576
0.998433	1.06534
0.99844	1.06861
0.998409	1.06849
0.998426	1.06312
0.998426	1.06273
0.998617	1.06548
0.99844	1.06369
0.998687	1.06637
0.998683	1.06817
0.998416	1.06442
0.998673	1.06573
0.998683	1.06699
0.998433	1.06941
0.998416	1.06803
0.998426	1.067
0.998419	1.06982
0.99861	1.06547
0.998419	1.06766
0.998423	1.06536
0.998683	1.06849
0.998666	1.0676
0.998419	1.06488
0.998423	1.06775
0.99843	1.06654
0.998551	1.06696
0.998426	1.06646
0.998576	1.06499
0.998412	1.06371
0.998579	1.06118
0.998676	1.06155
0.998475	1.06682
0.998419	1.07062
0.998593	1.06188
0.998416	1.06883
0.998416	1.06623
0.998423	1.05605
0.998426	1.06463
0.99843	1.06448
0.998426	1.05747
0.998458	1.06509
0.998503	1.0646
0.998433	1.06226
0.998458	1.06559
0.998378	1.06338
0.99843	1.06305
0.99843	1.06479
0.998409	1.0655
0.998506	1.06189
0.998454	1.06056
0.998412	1.06169
0.998426	1.06146
0.998419	1.06291
0.99843	1.06507
0.998423	1.06523
0.998426	1.06013
0.998496	1.06135
0.998426	1.06235
0.998454	1.06177
0.998416	1.06271
0.998579	1.06294
0.998551	1.06526
0.998524	1.06652
0.998492	1.06442
0.998433	1.06752
0.998555	1.06388
0.998433	1.06526
0.998433	1.06383
0.99868	1.0641
0.998458	1.06658
0.998437	1.06599
0.998676	1.06341
0.998701	1.06411
0.998621	1.06683
0.998433	1.06648
0.998576	1.06632
0.998572	1.06561
0.998458	1.06683
0.998426	1.06789
0.998621	1.07166
0.998433	1.06858
0.99843	1.0658
0.998617	1.06438
0.998645	1.06606
0.998673	1.06402
0.998583	1.06655
0.998683	1.06376
0.998673	1.06796
0.998426	1.06825
0.998423	1.06606
0.998673	1.0694
0.998694	1.06721
0.998454	1.0696
0.99868	1.06334
0.998433	1.0624
0.99843	1.06598
0.998649	1.0682
0.998423	1.06727
0.998426	1.06348
0.99869	1.06529
0.998701	1.0669
0.998687	1.06956
0.998409	1.06442
0.998676	1.06587
0.998673	1.06444
0.998437	1.06867
0.998694	1.07028
0.998687	1.0648
0.998416	1.06656
0.99843	1.06743
0.998687	1.06834
0.998669	1.07201
0.998666	1.0662
0.998652	1.06501
0.998687	1.0686
0.998628	1.06618
0.998412	1.06676
0.998405	1.06632
0.998416	1.06996
0.998631	1.07004
0.998423	1.06823
0.998423	1.06878
0.998485	1.06948
0.998572	1.06955
0.99843	1.06611
0.998579	1.06867
0.998607	1.06841
0.998544	1.07209
0.99861	1.06972
0.998541	1.07351
0.998419	1.0712
0.998458	1.07165
0.998423	1.07203
0.998426	1.06942
0.998419	1.06898
0.998433	1.07062
0.99843	1.07192
0.998458	1.07153
0.998447	1.06579
0.998444	1.06845
0.998419	1.06714
0.99762	1.05376
0.997839	1.05659
0.997718	1.05907
0.997759	1.05701
0.997759	1.05844
0.997662	1.06188
0.997638	1.0617
0.997607	1.06063
0.997568	1.06176
0.997589	1.06061
0.997499	1.05387
0.997485	1.05807
0.997561	1.05971
0.997457	1.05534
0.997527	1.06189
0.997457	1.06184
0.997457	1.05918
0.997485	1.05857
0.997454	1.05951
0.997363	1.05435
0.997402	1.05319
0.997315	1.05502
0.997197	1.05871
0.997169	1.05967
0.997183	1.05951
0.99711	1.05794
0.997075	1.05896
0.997079	1.05739
0.997051	1.05896
0.997058	1.0566
0.997051	1.05917
0.997051	1.05995
0.996901	1.05512
0.997051	1.0555
0.996797	1.05692
0.996804	1.05618
0.997044	1.05732
0.996891	1.05625
0.99679	1.05789
0.99679	1.05696
0.996783	1.05785
0.996801	1.05373
0.996748	1.0542
0.996731	1.05476
0.996773	1.0464
0.9967	1.05394
0.996714	1.05265
0.996582	1.05136
0.996425	1.0498
0.996491	1.05141
0.996467	1.05087
0.996349	1.04299
0.996373	1.04773
0.996377	1.04868
0.996307	1.04782
0.99637	1.04511
0.99638	1.04695
0.996269	1.04708
0.996259	1.04069
0.996266	1.04546
0.996248	1.04197
0.996231	1.0447
0.99637	1.0456
0.996353	1.04508
0.996325	1.04485
0.996335	1.04489
0.996297	1.04414
0.996293	1.04516
0.996248	1.04115
0.996161	1.04006
0.996158	1.04247
0.99613	1.04176
0.996165	1.04159
0.99621	1.04067
0.996134	1.04557
0.996116	1.04648
0.995995	1.04391
0.99597	1.04184
0.995974	1.04093
0.995911	1.04808
0.995911	1.04836
0.995974	1.04542
0.995922	1.04638
0.995859	1.04269
0.995897	1.04403
0.995849	1.04435
0.99587	1.04288
0.995831	1.04034
0.995956	1.04219
0.995731	1.0413
0.995748	1.04078
0.995717	1.03854
0.995825	1.03687
0.995689	1.04147
0.995574	1.0424
0.995828	1.04321
0.995755	1.04003
0.99556	1.04241
0.995567	1.04402
0.99556	1.04168
0.995807	1.04072
0.995686	1.04297
0.995696	1.043
0.995567	1.04622
0.995578	1.04558
0.995557	1.04167
0.99562	1.04232
0.995547	1.04034
0.995547	1.03932
0.995494	1.04004
0.995488	1.03896
0.995533	1.04
0.995512	1.04001
0.995446	1.04284
0.995453	1.0437
0.995394	1.0409
0.995422	1.04084
0.995432	1.04042
0.995269	1.04221
0.995338	1.04126
0.995151	1.0419
0.995133	1.04143
0.995102	1.0414
0.995154	1.04218
0.995067	1.04199
0.995144	1.04112
0.995147	1.04172
0.995081	1.04257
0.995008	1.04144
0.995133	1.04446
0.99498	1.04221
0.995032	1.04456
0.994987	1.04133
0.994977	1.0421
0.99496	1.0422
0.994883	1.04194
0.99488	1.03806
0.994727	1.0409
0.994765	1.04182
0.994709	1.04257
0.994675	1.03597
0.994702	1.04022
0.994633	1.0391
0.994685	1.03842
0.994654	1.03755
0.994636	1.03691
0.994598	1.03785
0.994605	1.03871
0.994609	1.03998
0.994584	1.03809
0.994598	1.0372
0.994445	1.03853
0.994588	1.03725
0.994532	1.03307
0.994407	1.02919
0.994331	1.03415
0.994359	1.03405
0.994327	1.03631
0.994331	1.03172
0.994275	1.03434
0.994261	1.03304
0.994251	1.03488
0.994213	1.03356
0.994188	1.03626
0.994181	1.03266
0.994119	1.02982
0.994022	1.02997
0.994119	1.03071
0.994001	1.02882
0.994147	1.03198
0.994171	1.02739
0.994036	1.02978
0.994122	1.03441
0.993865	1.03246
0.994004	1.03108
0.993963	1.03139
0.993883	1.03264
0.9939	1.02956
0.993827	1.03105
0.993792	1.02969
0.993803	1.02818
0.993695	1.02782
0.993792	1.02746
0.993671	1.02872
0.993636	1.02907
0.993518	1.02759
0.993778	1.02731
0.993473	1.02786
0.993442	1.0228
0.993518	1.02244
0.993403	1.022
0.993407	1.02244
0.993372	1.0166
0.99348	1.0186
0.993365	1.0207
0.993403	1.01903
0.993344	1.01956
0.993372	1.01772
0.993365	1.01758
0.993271	1.01425
0.993285	1.01386
0.993181	1.01354
0.993226	1.01418
0.993195	1.01354
0.993139	1.01478
0.993094	1.01327
0.993091	1.01352
0.99307	1.01277
0.992983	1.01253
0.993028	1.01303
0.992973	1.01473
0.992969	1.01575
0.992976	1.01324
0.992969	1.01178
0.992969	1.01295
0.992875	1.01357
0.992712	1.01242
0.992917	1.01147
0.992719	1.01366
0.992712	1.01442
0.992799	1.01457
0.992705	1.01415
0.99275	1.01325
0.992646	1.01258
0.992615	1.01012
0.992625	1.01098
0.992587	1.01352
0.992556	1.01225
0.992497	1.01174
0.992521	1.0139
0.992566	1.00994
0.992392	1.01067
0.992382	1.00924
0.992434	1.0116
0.992417	1.00995
0.99242	1.01352
0.992326	1.00933
0.992292	1.01003
0.992198	1.01292
0.992326	1.01246
0.992299	1.01072
0.99226	1.0114
0.992295	1.01307
0.992222	1.01215
0.992177	1.01272
0.992184	1.01257
0.992149	1.01242
0.992128	1.01117
0.991993	1.01477
0.992	1.01053
0.991972	1.01595
0.991924	1.00934
0.991878	1.01397
0.991868	1.01512
0.991844	1.0145
0.991788	1.00904
0.991844	1.01228
0.991812	1.01373
0.991767	1.01316
0.991687	1.01593
0.991746	1.01423
0.991625	1.01218
0.991809	1.01167
0.991541	1.01026
0.991746	1.01169
0.99166	1.01533
0.991534	1.01318
0.991448	1.01368
0.991448	1.00546
0.991416	1.01328
0.991343	1.01349
0.991343	1.01057
0.991204	1.01248
0.991093	1.01425
0.991079	1.0132
0.991191	1.00697
0.991079	1.0107
0.991027	1.01465
0.99102	1.01591
0.990927	1.01231
0.990934	1.01205
0.990861	1.01075
0.990676	1.01148
0.990683	1.01124
0.990635	1.00674
0.990586	1.01056
0.990524	1.00791
0.990638	1.00699
0.99061	1.01022
0.99052	1.01108
0.990458	1.0154
0.990409	1.01458
0.990399	1.01171
0.990242	1.01446
0.990183	1.0108
0.990187	1.01004
0.989999	1.01192
0.990117	1.01282
0.990124	1.01073
0.990055	1.01093
0.989891	1.01071
0.989808	1.01058
0.989707	1.00516
0.989718	1.0091
0.989565	1.00986
0.989447	1.00323
0.989454	1.00907
0.989322	1.00625
0.989405	1.00875
0.989346	1.00896
0.989277	1.0081
0.989141	1.0081
0.989051	1.00885
0.988978	1.00899
0.988887	1.0065
0.98878	1.00856
0.988877	1.00145
0.988606	1.00759
0.988707	1.00657
0.988603	1.00782
0.988502	1.00718
0.988419	1.00641
0.988377	1.00779
0.988207	1.00732
0.988221	1.00607
0.988071	1.00754
0.988061	1.00426
0.987981	1.00276
0.9878	1.00209
0.987779	1.00866
0.987696	1.00915
0.987665	1.00933
0.987658	1.00951
0.987536	1.01015
0.987376	1.00599
0.987276	1.00574
0.987265	1.00713
0.987258	1.00434
0.987196	1.00513
0.987057	1.00424
0.986897	1.00804
0.986814	1.0043
0.986633	1.00741
0.986605	1.0041
0.986588	1.00183
0.986452	1.00055
0.986268	1.00585
0.986161	0.999531
0.986077	1.00251
0.986032	1.00199
0.986025	1.00195
0.98589	1.0026
0.985744	0.99824
0.985681	1.00138
0.985518	0.999601
0.985386	1.00311
0.985383	1.0033
0.985202	0.999131
0.98523	0.997896
0.985164	0.99864
0.984882	0.996164
0.984834	0.998787
0.98466	0.997637
0.984559	1.00016
0.98458	0.997798
0.984472	0.998142
0.984254	0.997581
0.984156	0.997742
0.98416	1.00001
0.984118	1.001
0.984021	1.00058
0.983767	0.998514
0.983656	0.99838
0.983663	0.99601
0.983604	0.994123
0.983507	0.996164
0.983295	0.998443
0.983125	0.998787
0.983205	1.00107
0.983024	0.997497
0.982878	0.998177
0.982784	0.991373
0.982635	0.998822
0.982545	0.989809
0.982454	0.996143
0.982353	0.998787
0.982128	1.00107
0.98201	1.00022
0.982096	1.00166
0.981756	1.00038
0.981714	1.00176
0.981607	0.999664
0.98135	0.999208
0.981225	0.99575
0.981263	1.00269
0.981124	1.00215
0.980888	1.00124
0.980787	1.00065
0.980759	0.992867
0.980578	0.999986
0.980439	1.00175
0.980377	1.00329
0.980109	0.999601
0.980061	1.003
0.97996	1.00162
0.9797	1.00227
0.979668	1.00202
0.979571	1.00245
0.979311	1.00207
0.979196	1.00332
0.979172	1.00389
0.978967	1.00091
0.978838	1.00384
0.978671	1.00314
0.978505	1.0025
0.978477	1.00274
0.978348	1.00349
0.97806	1.0041
0.977966	1.00399
0.977945	1.00586
0.977622	1.00614
0.977515	1.00626
0.977195	1.00751
0.977139	1.00727
0.97707	1.00801
0.976893	1.00712
0.976837	1.00801
0.976639	1.00928
0.976358	1.0068
0.97634	1.00628
0.976233	1.00927
0.975941	0.999727
0.975757	1.00357
0.975677	1.00518
0.975476	1.0049
0.975239	1.00727
0.975104	1.00529
0.974989	1.00614
0.974684	1.00482
0.974451	1.00372
0.974458	0.993015
0.974336	1.00363
0.974006	1.00338
0.973905	1.00375
0.973756	1.0047
0.973506	1.0023
0.973266	1.00412
0.973225	0.992776
0.973082	0.992818
0.972832	1.00222
0.972683	1.00387
0.972506	1.00362
0.972301	1.00507
0.972224	1.00335
0.97195	1.00125
0.971679	1.002
0.971474	1.00311
0.971443	1.00344
0.971081	1.00506
0.97104	1.00205
0.970887	1.0033
0.970553	1.00224
0.970307	1.00589
0.970209	1.00572
0.970008	1.00027
0.969911	0.994453
0.969647	1.00046
0.969421	1.00182
0.96914	1.00011
0.969181	1.00037
0.968928	1.00111
0.968733	1.00256
0.968549	1.00055
0.968337	1.00387
0.968174	1.00292
0.968011	1.00496
0.967792	0.998002
0.967753	0.998836
0.967458	1.00508
0.967274	0.997377
0.966975	1.00657
0.966861	1.00086
0.966597	1.0059
0.966298	1.00727
0.966284	1.00687
0.966034	1.00692
0.965871	1.00613
0.96576	1.00842
0.965436	1.0058
0.965325	1.00397
0.965072	1.00253
0.964856	1.00609
0.964582	1.00297
0.964575	1.00622
0.964235	1.0048
0.964089	1.0031
0.963995	1.00518
0.963776	1.00229
0.963453	1.00314
0.963408	1.00394
0.963192	1.00288
0.962883	0.999636
0.962845	1.00373
0.962668	1.00361
0.96256	1.00338
0.962348	1.00029
0.962084	1.00168
0.961827	0.999208
0.961789	0.998471
0.961508	0.999874
0.961369	0.997987
0.961219	0.997006
0.960987	0.997286
0.960632	0.995694
0.960542	0.996129
0.960414	0.996003
0.960163	0.995968
0.959962	0.997539
0.959729	0.9973
0.959611	0.997861
0.959455	0.998703
0.959312	0.999678
0.959093	0.99669
0.958895	0.996451
0.958805	0.997497
0.958517	0.9973
0.958322	0.998471
0.958333	0.998521
0.958051	0.997426
0.95793	0.997644
0.957544	0.996522
0.957586	0.998135
0.957259	0.998598
0.957089	0.996977
0.957058	0.996739
0.956738	0.998773
0.956415	1.00133
0.956398	1.00162
0.956224	1.00252
0.956005	0.999271
0.955856	0.998268
0.955661	0.999432
0.955488	0.999916
0.955418	0.998654
0.955161	0.999383
0.954981	0.998212
0.954817	0.997959
0.954678	1.00062
0.954394	0.999131
0.954262	1.00075
0.954248	1.00067
0.953904	1.0002
0.953619	1.00268
0.953612	1.00273
0.953362	1.00151
0.953202	1.00248
0.953042	1.00309
0.952806	1.0062
0.952657	1.00815
0.952403	1.00715
0.952372	1.00887
0.952111	1.00807
0.951903	1.00717
0.951896	1.00733
0.951629	1.0087
0.951497	1.00677
0.951146	1.00696
0.950996	1.0052
0.950833	1.00572
0.950746	1.00994
0.950625	1.00728
0.950284	1.00849
0.950166	1.00075
0.95001	1.0042
0.949815	1.00646
0.949513	1.00657
0.949454	1.00798
0.949256	1.00916
0.949103	1.0068
0.948926	1.00607
0.948794	1.00581
0.948537	1.00615
0.948422	1.00612
0.948169	1.00917
0.947929	1.00593
0.947686	1.00462
0.947668	1.00583
0.9473	1.00549
0.947279	1.00509
0.947036	1.00519
0.946859	1.00175
0.946633	1.003
0.946491	1.00697
0.946203	1.00433
0.94606	1.00408
0.945897	1.00287
0.945668	1.00251
0.94549	1.00385
0.945386	1.00195
0.945028	1.00148
0.94498	1.00354
0.944862	1.00335
0.944747	1.00258
0.944414	1.00192
0.944292	1.00252
0.944108	1.00291
0.943757	1.00349
0.943715	1.00454
0.943507	1.00308
0.94326	1.00302
0.943194	1.00249
0.942916	1.00384
0.942649	1.00216
0.942632	1.00361
0.94235	1.00203
0.94201	1.00375
0.941958	1.00441
0.941774	1.00419
0.941572	1.00311
0.941402	1.00382
0.941246	1.00254
0.940923	1.00368
0.940898	1.00432
0.940794	1.00506
0.940422	1.00596
0.940346	1.0043
0.940183	1.00527
0.93996	1.00426
0.939686	1.00363
0.939596	1.00346
0.939266	1.00565
0.93913	1.00547
0.939134	1.00577
0.938797	1.00598
0.938491	1.00607
0.938421	1.0062
0.938293	1.00519
0.93805	1.01029
0.93796	1.00752
0.937633	1.00069
0.937484	1.00499
0.937365	1.00692
0.937174	1.00347
0.937067	1.00527
0.936803	1.00835
0.936678	0.999292
0.9364	1.00297
0.936396	1.00062
0.93615	0.999068
0.935854	0.998766
0.935608	1.00194
0.935604	1.00116
0.935448	1.00377
0.935087	1.00167
0.935128	1.00182
0.934955	1.00065
0.934673	1.0011
0.934684	1.00146
0.934434	1.00019
0.93417	0.996781
0.934211	0.995315
0.933919	0.993008
0.933683	0.992622
0.933506	0.993667
0.933461	0.984044
0.93327	0.987074
0.933058	0.980123
0.932836	0.977318
0.932766	0.972808
0.932669	0.961937
0.932478	0.949038
0.932346	0.932296
0.932197	0.92416
0.9322	0.908246
0.931922	0.891392
0.931807	0.873128
0.93179	0.851644
0.931537	0.83061
0.931533	0.805332
0.931377	0.778911
0.931234	0.75087
0.931127	0.725564
0.93113	0.698316
0.93104	0.671467
0.930932	0.643597
0.930849	0.617267
0.930724	0.588997
0.93064	0.562416
0.930745	0.534307
0.930585	0.50811
0.930567	0.480518
0.930508	0.457121
0.930404	0.433868
0.93031	0.409252
0.93031	0.39008
0.930248	0.370135
0.930189	0.34674
0.930175	0.333339
0.92998	0.316649
0.930109	0.300561
0.930196	0.284681
0.929928	0.266815
0.929935	0.251791
0.929914	0.2421
0.92988	0.229209
0.929883	0.216723
0.929831	0.205282
0.929855	0.193657
0.929782	0.183206
0.929709	0.172046
0.92964	0.163438
0.929702	0.154308
0.929581	0.14615
0.929536	0.138411
0.929518	0.130581
0.929487	0.125438
0.929365	0.118881
0.929529	0.113409
0.929376	0.107623
0.929456	0.100615
0.929372	0.0956005
0.929379	0.0908445
0.929327	0.0876631
0.929282	0.0837621
0.929136	0.0787423
0.929133	0.0753687
0.92906	0.0729055
0.929105	0.0690073
0.929088	0.065727
0.929035	0.0614229
0.929053	0.0589765
0.928973	0.0558375
0.928963	0.0533384
0.928876	0.0521306
0.928778	0.049907
0.928789	0.0470966
0.928747	0.0452392
0.92898	0.0434748
0.928723	0.0413352
0.928716	0.0395842
0.928789	0.0381696
0.928799	0.0365338
0.928688	0.0349655
0.928605	0.033541
0.928612	0.0321757
0.928605	0.0309979
0.928525	0.0291423
0.928553	0.0277739
0.928507	0.0270365
0.9284	0.0262671
0.928428	0.0252486
0.92832	0.0241327
0.928309	0.0234171
0.928309	0.0225575
0.928296	0.0216564
0.92824	0.0208527
0.928309	0.0199793
0.928323	0.0194038
0.928309	0.0189034
0.928264	0.0182665
0.928157	0.0173688
0.928157	0.0167894
0.928195	0.0165802
0.928174	0.0159462
0.92816	0.0154106
0.928143	0.0152007
0.92816	0.014687
0.928087	0.0142321
0.92807	0.013932
0.928049	0.0133613
0.927993	0.0131514
0.92799	0.0128414
0.927934	0.0123466
0.92791	0.0121955
0.927903	0.011796
0.9279	0.0116105
0.927913	0.0113138
0.927924	0.0110436
0.927865	0.0107952
0.927907	0.0105541
0.927882	0.0103136
0.927882	0.0101246
0.927743	0.00972225
0.92774	0.00961149
0.927747	0.00942501
0.92782	0.0092384
0.927747	0.00906587
0.927761	0.00895069
0.927719	0.00878434
0.927597	0.00875356
0.927497	0.00864385
0.927625	0.00846425
0.927563	0.00837907
0.927458	0.00819274
0.927462	0.00807524
0.927493	0.00795348
0.927413	0.00786725
0.927451	0.00777184
0.927434	0.00768232
0.927441	0.00759167
0.927365	0.00747699
0.927375	0.0074167
0.927417	0.00735662
0.927368	0.00728021
0.927382	0.00719882
0.927354	0.0071475
0.927382	0.00704003
0.927406	0.00699068
0.927493	0.00692724
0.927351	0.00687746
0.927379	0.00682482
0.927385	0.00676095
0.927347	0.00671433
0.927344	0.00666771
0.927198	0.00662579
0.927354	0.00658212
0.927326	0.00658906
0.927135	0.00655232
0.927337	0.00649168
0.927354	0.00642698
0.927347	0.00646413
0.927344	0.00643897
0.92709	0.00642551
0.927108	0.00641731
0.927076	0.00636936
0.927111	0.00636024
0.927108	0.00630388
0.927108	0.00632996
0.927139	0.00630514
0.927149	0.00632477
0.927073	0.00631236
0.927094	0.00629449
0.927267	0.0062907
0.927076	0.00627212
0.927094	0.00628053
0.927125	0.00624254
0.927059	0.00628089
0.927066	0.00628145
0.927031	0.00628018
0.92708	0.00626672
0.927059	0.0062846
0.927066	0.00627275
0.927104	0.0062886
0.927024	0.00631145
0.927017	0.00631054
0.927024	0.00631951
0.927028	0.00633571
0.927	0.00633073
0.927042	0.00633914
0.927014	0.0062581
0.926983	0.00634987
0.926948	0.00636256
0.926917	0.0063798
0.926826	0.00640637
0.926785	0.00642782
0.926816	0.00644219
0.926788	0.00644345
0.92684	0.00643834
0.926743	0.00648068
0.926844	0.00647773
0.926746	0.00643834
0.926698	0.00651559
0.92683	0.00654889
0.926719	0.00654447
0.926701	0.00654062
0.926701	0.00656796
0.926712	0.00659404
0.926701	0.00659333
0.926666	0.0066342
0.926694	0.00665222
0.92684	0.0066872
0.926691	0.00671952
0.926666	0.00675163
0.926618	0.00676039
0.926653	0.00678647
0.926639	0.00686323
0.926639	0.0068598
0.926604	0.00687277
0.926573	0.00688146
0.926531	0.00689422
0.926552	0.00694623
0.926514	0.00696867
0.926486	0.00700568
0.926361	0.00704459
0.926333	0.00704634
0.926392	0.00706247
0.926305	0.00706611
0.926361	0.00707971
0.926295	0.00710495
0.92625	0.00713187
0.926298	0.00716103
0.926225	0.0071979
0.926257	0.00723983
0.926201	0.0072631
0.926218	0.00728729
0.926159	0.00732795
0.926177	0.00735108
0.926145	0.00736847
0.926281	0.00740275
0.926163	0.00739377
0.926145	0.00743745
0.926177	0.00746177
0.926017	0.00747663
0.926152	0.00748217
0.926149	0.00755697
0.926135	0.00756265
0.926159	0.00759174
0.925895	0.00759434
0.925986	0.00768947
0.925885	0.00767166
0.925923	0.00772066
0.925968	0.00779245
0.92602	0.00775305
0.92585	0.00783129
0.925874	0.00784257
0.925795	0.0078601
0.925836	0.00787657
0.925798	0.00790973
0.925819	0.00789943
0.925836	0.00794773
0.925784	0.0079553
0.925742	0.00800458
0.925795	0.00806227
0.925749	0.00806487
0.925749	0.00809894
0.925739	0.00818937
0.925652	0.00823543
0.925645	0.00825814
0.925708	0.00827911
0.925551	0.00833526
0.925551	0.00832621
0.925482	0.00836533
0.925742	0.00836007
0.925468	0.00842268
0.925475	0.00845969
0.925475	0.00849621
0.925378	0.00850512
0.925471	0.0085387
0.925468	0.00854865
0.925392	0.00857417
0.925471	0.00867862
0.925339	0.00863677
0.925489	0.00868696
0.925478	0.00872082
0.925333	0.00874957
0.925329	0.00876106
0.925471	0.00879226
0.925346	0.00881105
0.925346	0.0087823
0.925326	0.00883096
0.925294	0.00885255
0.92536	0.00894593
0.925339	0.00893822
0.92535	0.00895132
0.925308	0.0089645
0.925333	0.00898553
0.925235	0.00900572
0.925277	0.00902998
0.925239	0.00910864
0.925339	0.00913184
0.92527	0.00913633
0.925194	0.00906819
0.925298	0.00911621
0.925235	0.00923125
0.925169	0.00927674
0.925263	0.00935175
0.925207	0.00928109
0.925256	0.0093085
0.92526	0.00924996
0.925086	0.0093378
0.925082	0.00938926
0.925166	0.00945572
0.925086	0.00949532
0.925089	0.00948544
0.925093	0.009384
0.925048	0.00952042
0.925075	0.0094234
0.925086	0.00962438
0.925041	0.00966217
0.925041	0.009709
0.925075	0.00972786
0.92503	0.0097805
0.925044	0.00977819
0.924978	0.00983764
0.925037	0.00986799
0.924961	0.00990508
0.924996	0.00990949
0.92502	0.00985313
0.924985	0.00985769
0.92495	0.0100296
0.925086	0.0100304
0.924954	0.0100185
0.924975	0.0100486
0.924916	0.0101096
0.924916	0.0101031
0.925065	0.0102177
0.924936	0.0101975
0.924919	0.0101943
0.924926	0.0102143
0.924982	0.0102795
0.924909	0.0102886
0.924912	0.0102965
0.924923	0.0103558
0.924926	0.0104191
0.924916	0.0103919
0.924919	0.0104672
0.924909	0.0104144
0.924926	0.0104257
0.924676	0.0104792
0.924666	0.010469
0.924888	0.0105263
0.924659	0.0105204
0.924846	0.01058
0.924662	0.0106623
0.924815	0.0106621
0.924686	0.0106761
0.924669	0.0107012
0.924606	0.0106972
0.924648	0.0107451
0.924638	0.0107778
0.924652	0.0107941
0.924634	0.010863
0.924627	0.0108846
0.924613	0.0109372
0.924669	0.0109169
0.924568	0.0109247
0.924589	0.0109811
0.924582	0.0109814
0.924558	0.0110604
0.92452	0.0110754
0.924575	0.0110367
0.924471	0.0110474
0.924447	0.0110855
0.924461	0.0110866
0.924395	0.0111309
0.924297	0.0111738
0.924308	0.0111983
0.924516	0.0112026
0.92427	0.011227
0.924283	0.0112571
0.924256	0.0112931
0.924263	0.0113043
0.924263	0.0113224
0.924419	0.0113564
0.924457	0.0113527
0.924277	0.0113776
0.92427	0.0114513
0.924245	0.0114351
0.924235	0.0114243
0.924245	0.0114796
0.924235	0.0114553
0.924207	0.011507
0.924214	0.0115273
0.924224	0.011567
0.924169	0.011553
0.92419	0.0115934
0.924148	0.0116574
0.924158	0.0116295
0.924124	0.0116232
0.924051	0.0116247
0.924006	0.0116363
0.923992	0.0117233
0.924037	0.0116844
0.924044	0.0117139
0.92388	0.0116772
0.923995	0.0117425
0.923874	0.0117501
0.923839	0.0116836
0.923863	0.0117911
0.923853	0.0118228
0.92386	0.0118287
0.924054	0.0118726
0.924099	0.0118781
0.92386	0.0119139
0.923853	0.0119477
0.923849	0.0119233
0.923828	0.0118582
0.923832	0.0119085
0.923821	0.012007
0.92379	0.0120706
0.923835	0.0120251
0.923717	0.0120776
0.923752	0.0121124
0.923714	0.0121259
0.923669	0.0121525
0.923714	0.0121478
0.923728	0.0122096
0.923714	0.0121773
0.923617	0.0122062
0.923648	0.012217
0.92354	0.0122776
0.923502	0.0122908
0.923547	0.0123227
0.923474	0.0122947
0.923453	0.0123031
0.923443	0.0123376
0.923363	0.0123332
0.923446	0.0123338
0.923419	0.0123346
0.923457	0.0123802
0.923467	0.0124174
0.923398	0.0123782
0.923328	0.0123447
0.923318	0.0123847
0.923339	0.0124133
0.923318	0.0124059
0.92346	0.012433
0.923332	0.0124835
0.923335	0.0124915
0.923464	0.012454
0.923307	0.0124829
0.923311	0.012605
0.923311	0.0125306
0.9233	0.0125442
0.923439	0.01254
0.923318	0.012557
0.923311	0.0125847
0.923401	0.0126065
0.923401	0.0126423
0.923293	0.012662
0.923314	0.0126278
0.923304	0.0126244
0.923307	0.0126198
0.923311	0.0126664
0.923325	0.0126704
0.923255	0.0126682
0.923283	0.0127663
0.923311	0.0128003
0.923293	0.012781
0.923339	0.0127627
0.923283	0.0127944
0.923307	0.0128522
0.923307	0.0128146
0.923127	0.012819
0.923141	0.0128561
0.923172	0.0128471
0.923193	0.0129285
0.923054	0.0129437
0.923224	0.0128993
0.923064	0.0128781
0.92304	0.0128885
0.923231	0.0129193
0.92305	0.0129551
0.923154	0.0130233
0.923154	0.012978
0.92313	0.0129982
0.923089	0.0129953
0.923054	0.0130444
0.923064	0.0130573
0.923113	0.0130605
0.923061	0.0130313
0.923016	0.0130027
0.922988	0.0130887
0.92305	0.0130668
0.922984	0.0131082
0.922977	0.0130878
0.923016	0.013153
0.922991	0.0131421
0.923009	0.0131449
0.922943	0.0132113
0.92297	0.0132112
0.922936	0.0132419
0.922918	0.0132371
0.922894	0.0131901
0.922984	0.0132158
0.922918	0.0132615
0.92287	0.0132801
0.922831	0.0132744
0.922901	0.0132901
0.922901	0.0133485
0.922894	0.0133357
0.922897	0.0133261
0.922738	0.0133197
0.922665	0.0133049
0.92263	0.0133313
0.922626	0.0133382
0.922647	0.0132604
0.922891	0.0133903
0.922821	0.0133845
0.922738	0.0134596
0.922637	0.0134729
0.922693	0.0134473
0.922651	0.0134312
0.922668	0.0134389
0.922602	0.0134571
0.922554	0.0134507
0.922606	0.0134808
0.922484	0.0134608
0.922564	0.0135167
0.922526	0.0135272
0.922515	0.0135125
0.922529	0.0135077
0.922526	0.0135176
0.922477	0.0135492
0.92238	0.0135174
0.922376	0.0135321
0.922404	0.0135311
0.92238	0.0135415
0.922279	0.0135535
0.922272	0.0135256
0.92223	0.0135406
0.922338	0.0135981
0.922227	0.0136135
0.922189	0.0135767
0.922241	0.0135666
0.922192	0.0135852
0.922206	0.0135788
0.922237	0.0136311
0.922133	0.0136131
0.922105	0.0136274
0.922199	0.0136219
0.922095	0.0136345
0.922088	0.0136402
0.922178	0.0136427
0.922098	0.0136883
0.922161	0.0135583
0.922095	0.0135949
0.922102	0.0136178
0.922092	0.0136927
0.922102	0.0136906
0.922112	0.0136899
0.921845	0.0136445
0.92206	0.0136795
0.921942	0.013693
0.921841	0.0137312
0.921904	0.0137411
0.921876	0.0137144
0.921824	0.0137189
0.921866	0.0137334
0.921793	0.013722
0.921765	0.0137302
0.921768	0.0137336
0.921848	0.0136904
0.921765	0.0136104
0.921744	0.0137289
0.921741	0.0137045
0.921727	0.0137352
0.921709	0.0137068
0.921692	0.0137335
0.921682	0.0137697
0.921605	0.0137275
0.921487	0.0137795
0.921685	0.0137671
0.921425	0.0137725
0.921438	0.0138002
0.921494	0.0137715
0.921529	0.0137055
0.921591	0.0137366
0.921428	0.0136984
0.921428	0.0137103
0.921445	0.0137191
0.921418	0.0137573
0.921432	0.01376
0.921432	0.013776
0.921428	0.0137483
0.921303	0.0137555
0.921428	0.0137708
0.921414	0.0137593
0.921428	0.0137472
0.921421	0.0136556
0.921428	0.0137736
0.921428	0.0137976
0.921411	0.0137844
0.921418	0.0137627
0.921383	0.0137719
0.921352	0.0137699
0.921435	0.0137711
0.921393	0.0137799
0.92139	0.0137176
0.921369	0.0137535
0.921418	0.0137259
0.92132	0.0137872
0.921369	0.0137568
0.921275	0.0137943
0.9213	0.0137493
0.921317	0.0137887
0.921327	0.0137385
0.921313	0.0137912
0.921282	0.0137953
0.921338	0.0137667
0.921279	0.0137741
0.9213	0.0137615
0.921251	0.0137608
0.921157	0.0136623
0.921223	0.0136609
0.921237	0.0137989
0.921102	0.0137747
0.92123	0.013809
0.921143	0.0138175
0.921115	0.0137903
0.921109	0.013809
0.92107	0.0138097
0.921181	0.0138311
0.921039	0.0138452
0.921077	0.0138487
0.92122	0.0138227
0.921081	0.0138151
0.921063	0.0137915
0.921122	0.0137823
0.92107	0.0138007
0.921102	0.0137571
0.921133	0.0137962
0.92106	0.0137818
0.921084	0.0138234
0.92115	0.0138502
0.921077	0.0138245
0.921025	0.0138106
0.921004	0.0137852
0.921022	0.0138128
0.921018	0.0138142
0.92097	0.0138273
0.92098	0.0138306
0.920928	0.0138254
0.921025	0.0138219
0.920917	0.0138048
0.920876	0.0138276
0.920928	0.0138374
0.920886	0.0138778
0.920883	0.0138299
0.920879	0.0138339
0.920959	0.0138292
0.920876	0.0138255
0.92098	0.0138758
0.920942	0.0138568
0.920872	0.0138834
0.920865	0.0138383
0.920869	0.0138248
0.920799	0.01384
0.920712	0.013873
0.920817	0.0138263
0.920622	0.0137527
0.920584	0.0138156
0.920525	0.013848
0.920615	0.0138559
0.92057	0.0138312
0.920574	0.0137936
0.920629	0.0137916
0.920622	0.013821
0.920483	0.0136854
0.920452	0.01379
0.920591	0.0136401
0.92056	0.0137977
0.920459	0.0137843
0.920487	0.0137598
0.920476	0.0137508
0.920459	0.0137526
0.920455	0.0137561
0.920483	0.0137775
0.920459	0.0137081
0.920393	0.0137413
0.920323	0.0137408
0.920414	0.0137178
0.92032	0.0136988
0.920445	0.0136936
0.920285	0.0137211
0.920202	0.0137142
0.920442	0.0137197
0.920327	0.0136831
0.920261	0.0137043
0.920184	0.013696
0.92031	0.0136566
0.920184	0.0136456
0.920198	0.0136645
0.920167	0.0136586
0.920212	0.0135176
0.920125	0.0136653
0.920098	0.0135999
0.92008	0.0136482
0.920063	0.0136702
0.920049	0.0135155
0.919875	0.0136092
0.91982	0.0136524
0.920056	0.0136767
0.919802	0.0136058
0.919795	0.0136391
0.919841	0.0136482
0.920056	0.0136827
0.91992	0.0136495
0.920035	0.0136069
0.919788	0.0136183
0.919802	0.0136761
0.919778	0.0136312
0.919785	0.0136047
0.919757	0.0136247
0.919757	0.0135971
0.91974	0.0135933
0.919736	0.0135997
0.919688	0.0135834
0.919663	0.01358
0.919688	0.0135764
0.919643	0.0136065
0.919656	0.0135964
0.919604	0.0136046
0.919552	0.0135808
0.919622	0.0135863
0.919625	0.0135343
0.919486	0.0135633
0.919573	0.0135356
0.919424	0.0136313
0.919493	0.0136293
0.919472	0.0136201
0.919399	0.0135842
0.919379	0.0136083
0.919389	0.0136558
0.919358	0.0136127
0.919392	0.0135571
0.919361	0.0136107
0.919382	0.0136332
0.919351	0.0136604
0.919372	0.0136248
0.919386	0.0135896
0.919386	0.0135864
0.919326	0.0135777
0.919292	0.0135735
0.919247	0.0135347
0.919254	0.0135387
0.919236	0.0135637
0.919375	0.0135536
0.919222	0.013551
0.919226	0.0135504
0.91924	0.0135016
0.919236	0.0135068
0.919302	0.0135312
0.919274	0.0135087
0.919219	0.0135446
0.919247	0.0135519
0.919219	0.0135678
0.919212	0.0135679
0.919163	0.0135817
0.919212	0.0135917
0.919233	0.0135621
0.919219	0.0135664
0.919215	0.0135691
0.919226	0.0135686
0.919205	0.0135078
0.919229	0.0135943
0.919212	0.0135488
0.919135	0.013568
0.919128	0.0135586
0.919146	0.0135279
0.919177	0.0135002
0.919181	0.0135999
0.919219	0.0135896
0.919135	0.0136164
0.91916	0.0135732
0.91908	0.0135781
0.919156	0.0135608
0.919122	0.013598
0.919108	0.0136173
0.919142	0.013624
0.919094	0.0136371
0.918969	0.0136562
0.919021	0.0136613
0.918958	0.0136171
0.918976	0.0136217
0.918976	0.0136421
0.919038	0.0136444
0.918976	0.013636
0.918983	0.0136731
0.918983	0.0137108
0.918969	0.0138062
0.918917	0.0137148
0.91891	0.0136824
0.918864	0.0136993
0.918861	0.0137461
0.918889	0.0137255
0.91884	0.0137977
0.918851	0.0136949
0.918864	0.0137371
0.918917	0.013753
0.918833	0.0137228
0.918778	0.0138292
0.918819	0.0137641
0.918743	0.0138285
0.918805	0.0138412
0.918819	0.0137962
0.918656	0.0138548
0.918552	0.013848
0.918548	0.0138514
0.918552	0.0138529
0.918802	0.0138541
0.918548	0.0138705
0.918559	0.0138872
0.918548	0.0138866
0.918555	0.0139383
0.91859	0.01394
0.918566	0.0138972
0.918569	0.0139452
0.918528	0.0139453
0.918503	0.0139329
0.918496	0.0139329
0.91843	0.0138775
0.918441	0.0139197
0.91843	0.0138741
0.91842	0.0139204
0.918364	0.0138232
0.918316	0.0139634
0.91825	0.0139079
0.918312	0.0138962
0.918288	0.0139946
0.918208	0.0140435
0.918145	0.0139718
0.918177	0.013849
0.918111	0.0140044
0.9181	0.0139528
0.918163	0.014022
0.918059	0.0140077
0.918156	0.0140065
0.918013	0.0140553
0.918149	0.0140245
0.918152	0.014053
0.918034	0.0140797
0.918	0.0140626
0.918	0.0139122
0.918003	0.013999
0.917986	0.0140434
0.917996	0.014012
0.918003	0.013999
0.918013	0.0139983
0.918	0.0140669
0.917958	0.0140351
0.918	0.0140503
0.917864	0.0140989
0.917979	0.0141621
0.917885	0.0141503
0.917739	0.0141657
0.917753	0.0141695
0.917729	0.01421
0.917725	0.0141694
0.917701	0.0141631
0.917666	0.0140299
0.917656	0.0140925
0.917586	0.0140989
0.9176	0.0141999
0.917496	0.0143068
0.917586	0.0142607
0.91744	0.0142525
0.917593	0.0142702
0.917579	0.0143113
0.917416	0.0143006
0.91744	0.0142686
0.917444	0.0142825
0.917423	0.0142681
0.917343	0.0142722
0.917583	0.0142719
0.917472	0.0142861
0.917419	0.0142712
0.91735	0.014252
0.91734	0.0142814
0.917346	0.0142576
0.91735	0.0142614
0.917353	0.0142929
0.917336	0.0143392
0.917329	0.0143747
0.917333	0.0143926
0.91734	0.0144012
0.917343	0.0144562
0.917308	0.0143764
0.91734	0.0144136
0.917315	0.0143976
0.917346	0.0144399
0.917308	0.0144507
0.917291	0.0145003
0.917287	0.014445
0.917253	0.0145275
0.917239	0.0145539
0.917204	0.0145498
0.917232	0.0145414
0.917277	0.0145062
0.917246	0.0144955
0.917221	0.014527
0.917107	0.014449
0.917166	0.0144668
0.917016	0.0144868
0.917148	0.0145095
0.917051	0.0146047
0.917082	0.0144878
0.917058	0.0143617
0.916985	0.0143873
0.91702	0.0146352
0.916996	0.0144272
0.916978	0.0146474
0.916978	0.0146291
0.917183	0.0146498
0.916937	0.0145367
0.916923	0.014592
0.91693	0.0146656
0.916919	0.0146778
0.91693	0.0146598
0.917107	0.0145825
0.916947	0.014701
0.91693	0.0147015
0.91693	0.0148478
0.916937	0.014831
0.916944	0.0148605
0.916839	0.0147986
0.916982	0.01483
0.916923	0.0147988
0.917037	0.0148422
0.916957	0.0149792
0.916933	0.0149532
0.916947	0.0149271
0.916905	0.014863
0.91678	0.0149629
0.916905	0.0149871
0.916923	0.0149758
0.916978	0.0148999
0.916919	0.0150331
0.916891	0.0150622
0.916864	0.0150951
0.916846	0.0150967
0.916867	0.0150806
0.91677	0.0151832
0.916784	0.015113
0.916836	0.0151022
0.916839	0.0151156
0.91677	0.0151022
0.916822	0.0151123
0.916836	0.0151197
0.916798	0.0152487
0.916822	0.0152357
0.91668	0.0152288
0.916725	0.0151939
0.916721	0.0152396
0.916534	0.0153024
0.916527	0.0152664
0.916541	0.0151704
0.916523	0.0152309
0.91653	0.015207
0.916488	0.0152363
0.916509	0.0152394
0.916523	0.0152661
0.916523	0.0153051
0.916297	0.0152955
0.916384	0.0153093
0.916377	0.0153126
0.916391	0.0153161
0.916381	0.0153469
0.916412	0.0153635
0.916367	0.0153583
0.916395	0.015381
0.91637	0.0153827
0.916346	0.0154719
0.916363	0.0154468
0.916273	0.0154582
0.916329	0.0154293
0.9162	0.0154694
0.916186	0.0154565
0.916131	0.0155128
0.916266	0.0155122
0.91611	0.0155602
0.916259	0.0155278
0.916051	0.0155945
0.916127	0.0155649
0.91604	0.0155722
0.916075	0.0155712
0.916117	0.015568
0.916079	0.0156001
0.916047	0.0156062
0.916044	0.0156315
0.916023	0.0156212
0.91594	0.0156885
0.91594	0.0156538
0.91594	0.0156842
0.915971	0.0157756
0.915797	0.0157685
0.915912	0.0157701
0.915794	0.0157481
0.915742	0.0158157
0.915964	0.0157884
0.91569	0.0158446
0.915901	0.0159345
0.915717	0.0158915
0.915971	0.0158777
0.915696	0.0159389
0.915703	0.015895
0.915776	0.0158797
0.915714	0.015927
0.91571	0.0159586
0.915742	0.0159588
0.915714	0.0159943
0.915637	0.0160277
0.91563	0.0159482
0.915582	0.0160185
0.915585	0.0160123
0.915561	0.0160689
0.915561	0.0160474
0.915498	0.0160364
0.915384	0.016091
0.915318	0.0161849
0.915307	0.016111
0.915321	0.0161861
0.915255	0.0162245
0.915318	0.0162009
0.915266	0.0161877
0.91528	0.0161426
0.9153	0.0162063
0.915189	0.0161897
0.915228	0.0162122
0.915224	0.0162302
0.915189	0.0162563
0.915234	0.0163288
0.915162	0.0161779
0.915182	0.0163314
0.915294	0.0163106
0.915175	0.016375
0.91529	0.0164026
0.915252	0.0164102
0.915165	0.0164226
0.915165	0.0164699
0.915162	0.0164337
0.915276	0.0165436
0.915155	0.01656
0.915148	0.016534
0.915207	0.0165243
0.915168	0.0166327
0.915106	0.0166042
0.915134	0.0165757
0.915162	0.0165854
0.915106	0.0166583
0.915127	0.0165214
0.915071	0.0167474
0.915082	0.0168336
0.914998	0.0168552
0.915075	0.0168354
0.915005	0.0165998
0.915057	0.0168983
0.914932	0.0169235
0.914977	0.0169377
0.914929	0.0169765
0.914967	0.0170051
0.915026	0.0169808
0.914859	0.0170383
0.914845	0.0170418
0.914898	0.0170926
0.914842	0.0170965
0.914887	0.0171284
0.914835	0.017138
0.914835	0.0172484
0.914821	0.0172224
0.91488	0.0172706
0.914866	0.0172693
0.914856	0.017365
0.914825	0.0173539
0.914842	0.0173915
0.91479	0.0173888
0.914838	0.0174447
0.914745	0.0174639
0.914779	0.017448
0.914793	0.0173115
0.914807	0.0173466
0.914766	0.0174185
0.914772	0.0175922
0.914748	0.0176353
0.914752	0.0176887
0.914717	0.0177005
0.914759	0.017745
0.914668	0.0175705
0.914752	0.0177942
0.914564	0.0176874
0.914738	0.0178711
0.914741	0.0178905
0.914585	0.0179311
0.914578	0.0180055
0.914529	0.0180793
0.914599	0.0180918
0.914495	0.0181902
0.914505	0.0180605
0.914495	0.018082
0.914495	0.0181275
0.914623	0.0182954
0.914505	0.0181972
0.914488	0.0182553
0.914495	0.0183395
0.914508	0.0184036
0.914356	0.0184192
0.914429	0.0183657
0.914446	0.0184933
0.914477	0.0183932
0.914373	0.0184825
0.914356	0.0184831
0.914359	0.0185367
0.914224	0.0186758
0.914238	0.0187747
0.914171	0.0186099
0.914081	0.018654
0.914081	0.018736
0.914081	0.0187412
0.914071	0.0188905
0.914078	0.0188021
0.914005	0.0189123
0.914015	0.0190026
0.91398	0.0191124
0.91396	0.0191852
0.91398	0.0192052
0.913932	0.0191168
0.914074	0.0192064
0.913911	0.0192852
0.914078	0.0192917
0.913914	0.0194106
0.913908	0.0193232
0.913914	0.0195086
0.913918	0.0194267
0.913852	0.0196618
0.913657	0.0197515
0.913661	0.0198065
0.913501	0.0195471
0.913543	0.0197055
0.913397	0.0195474
0.91339	0.0198752
0.913237	0.0198619
0.913192	0.0199453
0.913248	0.0200737
0.913192	0.0198913
0.913168	0.0201385
0.913188	0.0201856
0.913188	0.0201522
0.913213	0.0203253
0.913213	0.0205055
0.913248	0.0204956
0.913286	0.0204878
0.913307	0.0205664
0.913303	0.0206478
0.913286	0.0206726
0.913428	0.0207378
0.913341	0.0210471
0.913508	0.0210177
0.913512	0.0210987
0.913498	0.0212919
0.913505	0.0213015
0.913463	0.0213255
0.913452	0.0214136
0.913446	0.0216701
0.913515	0.0216498
0.913435	0.0218449
0.913421	0.0218245
0.913341	0.0220321
0.913258	0.0220474
0.913248	0.0222591
0.913303	0.0222596
0.913202	0.0224556
0.913237	0.0225608
0.913202	0.022537
0.913227	0.022698
0.913147	0.0227352
0.913147	0.0229141
0.913119	0.0230252
0.913147	0.0228479
0.913015	0.0230258
0.913143	0.023032
0.913098	0.023137
0.913122	0.0234018
0.913147	0.0235438
0.913102	0.0235779
0.913025	0.0237187
0.913091	0.0236646
0.912997	0.0238895
0.913018	0.0239509
0.913109	0.023954
0.913102	0.0241657
0.913088	0.0245541
0.912942	0.0246813
0.912852	0.0247889
0.912855	0.0247665
0.912963	0.0249216
0.912858	0.0251255
0.912897	0.0251555
0.912838	0.0252739
0.912834	0.0255349
0.912852	0.0257384
0.912848	0.0260446
0.912841	0.0260738
0.912838	0.0263769
0.912876	0.0263807
0.912713	0.026514
0.912834	0.0268663
0.912813	0.0271426
0.912831	0.0273559
0.912841	0.027339
0.912862	0.0274225
0.912893	0.0275821
0.913011	0.0278849
0.912852	0.0282219
0.912845	0.0282044
0.912852	0.0284038
0.912824	0.0286484
0.912831	0.0287761
0.912761	0.0292433
0.912813	0.0292793
0.912813	0.0297755
0.912775	0.029849
0.912789	0.0299156
0.912761	0.0301664
0.91273	0.0303859
0.91272	0.0305639
0.912779	0.0309095
0.912678	0.0311565
0.912706	0.0313667
0.912695	0.0316523
0.912581	0.0316754
0.912546	0.0314812
0.912608	0.0323169
0.912654	0.0324653
0.912522	0.0326813
0.912605	0.0326113
0.912598	0.0332299
0.912587	0.033478
0.912442	0.0338044
0.91248	0.0339156
0.912428	0.0341348
0.912431	0.0343386
0.912417	0.0346108
0.912393	0.034774
0.912414	0.0350985
0.912396	0.0356435
0.912379	0.0357511
0.912348	0.036015
0.912438	0.0360939
0.91231	0.0365504
0.912271	0.0369473
0.912282	0.0372512
0.912431	0.0376612
0.912289	0.0378013
0.912334	0.0383712
0.912341	0.038606
0.912275	0.03859
0.912285	0.0389293
0.91216	0.0392109
0.912223	0.0394877
0.912209	0.0398473
0.912181	0.0402797
0.912126	0.040559
0.912028	0.0408888
0.912011	0.0411413
0.91199	0.0413796
0.911921	0.0418349
0.9119	0.0421108
0.911955	0.0423386
0.911914	0.0428067
0.911882	0.0430431
0.911875	0.0433386
0.91182	0.0435411
0.911879	0.0439356
0.911875	0.0445766
0.911615	0.0448945
0.911618	0.0451467
0.911618	0.0453431
0.911622	0.0454919
0.911611	0.0457423
0.911545	0.0468449
0.911615	0.0470514
0.911691	0.0474901
0.911629	0.0479529
0.91158	0.0484081
0.911604	0.0482746
0.911611	0.0492872
0.911601	0.0496469
0.911618	0.0498366
0.911545	0.0503081
0.911549	0.0507206
0.911476	0.0514276
0.911445	0.0517984
0.911462	0.0518855
0.911344	0.0527843
0.911264	0.0531168
0.911306	0.0534376
0.911243	0.0538686
0.911261	0.0543485
0.911222	0.0550229
0.911195	0.0554816
0.911215	0.056318
0.911188	0.0571185
0.911215	0.0575475
0.911222	0.0574147
0.911215	0.0583279
0.91109	0.0589008
0.911073	0.0593721
0.911195	0.0601404
0.911097	0.0605356
0.911056	0.0609064
0.911049	0.0614841
0.911094	0.0622107
0.911035	0.0630088
0.910976	0.0634064
0.911003	0.064006
0.910872	0.0648957
0.910889	0.0654124
0.91083	0.0658962
0.910795	0.0665048
0.910809	0.0670709
0.910746	0.0671294
0.910781	0.0679252
0.910701	0.0684519
0.91076	0.0690723
0.910715	0.069659
0.91068	0.0702794
0.91066	0.0708708
0.910562	0.0713524
0.910545	0.0718212
0.910649	0.0728308
0.910628	0.0730574
0.910566	0.0744084
0.910566	0.0749161
0.91058	0.0755357
0.910646	0.075891
0.910635	0.0772004
0.910646	0.0779659
0.910375	0.078783
0.910628	0.0796057
0.91051	0.0799129
0.910389	0.080211
0.910357	0.0814763
0.910548	0.0823804
0.910403	0.0830684
0.910403	0.0835608
0.910399	0.0841997
0.910406	0.0848983
0.910385	0.0857287
0.910371	0.0866145
0.910344	0.0883035
0.910371	0.0886969
0.910326	0.0894355
0.910364	0.0904244
0.91035	0.0921119
0.910316	0.0924156
0.910229	0.0932853
0.910281	0.0941333
0.910243	0.0955907
0.910201	0.0962598
0.910232	0.0967333
0.910243	0.0977706
0.910215	0.0987855
0.910243	0.099982
0.910239	0.100608
0.91	0.101907
0.910236	0.101906
0.909979	0.103269
0.91018	0.104449
0.909986	0.105275
0.9101	0.10657
0.909986	0.107545
0.909968	0.108012
0.909947	0.10886
0.909947	0.109997
0.909951	0.111482
0.909947	0.112183
0.909937	0.113049
0.909913	0.113827
0.90992	0.115344
0.90984	0.116006
0.909881	0.116916
0.909871	0.117468
0.909871	0.118899
0.909829	0.120114
0.909743	0.12184
0.909652	0.121699
0.909638	0.122899
0.909631	0.123705
0.909572	0.124919
0.909597	0.126051
0.909586	0.127408
0.909503	0.128625
0.909538	0.12902
0.909562	0.130405
0.909416	0.13193
0.909416	0.131999
0.909419	0.132698
0.909513	0.13409
0.909423	0.134776
0.909468	0.136187
0.909371	0.137142
0.909333	0.137654
0.909308	0.138972
0.909256	0.139844
0.909194	0.141703
0.909114	0.142804
0.909093	0.143614
0.909055	0.143844
0.908996	0.14503
0.90901	0.146688
0.908996	0.147811
0.908992	0.14902
0.90878	0.14958
0.908777	0.15094
0.908732	0.151899
0.908739	0.152894
0.908916	0.154501
0.908801	0.155224
0.908784	0.157261
0.908718	0.157615
0.908721	0.158971
0.908655	0.160661
0.908687	0.16232
0.908582	0.16378
0.908582	0.164763
0.908541	0.166032
0.908416	0.167408
0.908429	0.168524
0.908357	0.168485
0.908308	0.168864
0.908252	0.170656
0.908211	0.172069
0.90827	0.173295
0.908249	0.174993
0.908159	0.17619
0.908179	0.177933
0.908183	0.178562
0.908113	0.179994
0.90804	0.180872
0.907961	0.181741
0.907901	0.183878
0.907891	0.184254
0.907884	0.186865
0.907769	0.189274
0.907787	0.190045
0.90761	0.191034
0.907773	0.193037
0.907756	0.193479
0.907756	0.195536
0.907509	0.196638
0.907512	0.19712
0.907512	0.198994
0.907509	0.19929
0.907443	0.200895
0.907474	0.203954
0.907377	0.204643
0.907335	0.204855
0.9072	0.208146
0.907165	0.208825
0.907109	0.21053
0.907019	0.213132
0.907096	0.21433
0.907103	0.216437
0.906971	0.217591
0.906943	0.218376
0.90695	0.220556
0.906988	0.222611
0.906953	0.223729
0.906953	0.225775
0.906707	0.226608
0.906689	0.228763
0.906686	0.22955
0.9067	0.231139
0.906696	0.232504
0.906682	0.23405
0.906529	0.236378
0.906359	0.237105
0.90654	0.238707
0.906536	0.237799
0.906505	0.242929
0.906432	0.245147
0.906383	0.24662
0.9063	0.247462
0.906272	0.248834
0.906331	0.250508
0.90622	0.250074
0.906175	0.254436
0.906074	0.256979
0.906116	0.258473
0.905949	0.25945
0.905949	0.261669
0.905904	0.263155
0.905869	0.264415
0.90588	0.265759
0.905855	0.268253
0.905859	0.270421
0.905772	0.271028
0.905755	0.273046
0.905696	0.274877
0.905626	0.276603
0.905585	0.279104
0.905463	0.279898
0.905387	0.281544
0.905459	0.283339
0.905442	0.284219
0.905387	0.286365
0.90539	0.287327
0.905189	0.288361
0.905237	0.290922
0.905182	0.29258
0.905084	0.293587
0.904963	0.29574
0.904918	0.296481
0.904949	0.299008
0.904893	0.301771
0.904782	0.302636
0.904671	0.303552
0.904883	0.305837
0.904629	0.306812
0.904608	0.308386
0.904626	0.310179
0.904598	0.311847
0.90457	0.313575
0.904497	0.31638
0.904372	0.317678
0.904223	0.31874
0.90423	0.320405
0.904139	0.323409
0.904105	0.325181
0.904209	0.328227
0.904056	0.327638
0.90407	0.331475
0.904021	0.332351
0.904067	0.335218
0.90398	0.337385
0.903948	0.339358
0.903816	0.338961
0.903785	0.338381
0.903671	0.342184
0.903667	0.344151
0.903566	0.347417
0.903393	0.348629
0.903393	0.349676
0.903417	0.351251
0.903403	0.35257
0.90332	0.353353
0.903275	0.353465
0.903268	0.355117
0.903042	0.357807
0.903129	0.357821
0.903017	0.3599
0.902976	0.360239
0.903014	0.361713
0.902903	0.364426
0.902792	0.366883
0.902615	0.370102
0.902844	0.369448
0.902608	0.370997
0.902451	0.372643
0.9025	0.374575
0.902448	0.377973
0.902326	0.378242
0.902187	0.381212
0.902121	0.382577
0.902114	0.384011
0.902007	0.386421
0.902048	0.388115
0.902	0.390678
0.901791	0.390574
0.901781	0.393199
0.901729	0.394051
0.901691	0.397617
0.901545	0.399024
0.901451	0.400804
0.901416	0.402481
0.901409	0.405304
0.901274	0.407355
0.90135	0.408654
0.90118	0.411453
0.901096	0.413874
0.900999	0.415442
0.900909	0.417264
0.900839	0.418483
0.900628	0.420289
0.900784	0.42052
0.900603	0.42294
0.900509	0.42305
0.900485	0.426721
0.900426	0.429146
0.900165	0.426276
0.900183	0.432352
0.900068	0.431299
0.900027	0.437772
0.900016	0.44064
0.899919	0.443212
0.899808	0.445113
0.899773	0.44704
0.899617	0.441612
0.899648	0.448625
0.899596	0.447923
0.899585	0.448942
0.899363	0.455623
0.899301	0.458684
0.899203	0.459854
0.8992	0.462694
0.899196	0.465093
0.898946	0.467037
0.898922	0.468325
0.898835	0.471578
0.898755	0.471888
0.898588	0.473855
0.898547	0.475384
0.898404	0.477431
0.898439	0.478875
0.898324	0.477021
0.898342	0.48378
0.898029	0.478854
0.89797	0.486023
0.897963	0.48611
0.89797	0.489459
0.89772	0.491256
0.89771	0.49447
0.897637	0.49623
0.897578	0.498964
0.89739	0.498017
0.8973	0.5
0.897286	0.500594
0.897296	0.506167
0.897154	0.507309
0.897119	0.506652
0.89698	0.50717
0.896803	0.511954
0.89674	0.51137
0.896633	0.516489
0.896605	0.515595
0.896542	0.51773
0.896383	0.518434
0.896334	0.520773
0.896313	0.522245
0.896285	0.523544
0.89608	0.526174
0.89599	0.529816
0.89583	0.529363
0.895705	0.530404
0.895646	0.533477
0.895539	0.535004
0.895584	0.536771
0.895497	0.540808
0.89525	0.540186
0.895146	0.542274
0.895149	0.540594
0.895	0.547013
0.894833	0.547951
0.894958	0.55211
0.894813	0.551243
0.894667	0.552583
0.894476	0.553774
0.894392	0.55561
0.894354	0.556848
0.894253	0.557697
0.894236	0.559564
0.894021	0.56122
0.893934	0.564687
0.893871	0.562496
0.893739	0.561007
0.893826	0.56497
0.89359	0.56662
0.89352	0.569576
0.89334	0.570925
0.893232	0.57261
0.893138	0.573419
0.893149	0.572244
0.893034	0.573908
0.892975	0.576322
0.89278	0.575774
0.892739	0.576082
0.892617	0.576047
0.892492	0.578322
0.892329	0.580713
0.892239	0.581874
0.892079	0.581563
0.89219	0.582567
0.892009	0.582813
0.891818	0.583825
0.891728	0.584591
0.891558	0.585462
0.891422	0.585643
0.891401	0.587931
0.891262	0.588797
0.891106	0.588711
0.891047	0.589301
0.890971	0.589812
0.890925	0.590183
0.890814	0.592184
0.890686	0.590288
0.890429	0.593703
0.890325	0.594654
0.890199	0.595598
0.890189	0.596736
0.890022	0.595809
0.889883	0.597932
0.889751	0.596678
0.889505	0.597601
0.889515	0.598825
0.88946	0.598159
0.889366	0.598385
0.889355	0.59775
0.889185	0.599917
0.889077	0.601015
0.888879	0.601866
0.888674	0.601201
0.888695	0.602017
0.888546	0.602127
0.88849	0.602461
0.88824	0.60227
0.88814	0.603305
0.888143	0.605571
0.887889	0.605772
0.887823	0.605285
0.88774	0.607475
0.887473	0.606617
0.887487	0.606883
0.887396	0.607707
0.887216	0.606892
0.887028	0.607991
0.886906	0.609049
0.88691	0.609037
0.886656	0.610156
0.88658	0.609868
0.886385	0.610046
0.88625	0.609671
0.886097	0.610076
0.886114	0.609904
0.88592	0.610037
0.885784	0.611545
0.885816	0.610437
0.885666	0.610564
0.885357	0.610789
0.885267	0.610756
0.885284	0.610809
0.885138	0.61345
0.884937	0.610009
0.884801	0.614773
0.884537	0.613526
0.884603	0.613414
0.884447	0.612327
0.884339	0.61277
0.88403	0.613336
0.88403	0.613462
0.884041	0.613135
0.883784	0.61429
0.883648	0.613684
0.883495	0.613713
0.883322	0.615679
0.883287	0.616599
0.883231	0.614387
0.882957	0.615182
0.882866	0.614634
0.882832	0.614058
0.882686	0.615901
0.882547	0.616454
0.882422	0.615945
0.882429	0.617161
0.882231	0.614265
0.882092	0.614412
0.881963	0.614198
0.881741	0.614263
0.881751	0.614414
0.881606	0.616541
0.88139	0.616978
0.881265	0.615852
0.881196	0.61751
0.881189	0.616346
0.880987	0.615564
0.880886	0.615074
0.880706	0.6173
0.880536	0.616285
0.880421	0.616157
0.880421	0.615858
0.880223	0.616906
0.880046	0.615498
0.879983	0.615259
0.879987	0.617098
0.879719	0.617517
0.879657	0.6159
0.879487	0.617343
0.879313	0.615686
0.879292	0.617978
0.879181	0.616821
0.878952	0.616675
0.878906	0.614991
0.878868	0.614195
0.878792	0.618143
0.878569	0.618371
0.878389	0.618591
0.878368	0.620166
0.878319	0.61898
0.878177	0.619225
0.878017	0.618775
0.877812	0.618071
0.877656	0.618109
0.877708	0.619026
0.877649	0.620773
0.877423	0.621427
0.877333	0.621367
0.877124	0.618833
0.877183	0.621367
0.876937	0.620444
0.876794	0.6206
0.876694	0.622326
0.876503	0.622191
0.876496	0.621432
0.876398	0.620449
0.876221	0.62027
0.875989	0.62016
0.875989	0.619531
0.875933	0.620092
0.875836	0.62156
0.875596	0.622339
0.87569	0.622235
0.875523	0.620812
0.875374	0.622941
0.875214	0.622917
0.875051	0.622133
0.874863	0.623199
0.874995	0.622233
0.87479	0.623618
0.874634	0.624308
0.87446	0.622896
0.874384	0.622736
0.874325	0.623286
0.87421	0.62331
0.874068	0.62234
0.873918	0.623388
0.873692	0.624966
0.873672	0.624287
0.873654	0.624772
0.873442	0.625813
0.873265	0.624268
0.873258	0.623209
0.873161	0.625668
0.872859	0.623884
0.872775	0.619635
0.87272	0.622861
0.872504	0.62497
0.872379	0.624355
0.8724	0.623949
0.872251	0.624496
0.872067	0.625428
0.872039	0.624831
0.871942	0.624532
0.871751	0.622148
0.87165	0.624052
0.871494	0.620405
0.871473	0.623924
0.87124	0.619066
0.871164	0.621137
0.870948	0.620193
0.870841	0.620721
0.87067	0.619688
0.87066	0.623763
0.870431	0.624989
0.870271	0.625811
0.870184	0.625949
0.870194	0.623716
0.869989	0.62627
0.869913	0.62491
0.869875	0.625151
0.869614	0.623674
0.869514	0.626066
0.869434	0.624078
0.869211	0.624673
0.869145	0.624175
0.869065	0.625733
0.868899	0.625176
0.868739	0.625372
0.868801	0.62541
0.868642	0.624791
0.868524	0.624694
0.868329	0.625962
0.868228	0.625271
0.867985	0.626218
0.867839	0.626093
0.867829	0.626067
0.867631	0.626957
0.867464	0.625522
0.867402	0.625914
0.867349	0.62491
0.867155	0.627384
0.867054	0.626938
0.866898	0.626927
0.866832	0.627119
0.866735	0.626032
0.866582	0.627408
0.86638	0.626115
0.866266	0.626604
0.865991	0.627281
0.866123	0.62835
0.865932	0.626715
0.865727	0.626595
0.865522	0.626409
0.865557	0.627274
0.865369	0.62587
0.865307	0.626665
0.865112	0.625026
0.865105	0.625384
0.865015	0.625618
0.864796	0.627981
0.864716	0.62926
0.864647	0.628176
0.86455	0.628625
0.864313	0.628223
0.864195	0.625339
0.864081	0.626892
0.863886	0.627152
0.86389	0.622809
0.863792	0.623215
0.863639	0.626358
0.86348	0.625278
0.863348	0.625219
0.863348	0.625964
0.86316	0.624336
0.863028	0.624791
0.862934	0.624589
0.862691	0.624189
0.862691	0.623357
0.862563	0.624339
0.862514	0.623978
0.862264	0.625183
0.86217	0.623098
0.862121	0.623559
0.861989	0.624302
0.861878	0.626822
0.861864	0.625043
0.861712	0.626412
0.861454	0.625807
0.861416	0.626241
0.86134	0.625325
0.861114	0.6251
0.861309	0.625938
0.860999	0.625513
0.860954	0.626324
0.860649	0.626017
0.860628	0.627036
0.860471	0.626185
0.860482	0.626077
0.860395	0.624193
0.860194	0.625238
0.860058	0.626107
0.859881	0.625234
0.859804	0.625569
0.859732	0.619951
0.859652	0.622652
0.859464	0.626997
0.859304	0.626947
0.859249	0.627063
0.859256	0.626742
0.858964	0.622117
0.858936	0.627126
0.858762	0.628824
0.858839	0.628911
0.858703	0.630245
0.858484	0.627427
0.858238	0.626107
0.858401	0.628466
0.858182	0.628714
0.858127	0.626845
0.857911	0.628423
0.857769	0.629113
0.857626	0.628944
0.857703	0.631218
0.857633	0.629301
0.857404	0.628503
0.857262	0.628711
0.857213	0.629203
0.856956	0.627103
0.856946	0.629235
0.856873	0.62905
0.856772	0.629297
0.856477	0.629439
0.856529	0.629262
0.856372	0.629515
0.856272	0.629291
0.85607	0.630079
0.856018	0.628039
0.855747	0.630691
0.855907	0.630447
0.855685	0.626232
0.855549	0.630088
0.855435	0.628136
0.85531	0.630945
0.855146	0.63025
0.855136	0.63104
0.854948	0.630468
0.854879	0.629424
0.854875	0.630594
0.854736	0.62991
0.854597	0.630614
0.854441	0.630001
0.854313	0.630032
0.854056	0.630517
0.854087	0.630909
0.854	0.628879
0.853826	0.630797
0.853642	0.632082
0.85358	0.632127
0.853514	0.632376
0.853413	0.631771
0.85327	0.632044
0.85309	0.629015
0.852968	0.625352
0.852847	0.628677
0.85284	0.628237
0.85269	0.630612
0.852496	0.630687
0.852409	0.631882
0.852277	0.629392
0.852277	0.622363
0.852096	0.627556
0.851916	0.629017
0.851846	0.630172
0.851631	0.629044
0.851711	0.628359
0.851554	0.630303
0.851443	0.626744
0.851367	0.629732
0.851224	0.628808
0.851106	0.630565
0.851033	0.628303
0.850808	0.629394
0.850811	0.627784
0.850644	0.626551
0.850644	0.62987
0.850335	0.628932
0.850231	0.627833
0.850255	0.626741
0.849998	0.626302
0.84996	0.627404
0.849842	0.62912
0.849592	0.628078
0.849512	0.626591
0.849561	0.627554
0.849436	0.625454
0.849237	0.626405
0.849078	0.627849
0.84905	0.630645
0.8488	0.630249
0.848796	0.629264
0.848671	0.628832
0.848612	0.627815
0.848373	0.629253
0.848393	0.628766
0.848244	0.629376
0.848112	0.626216
0.847973	0.627151
0.847817	0.626125
0.847817	0.626894
0.847678	0.62708
0.84757	0.6255
0.84732	0.624962
0.847205	0.624553
0.847157	0.625377
0.847115	0.626653
0.846997	0.626279
0.846806	0.623016
0.84675	0.625568
0.846587	0.627514
0.846608	0.627683
0.84634	0.627321
0.846288	0.626469
0.846167	0.626672
0.845937	0.62669
0.845917	0.628117
0.845917	0.62739
0.845799	0.627354
0.845517	0.627114
0.845465	0.627219
0.845496	0.625259
0.845187	0.627122
0.845305	0.627895
0.845083	0.627285
0.844989	0.627983
0.844777	0.628489
0.84468	0.628735
0.84468	0.628372
0.844656	0.628354
0.844517	0.627535
0.844527	0.626523
0.844374	0.625569
0.844228	0.626822
0.8441	0.626293
0.843902	0.62683
0.84386	0.627736
0.843704	0.6226
0.843687	0.62831
0.843436	0.628498
0.843412	0.626327
0.84328	0.624885
0.843179	0.627047
0.84302	0.627582
0.843006	0.629273
0.84295	0.627348
0.842839	0.627623
0.842631	0.627657
0.842624	0.627683
0.842474	0.629029
0.842367	0.628538
0.842384	0.629497
0.84212	0.630613
0.842023	0.630978
0.8418	0.628141
0.84187	0.628679
0.841766	0.628841
0.84163	0.623136
0.841592	0.628162
0.841383	0.629011
0.841293	0.62794
0.841258	0.629411
0.841175	0.62944
0.841227	0.62784
0.840866	0.626603
0.840932	0.628509
0.840835	0.630669
0.840675	0.630546
0.840525	0.628383
0.840421	0.630065
0.840421	0.631565
0.840164	0.629968
0.840164	0.630453
0.840018	0.630062
0.839984	0.630812
0.839723	0.631103
0.839761	0.631389
0.839702	0.6303
0.839605	0.631293
0.839511	0.630848
0.839244	0.631465
0.839209	0.629738
0.839237	0.633179
0.839143	0.627817
0.838896	0.632842
0.838785	0.629917
0.838625	0.632061
0.838525	0.632659
0.838486	0.633003
0.838431	0.63252
0.838274	0.633146
0.838122	0.633205
0.83801	0.633191
0.83784	0.632595
0.837951	0.633221
0.837698	0.631644
0.837667	0.632848
0.837656	0.633488
0.837552	0.630398
0.83735	0.63158
0.837267	0.6315
0.83717	0.623108
0.836892	0.631731
0.836888	0.632526
0.836888	0.631718
0.836736	0.631911
0.836562	0.630506
0.836451	0.632629
0.836354	0.631208
0.836239	0.631256
0.836319	0.632117
0.836159	0.630953
0.835954	0.631243
0.835839	0.629621
0.835673	0.631437
0.835666	0.632179
0.835621	0.630476
0.835402	0.63071
0.835284	0.631378
0.835207	0.631429
0.83512	0.631239
0.834881	0.631378
0.834877	0.631709
0.834856	0.63106
0.83462	0.631245
0.834707	0.629224
0.834551	0.630971
0.834311	0.629766
0.834308	0.63032
0.83404	0.631476
0.83405	0.631808
0.83404	0.631566
0.833918	0.630513
0.833814	0.629578
0.833613	0.62935
0.833557	0.62987
0.833477	0.629375
0.83338	0.627918
0.833231	0.628848
0.833137	0.628007
0.833005	0.628076
0.832817	0.62761
0.832901	0.629034
0.832772	0.628942
0.832605	0.629184
0.832491	0.628806
0.832327	0.627523
0.832199	0.629872
0.83207	0.629867
0.832133	0.628211
0.831973	0.628184
0.831904	0.628559
0.831653	0.629466
0.831577	0.627737
0.831577	0.627454
0.831438	0.629034
0.831264	0.627419
0.831198	0.628813
0.831181	0.626546
0.831132	0.625253
0.830848	0.6262
0.83098	0.628115
0.830729	0.623032
0.830709	0.623473
0.830393	0.622812
0.830615	0.618762
0.830382	0.626274
0.830264	0.622849
0.830236	0.624169
0.830128	0.625464
0.830069	0.624928
0.829819	0.624256
0.829854	0.626242
0.829576	0.621532
0.829559	0.62337
0.829548	0.625185
0.829312	0.624083
0.829399	0.625691
0.829149	0.623127
0.829055	0.625145
0.829055	0.625296
0.828749	0.626905
0.828739	0.624215
0.828746	0.627653
0.82869	0.627702
0.828652	0.62804
0.828343	0.624379
0.828228	0.625698
0.82834	0.625124
0.828072	0.627895
0.828187	0.62618
0.827923	0.626589
0.827909	0.62855
0.827773	0.626784
0.827603	0.627723
0.827759	0.629407
0.82753	0.630494
0.827388	0.630807
0.827304	0.629008
0.82737	0.628715
0.827113	0.628423
0.826971	0.628327
0.827075	0.628442
0.826929	0.628803
0.826783	0.630062
0.826606	0.628111
0.826641	0.629815
0.826551	0.629103
0.826499	0.628181
0.826283	0.63071
0.826252	0.629599
0.826162	0.629057
0.825925	0.632265
0.825884	0.630053
0.825904	0.630286
0.825845	0.626233
0.825762	0.628338
0.825599	0.627593
0.825515	0.62978
0.825373	0.629487
0.825359	0.626365
0.825366	0.628886
0.825189	0.629978
0.825057	0.628921
0.824953	0.629839
0.824848	0.632248
0.824696	0.630603
0.824696	0.630088
0.824657	0.629627
0.824595	0.629623
0.824397	0.629726
0.824248	0.627607
0.824293	0.62853
0.824199	0.629235
0.824126	0.628705
0.823876	0.629452
0.823879	0.631462
0.823858	0.63159
0.823737	0.630031
0.823667	0.630542
0.823473	0.631124
0.823386	0.632197
0.823341	0.631014
0.823188	0.629718
0.82307	0.63044
0.823084	0.631528
0.822952	0.631812
0.822896	0.631412
0.822684	0.630174
0.822601	0.630894
0.822396	0.630463
0.822545	0.629979
0.822274	0.630476
0.822215	0.631469
0.822208	0.631038
0.822118	0.630723
0.822118	0.629108
0.821878	0.629837
0.821858	0.629301
0.821715	0.631509
0.821601	0.63157
0.821479	0.630319
0.821371	0.630441
0.82133	0.631883
0.821118	0.631023
0.821156	0.630321
0.821045	0.630501
0.820934	0.627512
0.820913	0.62942
0.820916	0.628315
0.820746	0.629085
0.82067	0.628792
0.820496	0.629408
0.820336	0.630208
0.820253	0.630263
0.820263	0.628705
0.820201	0.625223
0.820058	0.627603
0.81986	0.626321
0.819753	0.625064
0.819694	0.630265
0.819676	0.630102
0.819534	0.629561
0.819388	0.627731
0.819322	0.630485
0.819193	0.628707
0.819047	0.629351
0.819044	0.628752
0.819027	0.625323
0.818891	0.629393
0.818794	0.629167
0.81861	0.628806
0.818499	0.629276
0.818474	0.631055
0.818242	0.632426
0.818367	0.630862
0.818231	0.631848
0.818099	0.631307
0.818047	0.632542
0.817821	0.631631
0.817814	0.631631
0.81779	0.631225
0.817714	0.631058
0.817522	0.628749
0.817411	0.624717
0.817408	0.62937
0.817363	0.629863
0.817255	0.629595
0.817074	0.628942
0.817008	0.6285
0.81688	0.622882
0.816859	0.627604
0.816845	0.625391
0.816713	0.62751
0.816588	0.62669
0.816522	0.626561
0.816425	0.624007
0.816189	0.627049
0.816213	0.626405
0.816195	0.62381
0.81607	0.623991
0.816029	0.623148
0.815827	0.622866
0.815713	0.623221
0.815695	0.626287
0.81564	0.623988
0.815376	0.625379
0.81541	0.62692
0.815327	0.626863
0.815219	0.626516
0.815167	0.625099
0.814966	0.626504
0.815046	0.626672
0.814941	0.625663
0.814855	0.627789
0.814726	0.627063
0.814653	0.627615
0.814459	0.626077
0.814403	0.628578
0.814389	0.628739
0.814389	0.623389
0.814247	0.627023
0.814143	0.626986
0.814132	0.627778
0.813969	0.627099
0.813997	0.627441
0.813858	0.627572
0.813757	0.62926
0.813646	0.63189
0.81359	0.631078
0.813455	0.629495
0.813326	0.629974
0.813347	0.629917
0.813253	0.629085
0.813243	0.629528
0.813097	0.629785
0.812916	0.629426
0.812875	0.629685
0.812861	0.628926
0.812763	0.628202
0.812687	0.629835
0.81259	0.631036
0.812406	0.630291
0.812367	0.631313
0.812201	0.63102
0.812103	0.629585
0.812215	0.629977
0.812044	0.630485
0.812006	0.629934
0.811777	0.628967
0.811697	0.630907
0.811565	0.630364
0.811614	0.630959
0.811499	0.629967
0.811357	0.632113
0.811186	0.632027
0.811127	0.630554
0.810863	0.630202
0.810902	0.631044
0.810888	0.630168
0.810794	0.630785
0.810724	0.631269
0.810471	0.624188
0.810526	0.629109
0.810457	0.632181
0.810318	0.630497
0.810158	0.630143
0.810078	0.631357
0.809925	0.628853
0.809915	0.629491
0.809762	0.631272
0.80962	0.629661
0.809554	0.629714
0.809404	0.631343
0.809491	0.628032
0.809238	0.632419
0.809245	0.632101
0.809022	0.631255
0.808915	0.631312
0.808744	0.631426
0.808828	0.631563
0.808685	0.632035
0.808654	0.629764
0.808425	0.629879
0.808331	0.630662
0.808105	0.630629
0.808025	0.630596
0.808015	0.630361
0.807956	0.632807
0.8078	0.633007
0.807626	0.632989
0.807518	0.633365
0.80747	0.631348
0.807199	0.629845
0.807365	0.628629
0.807206	0.629595
0.807087	0.632845
0.807136	0.633259
0.806962	0.63344
0.806883	0.634242
0.806709	0.632505
0.806625	0.63106
0.806438	0.63217
0.806504	0.633233
0.806407	0.634902
0.806278	0.632184
0.806167	0.633421
0.805955	0.631913
0.805868	0.630065
0.805813	0.631606
0.805837	0.632641
0.805618	0.632782
0.805507	0.632606
0.80542	0.627632
0.805299	0.631847
0.805344	0.62756
0.805163	0.632446
0.804993	0.632197
0.804875	0.630464
0.804871	0.632009
0.804746	0.626917
0.804555	0.631554
0.804569	0.630843
0.804454	0.633574
0.804291	0.633734
0.804163	0.634682
0.804152	0.632784
0.803906	0.633867
0.803913	0.630852
0.803906	0.632559
0.803787	0.631475
0.8036	0.632735
0.803655	0.629173
0.803496	0.631627
0.803367	0.632663
0.803336	0.632512
0.803131	0.630319
0.803016	0.631932
0.802961	0.63167
0.802929	0.631769
0.802905	0.629198
0.802665	0.633477
0.802638	0.632048
0.802467	0.631783
0.802315	0.63138
0.802266	0.630258
0.802273	0.631869
0.802148	0.628283
0.802099	0.630685
0.80203	0.628333
0.801762	0.628947
0.801849	0.627874
0.801689	0.628096
0.801439	0.625323
0.801453	0.627197
0.801425	0.627952
0.801314	0.628327
0.801064	0.626126
0.801061	0.626375
0.801036	0.626698
0.801036	0.62603
0.800925	0.625876
0.800804	0.626342
0.800675	0.628492
0.800616	0.627415
0.800442	0.627894
0.800477	0.628855
0.800536	0.62746
0.800282	0.626696
0.80014	0.627303
0.800192	0.628247
0.800154	0.626832
0.800074	0.627197
0.799977	0.627542
0.799963	0.626065
0.799702	0.625708
0.799615	0.626808
0.799473	0.626887
0.799362	0.628049
0.799383	0.628788
0.799338	0.628731
0.799292	0.627025
0.79923	0.626989
0.799046	0.62863
0.798966	0.628305
0.7989	0.630626
0.798726	0.629622
0.798862	0.628877
0.798837	0.631188
0.798657	0.631137
0.798493	0.631035
0.798469	0.629792
0.798348	0.62983
0.798254	0.626592
0.798184	0.631017
0.798157	0.63161
0.798104	0.633855
0.798035	0.631589
0.797927	0.631138
0.797813	0.631144
0.797653	0.633411
0.79776	0.632369
0.797635	0.632554
0.797497	0.631845
0.797385	0.632211
0.797368	0.632648
0.797295	0.632181
0.797333	0.634341
0.797302	0.633064
0.797205	0.633362
0.796975	0.634179
0.796944	0.633178
0.796847	0.636321
0.796791	0.634983
0.796569	0.635415
0.796489	0.635626
0.796579	0.635214
0.796527	0.634341
0.79634	0.634288
0.796239	0.633751
0.796117	0.633478
0.796176	0.634502
0.795878	0.633399
0.796013	0.633733
0.795985	0.632748
0.795829	0.632552
0.795683	0.632077
0.795593	0.635037
0.79544	0.628399
0.795357	0.630481
0.795332	0.633241
0.795312	0.632301
0.795242	0.633372
0.795041	0.632024
0.794982	0.634891
0.794857	0.634641
0.794797	0.630852
0.794784	0.632627
0.794752	0.632174
0.794565	0.632566
0.794509	0.630969
0.794429	0.632744
0.794325	0.631425
0.794287	0.632552
0.794113	0.632932
0.794113	0.635361
0.794096	0.632132
0.79395	0.632658
0.793769	0.632834
0.793682	0.632085
0.793804	0.634765
0.793634	0.632035
0.793613	0.632735
0.793293	0.632048
0.793314	0.632313
0.793286	0.631594
0.793147	0.631294
0.793137	0.634317
0.793134	0.632733
0.79296	0.631641
0.792883	0.632944
0.792807	0.631658
0.792738	0.634636
0.792588	0.634955
0.792571	0.63157
0.79255	0.632574
0.792373	0.631255
0.792317	0.629911
0.792269	0.631969
0.792185	0.63203
0.791914	0.633496
0.792053	0.633576
0.79189	0.632392
0.791866	0.63163
0.791692	0.631417
0.791616	0.630619
0.791473	0.631612
0.791424	0.631539
0.79147	0.631528
0.791372	0.632434
0.791254	0.631428
0.791216	0.629844
0.791088	0.63113
0.790962	0.62945
0.790806	0.63161
0.790723	0.629497
0.790653	0.628644
0.790674	0.627726
0.790636	0.626191
0.79057	0.628867
0.790417	0.627951
0.790407	0.626352
0.790386	0.627748
0.790313	0.628976
0.789976	0.626202
0.789983	0.627732
0.789955	0.62765
0.789913	0.62613
0.789813	0.624617
0.78966	0.62547
0.789559	0.621938
0.789552	0.625163
0.789521	0.625055
0.789486	0.621452
0.789434	0.625137
0.789337	0.626866
0.789309	0.625168
0.78917	0.625153
0.78918	0.624798
0.78901	0.624395
0.789017	0.626539
0.788941	0.626823
0.788753	0.626617
0.788732	0.62427
0.788705	0.624458
0.788573	0.624956
0.788388	0.625699
0.788347	0.625323
0.788524	0.625859
0.78835	0.626079
0.788229	0.625536
0.788177	0.625878
0.788038	0.626059
0.78793	0.625395
0.787909	0.625771
0.787874	0.626834
0.787781	0.629358
0.787854	0.627838
0.787777	0.626406
0.78752	0.624665
0.78753	0.629132
0.787485	0.625826
0.787385	0.625622
0.787228	0.627248
0.787329	0.628424
0.787298	0.627428
0.787138	0.629613
0.787134	0.628793
0.787002	0.625612
0.786996	0.628118
0.786989	0.629818
0.786735	0.628513
0.786652	0.627721
0.786561	0.628358
0.786544	0.627692
0.78654	0.627128
0.78654	0.627899
0.786322	0.628148
0.786283	0.62862
0.786217	0.629527
0.786249	0.627138
0.786231	0.627014
0.786186	0.628263
0.786085	0.628399
0.785995	0.628327
0.785877	0.629454
0.785776	0.630558
0.785759	0.63049
0.785735	0.630204
0.785478	0.630538
0.785491	0.631402
0.785478	0.63216
0.785418	0.629419
0.785429	0.632831
0.785318	0.632809
0.785106	0.632542
0.785075	0.629572
0.785085	0.631544
0.784929	0.632515
0.784943	0.633108
0.784929	0.633525
0.784894	0.630182
0.784821	0.63275
0.784623	0.632393
0.784609	0.630093
0.784463	0.630852
0.784296	0.630233
0.784272	0.633084
0.784453	0.6287
0.784258	0.631333
0.784224	0.632143
0.784112	0.632597
0.783907	0.63007
0.783845	0.632908
0.783866	0.633149
0.783744	0.633127
0.783834	0.633285
0.7838	0.633036
0.783671	0.632693
0.783445	0.630974
0.783411	0.63101
0.783338	0.628239
0.783251	0.63264
0.783171	0.629971
0.783091	0.630201
0.783084	0.630469
0.783032	0.629374
0.783018	0.63033
0.782935	0.631382
0.782903	0.631856
0.782782	0.631847
0.782824	0.632275
0.782702	0.630184
0.782636	0.629416
0.78249	0.629426
0.782497	0.630555
0.782323	0.630479
0.782219	0.627047
0.782112	0.630655
0.782188	0.628593
0.782146	0.630829
0.782049	0.62851
0.781875	0.630365
0.781771	0.628548
0.781736	0.628826
0.781691	0.629529
0.78158	0.630532
0.781653	0.632185
0.781597	0.632298
0.781431	0.633272
0.781375	0.631236
0.781285	0.630004
0.781184	0.629201
0.781042	0.629351
0.781014	0.629153
0.780969	0.631232
0.780885	0.629961
0.780871	0.631415
0.780607	0.631661
0.780722	0.629332
0.780604	0.628956
0.780573	0.631412
0.780437	0.630034
0.780382	0.632911
0.780298	0.631574
0.780399	0.629683
0.780204	0.632139
0.780208	0.63107
0.780135	0.629113
0.780034	0.628874
0.780034	0.62411
0.780013	0.626133
0.779722	0.624801
0.779777	0.626749
0.779718	0.628122
0.779652	0.623905
0.779555	0.628623
0.779537	0.629396
0.77936	0.629799
0.779353	0.629699
0.779357	0.629469
0.779214	0.62944
0.77927	0.626977
0.779232	0.629735
0.779023	0.62783
0.778964	0.624766
0.778916	0.627571
0.77885	0.62886
0.778784	0.628007
0.778725	0.628676
0.778537	0.627453
0.778541	0.629151
0.778579	0.627567
0.778499	0.628634
0.778495	0.627075
0.778422	0.62742
0.778211	0.628226
0.778287	0.625243
0.77836	0.629067
0.778033	0.630257
0.778023	0.630486
0.777992	0.629967
0.777988	0.630511
0.777915	0.628978
0.777967	0.630022
0.777707	0.62984
0.777721	0.631157
0.777606	0.630433
0.777582	0.631439
0.777488	0.630681
0.777596	0.62991
0.777498	0.6301
0.777328	0.62709
0.7773	0.628445
0.777186	0.629812
0.777179	0.630294
0.777085	0.629581
0.77697	0.629889
0.776911	0.630911
0.776915	0.62883
0.776922	0.629088
0.776897	0.629534
0.776831	0.628231
0.776727	0.6292
0.776693	0.630879
0.776595	0.631136
0.776508	0.631596
0.776449	0.631615
0.776515	0.63167
0.776283	0.630079
0.776283	0.629316
0.776133	0.629374
0.776265	0.631619
0.776231	0.629507
0.776112	0.630896
0.77596	0.62961
0.775987	0.629818
0.77598	0.629807
0.775751	0.630017
0.775925	0.632198
0.775696	0.631868
0.775713	0.63193
0.77565	0.632426
0.775619	0.630706
0.775539	0.623969
0.775505	0.631981
0.775341	0.632183
0.775286	0.631832
0.77523	0.632977
0.775286	0.632801
0.77523	0.631866
0.775174	0.632852
0.775143	0.63288
0.775036	0.632035
0.774924	0.630629
0.774813	0.631118
0.774834	0.627306
0.774751	0.631155
0.774737	0.632752
0.77474	0.631598
0.77448	0.632412
0.774494	0.631475
0.774369	0.632111
0.774383	0.63281
0.774306	0.631778
0.774254	0.631814
0.774077	0.632697
0.774087	0.632676
0.77407	0.632513
0.774028	0.630903
0.773938	0.630356
0.773927	0.631477
0.773872	0.631593
0.7739	0.631462
0.773629	0.631875
0.773594	0.631654
0.773531	0.632192
0.773535	0.625459
0.773531	0.632392
0.773521	0.63196
0.773396	0.632315
0.773267	0.63119
0.773226	0.632493
0.773149	0.627324
0.773108	0.630891
0.772937	0.632383
0.772878	0.624944
0.772969	0.630899
0.772844	0.632245
0.772833	0.633227
0.772715	0.630686
0.772736	0.633023
0.772587	0.627909
0.7725	0.630913
0.772462	0.629752
0.772468	0.631209
0.772319	0.631776
0.772389	0.63278
0.772364	0.632174
0.772239	0.632998
0.772118	0.632464
0.772013	0.632021
0.771923	0.632641
0.771826	0.632688
0.771833	0.633197
0.771635	0.632368
0.771652	0.632775
0.771652	0.631504
0.771656	0.630064
0.771652	0.627532
0.771478	0.631549
0.771454	0.630293
0.771253	0.629661
0.771214	0.628973
0.771183	0.629053
0.7711	0.625604
0.771197	0.626955
0.771089	0.629099
0.771044	0.625483
0.770919	0.628813
0.770888	0.627398
0.770819	0.628648
0.770683	0.628426
0.770686	0.627832
0.770686	0.628806
0.77068	0.627547
0.770589	0.62682
0.770429	0.625407
0.770447	0.62514
0.770426	0.625195
0.770391	0.625933
0.770263	0.628231
0.770145	0.626928
0.770148	0.627804
0.770037	0.627734
0.769964	0.628051
0.77004	0.624637
0.770006	0.626269
0.769929	0.627225
0.769888	0.627514
0.769815	0.625434
0.769783	0.625705
0.769696	0.625727
0.769665	0.627916
0.769498	0.627344
0.769603	0.629234
0.769547	0.626844
0.769471	0.625048
0.769394	0.627932
0.769273	0.629302
0.769231	0.630175
0.769175	0.628077
0.769127	0.628627
0.769082	0.628735
0.769217	0.628746
0.769102	0.629636
0.769082	0.627324
0.769019	0.625687
0.768845	0.630764
0.768845	0.630022
0.768818	0.629601
0.768724	0.6278
0.768581	0.626922
0.768446	0.62759
0.768436	0.62405
0.768429	0.624177
0.768432	0.631105
0.768439	0.630543
0.768397	0.631597
0.768349	0.629152
0.768293	0.628935
0.768203	0.629484
0.768213	0.627368
0.768126	0.623603
0.768043	0.627554
0.768019	0.6246
0.767939	0.629521
0.767821	0.626532
0.767946	0.627257
0.767876	0.627367
0.76781	0.628235
0.767713	0.63177
0.76764	0.631312
0.767584	0.629661
0.767564	0.631497
0.767501	0.629651
0.767466	0.629527
0.76738	0.632091
0.767216	0.627884
0.767213	0.629936
0.767202	0.630142
0.767206	0.626544
0.76715	0.630456
0.767088	0.63175
0.767119	0.63189
0.766924	0.631171
0.766984	0.632091
0.76689	0.631316
0.766768	0.629722
0.76666	0.629537
0.766657	0.630811
0.766758	0.630464
0.766654	0.630967
0.766584	0.631569
0.766539	0.630558
0.76641	0.631674
0.766383	0.630112
0.766292	0.63029
0.766414	0.630469
0.76624	0.630835
0.766129	0.63127
0.766278	0.631887
0.766115	0.63176
0.765924	0.63106
0.765945	0.632041
0.765889	0.632075
0.765872	0.631389
0.765823	0.630626
0.765719	0.632363
0.765573	0.631709
0.765556	0.631234
0.765573	0.634094
0.765563	0.632989
0.765563	0.630819
0.765483	0.631131
0.765424	0.631281
0.765205	0.632798
0.765295	0.630092
0.76517	0.631321
0.765104	0.631046
0.765167	0.629989
0.765024	0.630977
0.765101	0.631763
0.765024	0.62923
0.764896	0.629398
0.764868	0.630284
0.76476	0.630802
0.764712	0.630737
0.764642	0.62983
0.764621	0.630483
0.764614	0.63143
0.764361	0.630472
0.764375	0.629529
0.764357	0.631586
0.764229	0.631229
0.764316	0.630137
0.764253	0.632705
0.764097	0.632364
0.764163	0.631983
0.764024	0.631749
0.763961	0.631115
0.763815	0.632153
0.763819	0.631455
0.763798	0.628928
0.763798	0.626908
0.763805	0.627389
0.763795	0.629117
0.763534	0.631098
0.763551	0.63207
0.763472	0.631606
0.763385	0.631606
0.763378	0.626352
0.763211	0.631182
0.763128	0.632521
0.763138	0.632347
0.763065	0.631232
0.763142	0.63117
0.763062	0.631301
0.762985	0.63023
0.762978	0.631861
0.76286	0.630772
0.762777	0.628912
0.7627	0.631694
0.762711	0.630184
0.762714	0.630596
0.762714	0.630092
0.762624	0.631118
0.762568	0.628343
0.762475	0.630732
0.762405	0.630318
0.762384	0.628155
0.762221	0.629149
0.762308	0.627562
0.76228	0.630058
0.762287	0.630118
0.761985	0.63082
0.762158	0.62969
0.761947	0.629676
0.762072	0.630673
0.761954	0.631544
0.761901	0.631151
0.761863	0.630348
0.761794	0.630967
0.761759	0.630019
0.761679	0.630685
0.761571	0.630593
0.761759	0.630291
0.761488	0.628635
0.761488	0.629817
0.761488	0.629479
0.76145	0.626809
0.76146	0.628696
0.761394	0.629896
0.761342	0.62988
0.761335	0.630285
0.761203	0.631079
0.761064	0.632004
0.761019	0.6308
0.76095	0.630801
0.760936	0.631398
0.760936	0.631957
0.760943	0.630032
0.760936	0.632803
0.760939	0.630815
0.760887	0.630372
0.760772	0.630426
0.760682	0.629975
0.76062	0.631031
0.760571	0.630381
0.760554	0.623805
0.760536	0.629121
0.760481	0.630831
0.760335	0.6306
0.760276	0.631959
0.760231	0.631172
0.760279	0.63194
0.760123	0.631972
0.76022	0.632191
0.760178	0.632901
0.760137	0.632715
0.760116	0.632333
0.76005	0.630405
0.759908	0.630971
0.759838	0.631181
0.760099	0.631978
0.759793	0.630411
0.75972	0.630807
0.759706	0.626434
0.759786	0.629175
0.75972	0.628985
0.759706	0.629114
0.759619	0.62998
0.759657	0.627961
0.759446	0.628056
0.759459	0.629778
0.759393	0.630184
0.759452	0.629047
0.759418	0.629858
0.759289	0.631042
0.759307	0.630322
0.759293	0.631043
0.759188	0.631767
0.759043	0.630474
0.759025	0.629986
0.758987	0.631538
0.7589	0.631384
0.758893	0.629456
0.758869	0.628828
0.758758	0.62587
0.758671	0.629852
0.758626	0.630943
0.758643	0.629973
0.758633	0.626713
0.758494	0.630765
0.758497	0.627712
0.758567	0.631255
0.758487	0.630846
0.758289	0.631622
0.758296	0.631657
0.758202	0.626962
0.758174	0.626558
0.758233	0.632061
0.758212	0.63041
0.75808	0.631146
0.75783	0.631236
0.757962	0.632063
0.757896	0.631183
0.757844	0.632698
0.757809	0.631127
0.757736	0.632605
0.757705	0.632192
0.757587	0.63258
0.757511	0.630766
0.75741	0.628475
0.757413	0.624721
0.75758	0.630065
0.757403	0.630401
0.757372	0.629828
0.75733	0.62801
0.757274	0.625234
0.757247	0.625096
0.757052	0.63322
0.75701	0.631413
0.756986	0.631824
0.756913	0.631731
0.756851	0.63206
0.756851	0.63049
0.756851	0.631575
0.756851	0.632913
0.756847	0.632111
0.756677	0.631526
0.756569	0.630079
0.756517	0.62917
0.756489	0.630271
0.756451	0.629813
0.756434	0.630264
0.756312	0.630755
0.756198	0.628247
0.75617	0.629534
0.756187	0.626643
0.756194	0.627588
0.756173	0.63036
0.756149	0.629086
0.756041	0.629133
0.755975	0.629369
0.755944	0.631581
0.755781	0.631657
0.75577	0.630335
0.755777	0.631426
0.75576	0.629815
0.755736	0.628665
0.755381	0.628665
0.755649	0.629099
0.755649	0.629445
0.755569	0.627185
0.755451	0.62917
0.755367	0.628305
0.755305	0.629836
0.755242	0.62866
0.755274	0.628593
0.755211	0.627613
0.755221	0.627779
0.755263	0.626513
0.755242	0.626669
0.755103	0.628859
0.755023	0.626597
0.754985	0.624404
0.754916	0.624754
0.75486	0.625309
0.754846	0.626122
0.754742	0.628691
0.7547	0.622451
0.754593	0.627168
0.754555	0.626582
0.754551	0.628848
0.754711	0.630149
0.75453	0.628116
0.754495	0.628029
0.754447	0.627807
0.754489	0.630232
0.754436	0.628068
0.754263	0.62355
0.754287	0.628594
0.754138	0.6264
0.754103	0.624936
0.754072	0.62332
0.753988	0.630174
0.753981	0.629221
0.753822	0.628374
0.75402	0.628903
0.753985	0.630013
0.753974	0.629123
0.753981	0.631333
0.753724	0.628214
0.753738	0.629715
0.75379	0.62761
0.753665	0.626482
0.753627	0.626955
0.753575	0.628815
0.753578	0.626952
0.753457	0.627684
0.753585	0.628914
0.753321	0.630359
0.753304	0.628963
0.753405	0.624147
0.753314	0.629102
0.753162	0.629597
0.753259	0.62728
0.753207	0.62955
0.753172	0.629547
0.753162	0.628709
0.753141	0.628212
0.752974	0.628804
0.752991	0.629889
0.752898	0.630412
0.752832	0.632612
0.752953	0.630135
0.752984	0.631454
0.752755	0.632617
0.752755	0.632364
0.752894	0.631265
0.752759	0.631603
0.752762	0.630006
0.752502	0.630875
0.752571	0.631926
0.752498	0.633015
0.752449	0.632023
0.75237	0.634639
0.752491	0.633899
0.752345	0.634678
0.752338	0.633868
0.752331	0.63349
0.752338	0.631944
0.752213	0.632068
0.752029	0.631624
0.752106	0.633487
0.752078	0.632809
0.752026	0.633417
0.752029	0.633062
0.751946	0.631868
0.751845	0.631992
0.751876	0.631904
0.751727	0.631884
0.751925	0.630387
0.751671	0.634448
0.751664	0.634032
0.751671	0.632546
0.751675	0.63202
0.751512	0.631166
0.751512	0.630299
0.751494	0.632451
0.751387	0.630987
0.751289	0.631004
0.751244	0.6302
0.751216	0.631716
0.751199	0.632718
0.751091	0.634813
0.751189	0.633909
0.751091	0.632749
0.751084	0.632323
0.751095	0.633038
0.750838	0.63195
0.750831	0.630973
0.750813	0.63145
0.750779	0.632214
0.750751	0.632371
0.750671	0.63193
0.750542	0.632018
0.750584	0.631472
0.750435	0.630605
0.75056	0.62931
0.750595	0.630151
0.750431	0.631691
0.750285	0.631547
0.750344	0.631507
0.750285	0.631739
0.750299	0.631617
0.750167	0.634094
0.750025	0.632295
0.750014	0.633839
0.750028	0.632806
0.749924	0.633803
0.750014	0.635125
0.749893	0.63333
0.749862	0.633657
0.749855	0.633363
0.749809	0.632936
0.749882	0.633923
0.749754	0.632675
0.749733	0.631985
0.749601	0.633884
0.749601	0.634476
0.7495	0.632998
0.749424	0.631168
0.749396	0.631901
0.749177	0.63154
0.749271	0.629581
0.749191	0.631426
0.749202	0.631793
0.749205	0.630571
0.749215	0.629719
0.749108	0.631806
0.749042	0.630718
0.74908	0.62765
0.748969	0.62792
0.748962	0.628028
0.748806	0.627952
0.748802	0.628596
0.748976	0.628099
0.748809	0.628082
0.748792	0.627945
0.748809	0.626995
0.748792	0.625765
0.748757	0.625512
0.74867	0.627292
0.748639	0.625551
0.748566	0.626509
0.748517	0.626171
0.748396	0.62631
0.748354	0.626544
0.748246	0.626241
0.748229	0.626528
0.748218	0.626977
0.748218	0.625353
0.748232	0.625848
0.748309	0.628707
0.748118	0.627835
0.748069	0.628924
0.748027	0.628169
0.747972	0.626612
0.74793	0.626018
0.747955	0.628071
0.747882	0.625614
0.74785	0.626672
0.747795	0.625647
0.747809	0.628401
0.747729	0.628754
0.747812	0.62954
0.747562	0.629349
0.747565	0.629108
0.747559	0.629808
0.74775	0.629057
0.74752	0.629772
0.747597	0.62988
0.747444	0.628879
0.747392	0.628129
0.747399	0.630133
0.747381	0.629912
0.747274	0.629773
0.747201	0.629339
0.747149	0.631025
0.747131	0.631027
0.747121	0.630812
0.746999	0.626866
0.747138	0.630052
0.747086	0.63115
0.747131	0.629962
0.747013	0.628573
0.746996	0.628233
0.746989	0.629553
0.746902	0.629431
0.746937	0.631348
0.746885	0.629167
0.746735	0.629786
0.746711	0.631387
0.746659	0.630137
0.746641	0.6311
0.746617	0.631377
0.746617	0.631996
0.746617	0.630049
0.746433	0.631843
0.746367	0.632434
0.746377	0.632801
0.746367	0.632026
0.74636	0.635281
0.746367	0.632187
0.746332	0.634169
0.746322	0.633985
0.746225	0.62883
0.746221	0.633638
0.746232	0.635676
0.746204	0.634903
0.746034	0.635187
0.746089	0.634067
0.746027	0.634603
0.745895	0.634741
0.745843	0.635297
0.745853	0.635362
0.745839	0.634868
0.745797	0.634214
0.74586	0.634126
0.745832	0.635247
0.745797	0.63424
0.745738	0.634976
0.74571	0.632771
0.74561	0.63495
0.745551	0.633174
0.745457	0.633156
0.745471	0.632944
0.745394	0.629036
0.745408	0.635081
0.745394	0.631067
0.745387	0.633102
0.745412	0.627049
0.745335	0.630455
0.745304	0.626868
0.745151	0.63095
0.745141	0.631187
0.745005	0.632866
0.74504	0.63201
0.745016	0.635036
0.744908	0.634121
0.744932	0.634951
0.745016	0.633688
0.74479	0.633582
0.744759	0.626881
0.744811	0.63048
0.744856	0.63278
0.744755	0.632645
0.744714	0.626937
0.744634	0.630523
0.744613	0.631497
0.744616	0.633759
0.744505	0.631418
0.744401	0.633955
0.74437	0.633158
0.744335	0.630976
0.744272	0.632479
0.744338	0.634515
0.744186	0.63385
0.744203	0.634185
0.744067	0.633995
0.744168	0.633103
0.744113	0.63456
0.744088	0.633021
0.743942	0.633831
0.744026	0.634665
0.743908	0.632894
0.743859	0.634083
0.743803	0.635517
0.743765	0.634043
0.743762	0.63334
0.743546	0.631403
0.743526	0.633319
0.743522	0.632683
0.743699	0.632427
0.743515	0.630929
0.743515	0.631558
0.743515	0.630033
0.743473	0.632345
0.743338	0.631375
0.743366	0.632239
0.743335	0.631192
0.743199	0.631467
0.743157	0.632628
0.743084	0.630684
0.743084	0.630479
0.742956	0.628802
0.742945	0.632136
0.743088	0.633526
0.742932	0.633153
0.742928	0.63235
0.743022	0.632017
0.742925	0.631879
0.74289	0.631002
0.7428	0.624155
0.742824	0.622361
0.742716	0.626354
0.742678	0.627408
0.74264	0.630034
0.742588	0.630611
0.742546	0.630104
0.742695	0.628886
0.742643	0.630508
0.742376	0.630213
0.742414	0.630489
0.742261	0.6294
0.742442	0.630391
0.742476	0.629218
0.742167	0.629329
0.742362	0.62722
0.742226	0.625948
0.742202	0.629282
0.742216	0.628878
0.742091	0.622033
0.742119	0.628308
0.742028	0.628777
0.742032	0.628967
0.742042	0.63001
0.741862	0.629214
0.741882	0.629745
0.741869	0.629598
0.74198	0.628756
0.741848	0.623309
0.741865	0.621705
0.741851	0.629407
0.74181	0.630006
0.741719	0.62915
0.74173	0.629829
0.741695	0.630258
0.741695	0.630072
0.741605	0.630374
0.741601	0.629203
0.741445	0.630008
0.741476	0.631251
0.741386	0.630344
0.741441	0.631824
0.741445	0.631915
0.741295	0.63199
0.741292	0.630889
0.741309	0.629124
0.741295	0.630956
0.741292	0.627826
0.741288	0.628652
0.741288	0.629863
0.741229	0.630092
0.741118	0.633155
0.741153	0.631174
0.741038	0.63182
0.741018	0.63183
0.740913	0.631554
0.740948	0.630859
0.740931	0.631521
0.740917	0.630306
0.740806	0.630783
0.740965	0.632981
0.740886	0.63159
0.74076	0.634762
0.740868	0.633221
0.740795	0.630673
0.740622	0.630793
0.740653	0.632279
0.740625	0.632467
0.740583	0.630308
0.740635	0.631109
0.740545	0.631879
0.740476	0.632492
0.74043	0.632423
0.740406	0.631958
0.740292	0.633166
0.740354	0.632658
0.740232	0.63172
0.740166	0.630011
0.740222	0.630631
0.740094	0.630156
0.740149	0.629029
0.740173	0.62983
0.740059	0.629994
0.739878	0.627631
0.740059	0.628882
0.740045	0.630072
0.739857	0.62935
0.739899	0.628547
0.739913	0.627702
0.739774	0.628671
0.739823	0.629693
0.739736	0.62964
0.739795	0.630043
0.739663	0.630884
0.739729	0.630719
0.739718	0.630255
0.739527	0.629857
0.739378	0.628977
0.739385	0.631271
0.739388	0.631242
0.739378	0.630189
0.739381	0.631135
0.739354	0.630292
0.739302	0.629693
0.739302	0.631848
0.739239	0.631114
0.739204	0.632505
0.739142	0.631181
0.738992	0.631595
0.73894	0.634489
0.738919	0.630871
0.738878	0.630229
0.73901	0.629661
0.738919	0.629024
0.738826	0.631609
0.738801	0.630265
0.738864	0.630369
0.738846	0.632395
0.738794	0.628019
0.738548	0.628591
0.738635	0.632137
0.738631	0.632042
0.738555	0.63066
0.738544	0.631661
0.738398	0.632449
0.738562	0.631149
0.73853	0.630952
0.738398	0.632659
0.738395	0.630324
0.738395	0.632148
0.738405	0.631913
0.738284	0.632441
0.738266	0.632488
0.738138	0.631142
0.738131	0.631564
0.73812	0.63224
0.738079	0.632176
0.738023	0.632875
0.737968	0.631256
0.737988	0.630291
0.737988	0.630109
0.737759	0.628669
0.737811	0.629704
0.737745	0.628329
0.737752	0.629019
0.737822	0.628477
0.737749	0.628199
0.737742	0.62726
0.737718	0.628456
0.737589	0.624669
0.737652	0.628635
0.73762	0.629017
0.737478	0.627887
0.737558	0.626715
0.737335	0.628202
0.737346	0.628702
0.737328	0.626786
0.737276	0.629006
0.737214	0.626165
0.737242	0.627425
0.737328	0.624607
0.737297	0.627617
0.737176	0.627047
0.737252	0.628757
0.737162	0.627164
0.737176	0.628585
0.737155	0.625125
0.737103	0.625455
0.737096	0.625545
0.736988	0.626981
0.736922	0.627492
0.736908	0.625391
0.736825	0.625604
0.736853	0.625806
0.736846	0.625104
0.736693	0.625243
0.736787	0.627781
0.7367	0.628972
0.736693	0.626857
0.736582	0.628374
0.736505	0.628486
0.736752	0.626682
0.736721	0.629676
0.736668	0.628203
0.736498	0.627525
0.736495	0.626819
0.736502	0.628787
0.736509	0.628686
0.736359	0.62792
0.736359	0.627964
0.736453	0.630014
0.736453	0.631016
0.736384	0.630943
0.736349	0.631791
0.736345	0.626176
0.736318	0.62716
0.73614	0.630988
0.736092	0.632261
0.736095	0.627024
0.736318	0.629466
0.736272	0.631274
0.736123	0.630186
0.73597	0.629584
0.735953	0.632075
0.735932	0.633457
0.735942	0.63401
0.735922	0.627131
0.735942	0.625394
0.735942	0.632306
0.735942	0.624276
0.735873	0.625031
0.735807	0.630537
0.735817	0.631815
0.735738	0.628212
0.735741	0.631619
0.735689	0.631871
0.735689	0.633574
0.735588	0.631689
0.735567	0.632382
0.735543	0.632172
0.735644	0.632438
0.735668	0.632295
0.735272	0.627148
0.735585	0.629028
0.735279	0.628479
0.735279	0.629289
0.735276	0.630739
0.735286	0.628916
0.735279	0.632465
0.735258	0.63199
0.735286	0.633523
0.735133	0.630931
0.735143	0.631002
0.735147	0.630867
0.735119	0.631451
0.735091	0.631142
0.734945	0.631338
0.734897	0.633254
0.734876	0.63183
0.734873	0.630606
0.735015	0.631185
0.734866	0.634094
0.734873	0.632263
0.734841	0.632547
0.734859	0.632955
0.734803	0.632207
0.734761	0.632423
0.734636	0.631607
0.734706	0.631565
0.734688	0.632362
0.734508	0.632048
0.734615	0.632282
0.734421	0.63238
0.734449	0.632559
0.734345	0.631345
0.734324	0.63207
0.734296	0.631274
0.734285	0.633043
0.734285	0.633531
0.734292	0.63113
0.734275	0.632236
0.73431	0.629662
0.734202	0.630168
0.734157	0.630257
0.734129	0.63054
0.734157	0.629989
0.733997	0.630335
0.733959	0.630614
0.733931	0.629877
0.733886	0.628052
0.733757	0.625907
0.733896	0.63049
0.73381	0.6319
0.733664	0.62801
0.733855	0.627831
0.733629	0.629892
0.733817	0.631382
0.733632	0.633151
0.733626	0.633478
0.733639	0.633357
0.733626	0.633165
0.733504	0.631868
0.733494	0.632871
0.733428	0.63287
0.73341	0.634039
0.733337	0.632021
0.733233	0.631996
0.733216	0.632726
0.733229	0.631532
0.733139	0.629693
0.73324	0.630472
0.733132	0.63015
0.733084	0.630182
0.733063	0.6308
0.733059	0.630472
0.733077	0.630835
0.733056	0.631796
0.73308	0.631727
0.733004	0.631104
0.732906	0.628413
0.732833	0.621732
0.732816	0.629729
0.732708	0.630413
0.732771	0.630331
0.732743	0.628882
0.732677	0.627101
0.732788	0.624346
0.732788	0.624928
0.732583	0.62804
0.732483	0.627192
0.732542	0.626893
0.732403	0.626955
0.732399	0.624446
0.732406	0.62291
0.732413	0.623982
0.732406	0.622913
0.732413	0.624918
0.732399	0.622534
0.732392	0.625496
0.732354	0.627209
0.73226	0.626715
0.732267	0.625951
0.732278	0.626053
0.732212	0.626701
0.732222	0.629609
0.732114	0.627723
0.732132	0.626185
0.732257	0.626469
0.732014	0.630838
0.732184	0.628246
0.73192	0.6282
0.731944	0.628747
0.732062	0.629557
0.73209	0.628375
0.731871	0.630625
0.731958	0.628978
0.73185	0.629253
0.731854	0.633144
0.731854	0.629992
0.731847	0.629163
0.731836	0.628876
0.73184	0.629372
0.731843	0.629615
0.731652	0.630027
0.731684	0.630281
0.731593	0.629915
0.7316	0.632621
0.73152	0.629907
0.731461	0.632099
0.731479	0.632496
0.731468	0.633271
0.731444	0.628853
0.731572	0.632359
0.731444	0.629742
0.731461	0.626213
0.731517	0.629841
0.731444	0.631861
0.73144	0.632849
0.731388	0.631711
0.731399	0.630109
0.731336	0.632451
0.731319	0.631208
0.731194	0.632436
0.731156	0.632103
0.731197	0.632965
0.731027	0.631167
0.73111	0.630592
0.731041	0.631457
0.731044	0.631789
0.731062	0.630966
0.731034	0.630774
0.731041	0.633156
0.730909	0.630805
0.731027	0.630983
0.731041	0.63123
0.730787	0.625169
0.730777	0.629205
0.730794	0.631139
0.730791	0.631591
0.730819	0.630448
0.730784	0.632115
0.730708	0.632082
0.730749	0.632498
0.730711	0.630699
0.730711	0.632166
0.730645	0.631742
0.730659	0.631585
0.730492	0.633104
0.730499	0.633408
0.730541	0.633304
0.730444	0.633075
0.730364	0.632305
0.730364	0.632762
0.730381	0.632834
0.730252	0.633014
0.730322	0.630652
0.730225	0.632747
0.730228	0.629822
0.730221	0.63138
0.730221	0.632781
0.730225	0.631697
0.730214	0.63086
0.730221	0.63242
0.730072	0.63048
0.730159	0.630385
0.730027	0.632418
0.729975	0.632216
0.72995	0.624223
0.729909	0.630808
0.729829	0.626713
0.729825	0.630772
0.729846	0.631369
0.729808	0.630506
0.729777	0.630842
0.729822	0.632881
0.729693	0.625481
0.729815	0.632397
0.729568	0.626983
0.729568	0.631423
0.729704	0.632336
0.729554	0.631871
0.729537	0.630506
0.729492	0.630483
0.729516	0.624867
0.729454	0.631613
0.729408	0.631089
0.729422	0.627432
0.729311	0.630785
0.729294	0.630407
0.729249	0.630768
0.729408	0.630764
0.729151	0.630168
0.729113	0.631554
0.729103	0.630806
0.728992	0.630931
0.729047	0.631998
0.728981	0.630975
0.729176	0.630415
0.729158	0.631248
0.729009	0.630757
0.729009	0.631178
0.728957	0.631023
0.728974	0.63141
0.728974	0.630368
0.728832	0.632682
0.728787	0.630332
0.728787	0.630889
0.728679	0.629965
0.728689	0.630095
0.728599	0.631302
0.728627	0.632199
0.728582	0.629711
0.728533	0.629257
0.728672	0.628727
0.72862	0.628026
0.728446	0.628824
0.728373	0.627819
0.728623	0.628476
0.728477	0.628379
0.728325	0.629668
0.728338	0.629024
0.728318	0.627856
0.728345	0.626619
0.7283	0.628803
0.728338	0.628546
0.728286	0.627019
0.728262	0.628289
0.728252	0.628371
0.728186	0.627179
0.728182	0.628134
0.7282	0.62777
0.728165	0.630137
0.728182	0.630526
0.727932	0.628615
0.727932	0.626509
0.728179	0.626671
0.727918	0.628045
0.728134	0.626956
0.727925	0.628814
0.727929	0.629197
0.727915	0.629781
0.727922	0.628313
0.727918	0.628102
0.727835	0.630008
0.727887	0.62955
0.727824	0.630722
0.727824	0.630713
0.727807	0.629309
0.727776	0.628706
0.727738	0.629965
0.727592	0.62687
0.727654	0.629834
0.727585	0.631037
0.727567	0.629023
0.727533	0.628851
0.727508	0.629457
0.727533	0.631096
0.727519	0.627956
0.727442	0.631077
0.72739	0.631874
0.727428	0.629924
0.727383	0.630642
0.727491	0.629583
0.727512	0.629894
0.727352	0.630586
0.72747	0.629304
0.727352	0.628122
0.727342	0.629747
0.727352	0.631403
0.727324	0.631747
0.727352	0.63018
0.727206	0.630934
0.727216	0.630922
0.727196	0.630455
0.727192	0.632698
0.727095	0.63437
0.727112	0.633883
0.72705	0.631727
0.727022	0.634309
0.727005	0.632287
0.726973	0.633585
0.726966	0.633047
0.726949	0.632112
0.726942	0.633324
0.726831	0.633179
0.726942	0.626921
0.726946	0.62676
0.726761	0.629186
0.726779	0.629856
0.726942	0.633038
0.726914	0.633564
0.726873	0.634501
0.726692	0.626981
0.726699	0.631218
0.726685	0.627479
0.726692	0.627775
0.726657	0.631307
0.726543	0.631899
0.726678	0.633237
0.726556	0.631459
0.726522	0.633024
0.726497	0.633912
0.726511	0.633236
0.726508	0.633397
0.72639	0.633322
0.726313	0.633597
0.726286	0.631845
0.726299	0.633105
0.726268	0.633174
0.726226	0.631456
0.726143	0.628455
0.726289	0.630652
0.726147	0.62874
0.72615	0.634019
0.726261	0.63383
0.726133	0.63339
0.726143	0.634172
0.726154	0.630082
0.726133	0.632423
0.726087	0.631914
0.725903	0.633977
0.725834	0.634149
0.72591	0.633047
0.725886	0.632768
0.725883	0.632282
0.725848	0.631785
0.725789	0.63251
0.725893	0.631713
0.725692	0.629533
0.725865	0.631285
0.725598	0.628121
0.725778	0.6304
0.725789	0.629312
0.725483	0.631537
0.725685	0.625828
0.725702	0.631392
0.72573	0.631539
0.72549	0.631415
0.725584	0.628157
0.725487	0.62878
0.725476	0.628056
0.7254	0.629682
0.725348	0.63044
0.725368	0.632324
0.725327	0.630397
0.725268	0.632159
0.725209	0.629957
0.72533	0.632099
0.72516	0.63152
0.725278	0.630177
0.725014	0.631363
0.725011	0.630884
0.725031	0.632398
0.72515	0.630819
0.72507	0.631321
0.724941	0.62999
0.724917	0.630698
