Prel		liquid_fraction
0.727342	0.0348497
0.727547	0.0351497
0.727801	0.0352591
0.728228	0.0346811
0.728586	0.0343791
0.728912	0.0341961
0.72935	0.0335737
0.729566	0.033831
0.729805	0.0339908
0.730236	0.0333958
0.730364	0.0339893
0.730826	0.03327
0.731129	0.0331797
0.731549	0.0326223
0.731799	0.0327364
0.732011	0.0329989
0.732393	0.0325909
0.732674	0.0325782
0.733084	0.0320593
0.733227	0.0325929
0.73363	0.0321007
0.734047	0.0315513
0.734314	0.0315891
0.734554	0.031736
0.734891	0.0315016
0.735228	0.0312633
0.735551	0.0310801
0.735912	0.0307454
0.73612	0.0310143
0.736534	0.0304734
0.736909	0.0300798
0.737117	0.0303454
0.737618	0.0294616
0.73775	0.0300236
0.73818	0.0294099
0.738413	0.0295761
0.738833	0.0290028
0.738997	0.0294415
0.73942	0.0288516
0.739698	0.0288365
0.739917	0.0290553
0.740306	0.0285984
0.740515	0.0288555
0.740963	0.0281678
0.741164	0.0284518
0.74147	0.0283231
0.741737	0.0283437
0.742175	0.0276935
0.742377	0.027975
0.742602	0.0281586
0.742932	0.0279294
0.743162	0.0280983
0.743519	0.0277605
0.743776	0.027818
0.744145	0.0274368
0.744523	0.0270127
0.744829	0.0268779
0.745017	0.027206
0.745402	0.0267529
0.745756	0.026426
0.746118	0.0260651
0.746211	0.0267601
0.746625	0.0261949
0.746819	0.0264903
0.747163	0.0262001
0.747441	0.0261658
0.747809	0.0257755
0.747973	0.0261938
0.74839	0.0256105
0.74865	0.0256428
0.749143	0.0247565
0.749254	0.0253758
0.74948	0.0255457
0.74997	0.0246699
0.750036	0.0254659
0.750397	0.0250969
0.750689	0.0250034
0.751096	0.0244533
0.751283	0.0247685
0.751648	0.0243817
0.751933	0.0243118
0.752218	0.024239
0.752499	0.0241803
0.752818	0.0239698
0.752978	0.0243908
0.753364	0.023918
0.753617	0.0239653
0.753954	0.023684
0.754402	0.0229651
0.754534	0.0234901
0.75493	0.0229735
0.755226	0.0228523
0.755372	0.0233224
0.755726	0.022968
0.755896	0.0233398
0.756299	0.0227913
0.756532	0.0229177
0.756935	0.0223656
0.757088	0.0228022
0.757414	0.0225538
0.757668	0.0225941
0.758092	0.0219594
0.758241	0.0224078
0.758574	0.0221282
0.75889	0.0219186
0.759012	0.0224746
0.759429	0.0218636
0.759821	0.0213487
0.760197	0.020903
0.760499	0.0207432
0.760683	0.0210469
0.760947	0.0210362
0.761089	0.0215061
0.761621	0.0204381
0.761739	0.0209997
0.762173	0.0203155
0.762281	0.0209193
0.76268	0.0203703
0.762937	0.0203824
0.763111	0.0207246
0.763476	0.0203093
0.763861	0.0198107
0.764007	0.0202599
0.764452	0.0195276
0.76474	0.0194124
0.765029	0.0192955
0.765157	0.0198089
0.765532	0.0193491
0.765786	0.0193686
0.766085	0.019209
0.766338	0.0192257
0.76672	0.0187353
0.767106	0.0182316
0.767172	0.0189847
0.767533	0.0185751
0.767828	0.0184251
0.76796	0.0189192
0.768346	0.0184107
0.76861	0.0183801
0.76894	0.0180902
0.769173	0.0181844
0.769465	0.018042
0.76984	0.0175725
0.770006	0.0179231
0.770253	0.0179585
0.7706	0.0175957
0.770781	0.0178908
0.77116	0.017403
0.771451	0.0172594
0.771715	0.0172203
0.772118	0.016636
0.772257	0.0170902
0.772664	0.0164907
0.77282	0.0168752
0.773042	0.0169988
0.773352	0.0167805
0.773609	0.0167672
0.774025	0.0161208
0.774286	0.016092
0.774477	0.0163356
0.7748	0.0160598
0.774956	0.0164384
0.775453	0.015475
0.775592	0.0159219
0.775974	0.0154089
0.776044	0.0161285
0.776474	0.0154228
0.776718	0.0154555
0.777041	0.0151744
0.777253	0.0153282
0.777638	0.0147973
0.777784	0.015212
0.778076	0.0150507
0.778378	0.0148466
0.778663	0.0147101
0.77893	0.0146424
0.779309	0.0141353
0.779354	0.0149425
0.779768	0.0142996
0.780056	0.0141435
0.780316	0.0140995
0.780566	0.0140955
0.780806	0.0141322
0.781164	0.0137027
0.781282	0.0142196
0.781668	0.0136762
0.781779	0.0142182
0.782192	0.0135662
0.782446	0.0135447
0.782744	0.0133439
0.783008	0.0132793
0.783269	0.0132274
0.783404	0.0136698
0.783825	0.0129857
0.784127	0.0127682
0.784235	0.0133169
0.784485	0.0133054
0.784797	0.0130451
0.785044	0.0130415
0.785364	0.0127515
0.785673	0.0125031
0.785749	0.0131707
0.786242	0.0121939
0.786277	0.0130256
0.786691	0.0123635
0.786882	0.0125761
0.787208	0.0122553
0.787396	0.0124809
0.787684	0.0123096
0.788139	0.011478
0.788177	0.0122915
0.788608	0.0115543
0.788747	0.0119699
0.789077	0.0116289
0.789185	0.0121651
0.789543	0.0117137
0.789921	0.0111817
0.79015	0.0112361
0.790352	0.011399
0.790647	0.0111911
0.79081	0.0115049
0.791074	0.0114215
0.791481	0.0107733
0.791616	0.0111944
0.791939	0.0108746
0.792026	0.0114848
0.792453	0.010754
0.792714	0.0106785
0.79286	0.0110564
0.79327	0.0103894
0.793433	0.0106964
0.793683	0.0106601
0.794048	0.0101717
0.794322	0.0100374
0.794465	0.0104235
0.794784	0.01011
0.795128	0.0097008
0.795198	0.0103714
0.795542	0.00995969
0.795684	0.0103438
0.796011	0.0100008
0.796323	0.00971081
0.796535	0.00981615
0.796757	0.00988212
0.797021	0.00978382
0.79732	0.00954414
0.797477	0.00986893
0.79773	0.00980891
0.79798	0.00976284
0.798282	0.00950901
0.798536	0.00944526
0.798821	0.00925913
0.799206	0.00867575
0.799286	0.00929513
0.799613	0.00894588
0.799727	0.00942453
0.800155	0.00867451
0.800231	0.00930552
0.800585	0.00884086
0.800825	0.00882715
0.801047	0.00888528
0.801374	0.00852484
0.801624	0.00846859
0.801965	0.00805422
0.8021	0.00844955
0.802385	0.00825362
0.802645	0.00815332
0.802923	0.00798345
0.80308	0.00829401
0.803392	0.00798632
0.803722	0.00760818
0.803882	0.00790212
0.804146	0.00778527
0.804292	0.00813209
0.804653	0.00762916
0.804862	0.00772907
0.80507	0.00782918
0.805365	0.00758367
0.805605	0.00755852
0.805938	0.00716163
0.806175	0.00714977
0.806397	0.00718926
0.806755	0.00669473
0.806953	0.00683147
0.807158	0.0069386
0.8073	0.00729133
0.807734	0.0064938
0.807877	0.00684511
0.808217	0.0064168
0.808391	0.00664357
0.808669	0.0064592
0.808787	0.00690452
0.809051	0.00677548
0.809475	0.0060134
0.809624	0.00633263
0.809843	0.00637876
0.810218	0.00580777
0.810343	0.00622234
0.810774	0.00542896
0.810798	0.00623969
0.811069	0.00607772
0.811305	0.00605063
0.811576	0.00588604
0.811694	0.00632383
0.812045	0.00584357
0.812202	0.00613031
0.812538	0.005702
0.812837	0.00542549
0.813139	0.00513442
0.813264	0.00554218
0.813522	0.00542658
0.81389	0.00487193
0.814095	0.00496213
0.814275	0.00514742
0.814477	0.00525023
0.814748	0.00507769
0.815071	0.00469949
0.815147	0.0052928
0.815474	0.00489888
0.815818	0.00443571
0.815984	0.00467237
0.816252	0.00450883
0.816471	0.00453869
0.81678	0.004209
0.81687	0.00474443
0.817158	0.00449657
0.817263	0.00497506
0.817634	0.00439779
0.817937	0.00409483
0.818058	0.00450224
0.818416	0.00397784
0.818562	0.00428849
0.818854	0.00402476
0.819163	0.00368902
0.819298	0.00403954
0.81958	0.0038134
0.81975	0.00402505
0.820066	0.0036606
0.820333	0.00348806
0.820577	0.00340939
0.820688	0.00385327
0.820976	0.00359485
0.821244	0.00342221
0.821396	0.00369526
0.82165	0.00357431
0.821796	0.00387637
0.822091	0.0035881
0.822366	0.00338265
0.822574	0.00343805
0.822841	0.00325774
0.823029	0.00339305
0.823234	0.00345863
0.823467	0.00341246
0.823741	0.0032029
0.824057	0.00282961
0.824161	0.0032898
0.824453	0.00301088
0.824589	0.00334603
0.82486	0.00314754
0.824999	0.00346937
0.825273	0.00325771
0.825429	0.00350835
0.825739	0.00315639
0.825836	0.00363928
0.826121	0.00338259
0.826364	0.00329038
0.826663	0.00297668
0.826854	0.00308729
0.827128	0.00287042
0.827395	0.00267647
0.827545	0.00295214
0.827785	0.00286791
0.827996	0.00289531
0.828267	0.00268715
0.828365	0.00316341
0.828604	0.00307758
0.82892	0.00269187
0.829025	0.00313948
0.829372	0.00262684
0.829615	0.00252522
0.829761	0.00280831
0.830035	0.00258156
0.83015	0.00298348
0.830432	0.00272975
0.83073	0.00240696
0.8308	0.00298685
0.83097	0.00316878
0.831401	0.00232316
0.831519	0.00271067
0.831585	0.00330129
0.831967	0.00264601
0.832301	0.00218067
0.832498	0.00225054
0.832655	0.00248326
0.832756	0.00293482
0.833093	0.00245345
0.833231	0.00275446
0.833575	0.00224388
0.833739	0.00244678
0.833954	0.00244328
0.834232	0.0021935
0.834364	0.00251696
0.834656	0.00221083
0.834763	0.00262965
0.835093	0.00217159
0.835173	0.00270058
0.835451	0.00244555
0.835621	0.00261402
0.835885	0.00241558
0.836115	0.00235114
0.836431	0.00194308
0.836504	0.00249429
0.836768	0.00229279
0.837167	0.00155407
0.837171	0.00237766
0.837504	0.00189859
0.837664	0.00210536
0.837782	0.00247548
0.838122	0.00196697
0.838293	0.0021302
0.838498	0.00215673
0.83873	0.0020714
0.838901	0.00223268
0.839224	0.00179107
0.839303	0.00231023
0.839592	0.00200098
0.839953	0.00140613
0.840075	0.00175666
0.840366	0.00143584
0.840387	0.00218109
0.840717	0.00170808
0.840953	0.00160335
0.841211	0.00141715
0.841381	0.00157182
0.841641	0.00137065
0.841777	0.00166044
0.842062	0.00136124
0.842194	0.00166455
0.842472	0.00139184
0.842621	0.00162778
0.842913	0.0012979
0.843191	0.00102262
0.843441	0.000856725
0.843573	0.00115684
0.843805	0.00105962
0.844094	0.000741009
0.84417	0.00125764
0.844538	0.000623477
0.84467	0.000921266
0.844903	0.000819632
0.84507	0.00097874
0.845271	0.000998323
0.845494	0.000939272
0.845692	0.00097138
0.84589	0.00100446
0.84624	0.00043386
0.846209	0.00137128
0.846564	0.00078556
0.846685	0.00111852
0.84698	0.000764757
0.847151	0.000904143
0.847373	0.000838251
0.847602	0.000743509
0.847845	0.000592747
0.84788	0.00126582
0.848227	0.000703538
0.848286	0.00127731
0.848564	0.000988584
0.848849	0.000670866
0.849106	0.000462508
0.849346	0.000322001
0.849495	0.000538153
0.84978	0.000218891
0.849884	0.00061065
0.85019	0.000207656
0.85035	0.000379822
0.850562	0.000346247
0.850808	0.00017434
0.851006	0.000193133
0.851288	-0.000116709
0.851472	-4.40049e-05
0.851555	0.000425712
0.851823	0.000168794
0.851955	0.00044919
0.852201	0.000271802
0.852385	0.000341403
0.852514	0.000630464
0.852802	0.000289706
0.853073	1.65518e-05
0.853167	0.000440364
0.853348	0.000521489
0.853633	0.00019118
0.853806	0.000300546
0.854049	0.000133526
0.854306	-8.99863e-05
0.854386	0.000386322
0.854713	-0.000110415
0.854925	-0.000157693
0.855126	-0.00016208
0.855289	-1.77167e-05
0.855411	0.000291395
0.855672	5.2581e-05
0.855949	-0.00025737
0.856012	0.000283023
0.856245	0.000151907
0.856512	-0.000117714
0.856599	0.000327956
0.856849	0.00012294
0.857183	-0.000408245
0.857329	-0.000200734
0.857443	0.000130592
0.857593	0.000323082
0.857738	0.000530883
0.858048	9.13935e-05
0.858405	-0.000538884
0.858423	0.000172083
0.858655	3.53393e-05
0.858805	0.000226429
0.858965	0.000373055
0.859309	-0.000205147
0.859507	-0.000208463
0.859618	0.000129965
0.85976	0.000345842
0.860055	-4.33015e-05
0.860111	0.00051261
0.860365	0.000287504
0.860587	0.00018501
0.860695	0.00053412
0.861	0.000102715
0.86132	-0.000385491
0.861316	0.000402639
0.86166	-0.000184882
0.861799	3.92244e-05
0.86182	0.00072654
0.862098	0.000402163
0.862226	0.000663559
0.862463	0.00050306
0.862622	0.000640031
0.862886	0.000368367
0.86298	0.000765158
0.863282	0.000341307
0.863439	0.000490156
0.863557	0.000790367
0.863814	0.000543788
0.863849	0.00117145
0.864116	0.000880626
0.864377	0.000617579
0.864627	0.000393852
0.864682	0.000938635
0.86495	0.000646109
0.865183	0.000489963
0.865426	0.000291343
0.86545	0.000957487
0.865749	0.000538235
0.865902	0.000696085
0.866055	0.000852151
0.866312	0.000597742
0.866319	0.00132802
0.866596	0.000990384
0.86685	0.000746782
0.866958	0.00107934
0.867111	0.00123371
0.867388	0.000892383
0.867534	0.00107286
0.867652	0.00136274
0.867871	0.00125362
0.868205	0.000692414
0.868239	0.00130787
0.868524	0.000937951
0.868719	0.000923625
0.868764	0.00149492
0.869035	0.00117798
0.869143	0.00150497
0.869372	0.0013508
0.869528	0.00148456
0.86982	0.00108184
0.869869	0.00164004
0.870233	0.000949143
0.870372	0.00114758
0.870421	0.00170322
0.870709	0.00131406
0.870942	0.00114102
0.871032	0.00153039
0.87122	0.00153613
0.87147	0.00129506
0.871567	0.00165464
0.871762	0.00163086
0.871967	0.00156528
0.872217	0.00132525
0.872266	0.00187269
0.872391	0.00212072
0.872637	0.00188975
0.87278	0.00206909
0.873092	0.0015752
0.873124	0.00219186
0.873398	0.00184848
0.873575	0.00188966
0.873853	0.00153153
0.873947	0.00189891
0.874159	0.00179969
0.874381	0.00166071
0.874409	0.00228671
0.87468	0.00195344
0.874923	0.0017289
0.875048	0.00197133
0.875201	0.00210157
0.875493	0.00168315
0.875604	0.00197876
0.87575	0.00213519
0.87585	0.00247057
0.876007	0.00258626
0.876305	0.00213904
0.876455	0.00228149
0.876681	0.00212129
0.876795	0.00239789
0.876986	0.00237355
0.877212	0.00221234
0.877302	0.00258388
0.877556	0.00231154
0.877712	0.00242146
0.877896	0.00242303
0.878042	0.00257526
0.878317	0.00221723
0.878435	0.00247562
0.878546	0.00276216
0.878859	0.00225269
0.879088	0.00207272
0.879209	0.00231518
0.879289	0.00272357
0.879519	0.00254168
0.879633	0.00281038
0.879904	0.00246285
0.880081	0.00248489
0.880071	0.00324694
0.880345	0.00288469
0.880484	0.00305551
0.880856	0.00230885
0.880856	0.00302563
0.881078	0.00286711
0.881301	0.0027078
0.881311	0.00338311
0.881617	0.00289409
0.881707	0.00325407
0.881968	0.00294142
0.882072	0.00324539
0.882367	0.00279562
0.88252	0.00290648
0.882572	0.0034144
0.882808	0.00319574
0.882826	0.00384037
0.883065	0.00360665
0.883298	0.00340027
0.8836	0.00292046
0.883618	0.0035606
0.883753	0.00373723
0.883965	0.00361125
0.884083	0.00385444
0.884319	0.00363199
0.884528	0.00351794
0.884722	0.00345821
0.884753	0.00404313
0.884976	0.00387397
0.885129	0.00397667
0.885368	0.00373692
0.885375	0.00441547
0.885664	0.00398359
0.885771	0.00426298
0.886028	0.00395147
0.886108	0.0043413
0.886205	0.00466082
0.886438	0.00444619
0.886518	0.00483235
0.886661	0.00497363
0.886914	0.00467497
0.886886	0.00548556
0.887112	0.00529589
0.88731	0.0052151
0.887387	0.0056147
0.887675	0.00517493
0.887835	0.00524512
0.888081	0.00497017
0.888185	0.00525683
0.888234	0.00576151
0.888446	0.00562406
0.88863	0.00559427
0.888627	0.00630487
0.888922	0.00583626
0.889037	0.00607945
0.889304	0.00571905
0.889332	0.00630417
0.889457	0.00650552
0.889697	0.00625331
0.889756	0.0067136
0.889936	0.00669404
0.890117	0.0066733
0.890225	0.00694139
0.89052	0.00646813
0.890575	0.00693948
0.890773	0.00684879
0.890996	0.00666265
0.891086	0.0069968
0.891145	0.00745249
0.891388	0.00718254
0.891513	0.00737684
0.89176	0.00709302
0.891777	0.00771189
0.891906	0.00789254
0.892166	0.00755107
0.892316	0.00764882
0.89233	0.00827923
0.892673	0.00760816
0.892767	0.00792282
0.892757	0.00864958
0.893038	0.00822309
0.893118	0.00859202
0.89317	0.00907022
0.89341	0.0088082
0.893507	0.00910779
0.893716	0.00896743
0.893834	0.00918328
0.89399	0.00924926
0.894167	0.00923138
0.894299	0.00939078
0.89441	0.0096316
0.894657	0.00933956
0.894782	0.00952529
0.89506	0.00910673
0.89522	0.00915517
0.895223	0.0098198
0.895348	0.0100031
0.895633	0.0095582
0.895807	0.00954809
0.895751	0.0104441
0.896026	0.0100366
0.896185	0.0100826
0.89629	0.0103456
0.896446	0.0104044
0.896609	0.0104333
0.896797	0.0103678
0.896786	0.0110811
0.896908	0.0112755
0.897182	0.010865
0.897276	0.0111675
0.897394	0.011373
0.897547	0.0114417
0.897863	0.0108652
0.897954	0.0111797
0.897995	0.011685
0.898096	0.0119583
0.898419	0.0113522
0.898478	0.0117873
0.898732	0.011455
0.89878	0.0119331
0.898999	0.0117353
0.899138	0.0118539
0.899208	0.0122469
0.899287	0.0125984
0.89951	0.0123863
0.899673	0.0124083
0.899697	0.0129774
0.899857	0.0130126
0.900034	0.0129776
0.900076	0.0134774
0.900337	0.0131119
0.900378	0.013612
0.900569	0.0135199
0.900792	0.0133061
0.900792	0.0139676
0.900979	0.01389
0.901188	0.0137304
0.901306	0.0139235
0.901288	0.0146519
0.901476	0.0145728
0.901761	0.0141086
0.901973	0.0139312
0.902112	0.0140416
0.902105	0.0147277
0.902257	0.0147829
0.902501	0.0144803
0.90256	0.0149042
0.902803	0.0146025
0.902827	0.0151624
0.902959	0.0152965
0.903241	0.0148424
0.903383	0.0149355
0.903317	0.0158503
0.90363	0.0152712
0.903623	0.0159516
0.903678	0.0163879
0.903862	0.0163138
0.904026	0.0163234
0.904199	0.0162902
0.904192	0.0169705
0.904387	0.0168554
0.904477	0.0171498
0.904734	0.0167888
0.904894	0.0168075
0.904859	0.0175937
0.904998	0.0176962
0.905109	0.017907
0.905346	0.0176254
0.905516	0.017602
0.905422	0.0186204
0.905669	0.0182957
0.905721	0.0187391
0.905867	0.0188106
0.90612	0.0184569
0.906127	0.0190763
0.906186	0.0194905
0.906377	0.019382
0.906554	0.0193291
0.906659	0.0195632
0.906867	0.0193863
0.906829	0.0201806
0.906985	0.0202084
0.907086	0.0204555
0.907069	0.0211683
0.907333	0.0207708
0.907385	0.0212078
0.907496	0.0214114
0.90767	0.0213692
0.90776	0.0216545
0.907833	0.0220085
0.907874	0.022486
0.908031	0.0225116
0.908232	0.0223567
0.908319	0.0226549
0.908309	0.0233362
0.908434	0.023484
0.908583	0.0235339
0.908642	0.02394
0.908812	0.0239078
0.908698	0.0249999
0.908986	0.0245003
0.908996	0.025101
0.909156	0.0251062
0.909236	0.0254292
0.909434	0.025285
0.909389	0.0261003
0.909521	0.0262165
0.909778	0.0258397
0.909788	0.0264336
0.909841	0.0268657
0.910007	0.0268429
0.909927	0.0277943
0.910188	0.0274014
0.910348	0.0274056
0.910334	0.0280939
0.910348	0.0286749
0.910633	0.0281851
0.910594	0.0289698
0.910688	0.0292328
0.910765	0.0295647
0.910928	0.0295533
0.911081	0.0295837
0.911115	0.0300784
0.911174	0.0304788
0.911154	0.0311923
0.911428	0.0307417
0.911334	0.031743
0.911546	0.0315389
0.911577	0.0320457
0.91157	0.0327039
0.911577	0.0333081
0.911828	0.0329519
0.911855	0.0334729
0.912001	0.0335267
0.912095	0.0337858
0.912231	0.0338814
0.912283	0.0343046
0.912314	0.0348096
0.912328	0.0353835
0.912394	0.0357527
0.912418	0.0362853
0.912654	0.0359814
0.912734	0.0362938
0.912887	0.0363185
0.912804	0.0372748
0.913068	0.0368603
0.913061	0.0375137
0.913082	0.0380593
0.913214	0.0381636
0.913168	0.0389682
0.913227	0.0393617
0.913425	0.0392064
0.913516	0.0394754
0.91362	0.0396889
0.913766	0.0397386
0.91361	0.0409811
0.913627	0.0415371
0.913755	0.0416545
0.91387	0.0418268
0.913995	0.0419584
0.914026	0.0424579
0.914033	0.0430545
0.914023	0.0437196
0.914224	0.0435493
0.914318	0.0438018
0.91437	0.0442186
0.914461	0.0444851
0.914527	0.0448482
0.914547	0.0453879
0.91469	0.0454477
0.91469	0.0460698
0.914836	0.0461159
0.914825	0.0467789
0.914818	0.0474273
0.914877	0.0478178
0.914968	0.0480814
0.915138	0.0480298
0.915207	0.0483771
0.915214	0.0489696
0.915235	0.0495084
0.91528	0.0499495
0.915485	0.0497614
0.91552	0.0502438
0.91553	0.0508242
0.915586	0.0512228
0.915732	0.0512659
0.915788	0.051665
0.915913	0.0517926
0.915892	0.052491
0.915913	0.0530275
0.916055	0.0530838
0.916041	0.0537568
0.916069	0.054265
0.916184	0.0544306
0.916305	0.0545682
0.916368	0.0549393
0.916402	0.0554187
0.916468	0.0557753
0.916406	0.0566383
0.916482	0.0569543
0.916646	0.0569278
0.916722	0.0572411
0.916719	0.0578704
0.916857	0.0579388
0.916885	0.0584451
0.916937	0.0588543
0.916986	0.0592778
0.916885	0.0602912
0.917142	0.0598915
0.917132	0.0605478
0.917156	0.0610664
0.91717	0.061627
0.917181	0.0622001
0.91725	0.0625409
0.917313	0.0629081
0.917382	0.063249
0.91749	0.0634377
0.917514	0.063955
0.917497	0.0646372
0.917542	0.0650737
0.917552	0.0656454
0.917549	0.0662725
0.91757	0.0668044
0.917656	0.0670757
0.917677	0.0676068
0.91782	0.0676572
0.917847	0.0681605
0.917955	0.068349
0.917938	0.0690298
0.918004	0.0693817
0.918063	0.0697606
0.917966	0.0707567
0.918087	0.0708888
0.918105	0.0714323
0.918115	0.0720031
0.918111	0.072629
0.918115	0.0732266
0.918275	0.0732085
0.918257	0.0738886
0.918369	0.0740623
0.918428	0.0744396
0.918448	0.0749683
0.918455	0.0755518
0.918514	0.0759308
0.918612	0.0761571
0.918629	0.0766987
0.918667	0.0771578
0.918744	0.0774682
0.918744	0.0780778
0.918778	0.0785504
0.918716	0.0794075
0.918782	0.0797575
0.918824	0.0802045
0.918831	0.0807852
0.918862	0.0812712
0.918837	0.0819778
0.918897	0.0823561
0.919032	0.0824289
0.919022	0.0830795
0.919133	0.0832506
0.919126	0.083887
0.919185	0.0842624
0.919227	0.0847075
0.919161	0.0855765
0.919261	0.0857866
0.919341	0.086083
0.919331	0.0867295
0.919258	0.0876271
0.919317	0.0880017
0.919306	0.0886512
0.919359	0.0890535
0.919456	0.0892788
0.91956	0.0894754
0.919636	0.0897827
0.919602	0.0905264
0.919612	0.0910933
0.919668	0.0914816
0.919671	0.0920746
0.919706	0.0925451
0.919706	0.0931528
0.919741	0.093623
0.919949	0.0934072
0.919897	0.0942195
0.919959	0.0945797
0.919994	0.0950491
0.919998	0.0956417
0.919838	0.0968785
0.920008	0.0968146
0.920019	0.0973802
0.920161	0.0974244
0.920126	0.0981666
0.920171	0.0985953
0.920171	0.0992004
0.920303	0.0992857
0.920317	0.0998363
0.920251	0.100703
0.920359	0.100883
0.920394	0.101351
0.920498	0.101546
0.920411	0.102494
0.920557	0.102523
0.920553	0.103142
0.920477	0.104047
0.920553	0.104352
0.920533	0.105039
0.920553	0.105561
0.920682	0.105658
0.920713	0.10614
0.920817	0.106333
0.920838	0.106854
0.920887	0.107267
0.92089	0.107858
0.920977	0.108118
0.920956	0.108804
0.921088	0.108887
0.920963	0.109984
0.921182	0.109724
0.921047	0.110864
0.921147	0.111067
0.921227	0.111355
0.921231	0.111944
0.921262	0.112423
0.921325	0.112779
0.921352	0.113273
0.921391	0.113724
0.921366	0.114422
0.921533	0.114367
0.921359	0.115655
0.921606	0.115284
0.921603	0.115899
0.921609	0.116474
0.921634	0.11698
0.921606	0.117691
0.921662	0.118073
0.921714	0.118468
0.921741	0.118961
0.921738	0.119576
0.921797	0.119944
0.921933	0.120012
0.921957	0.120516
0.922009	0.120911
0.92212	0.121073
0.922016	0.122084
0.922012	0.122699
0.922012	0.123299
0.922096	0.123571
0.922082	0.124226
0.922158	0.124526
0.922176	0.125055
0.922217	0.125491
0.92229	0.125803
0.922263	0.126514
0.922349	0.12677
0.922415	0.12711
0.922429	0.127654
0.922419	0.128295
0.922422	0.12888
0.922544	0.129
0.922572	0.129489
0.92261	0.129938
0.922565	0.130714
0.922659	0.130943
0.922572	0.131884
0.922832	0.131456
0.922617	0.132903
0.922822	0.132693
0.922784	0.133442
0.92277	0.134096
0.922811	0.13453
0.922818	0.1351
0.922912	0.135329
0.92294	0.135817
0.922933	0.136442
0.922954	0.136958
0.922964	0.137515
0.92303	0.137852
0.923121	0.138092
0.92319	0.138416
0.923121	0.139287
0.923228	0.13946
0.923124	0.140468
0.923225	0.140668
0.923273	0.141073
0.923239	0.141807
0.923284	0.142225
0.923343	0.14259
0.923228	0.143638
0.923246	0.144167
0.923249	0.144751
0.923385	0.144812
0.92335	0.145546
0.923378	0.146034
0.923388	0.146589
0.923464	0.146883
0.923527	0.147233
0.923482	0.148008
0.923534	0.148397
0.923572	0.148843
0.923662	0.149083
0.923652	0.14972
0.92368	0.150206
0.923694	0.150747
0.923739	0.151164
0.923704	0.151898
0.923753	0.1523
0.923694	0.15313
0.92377	0.153423
0.923784	0.153964
0.923777	0.154587
0.923777	0.155182
0.923892	0.155325
0.923895	0.155907
0.924006	0.156063
0.923777	0.157562
0.923812	0.15802
0.923944	0.158095
0.924027	0.158361
0.924052	0.158859
0.924045	0.159481
0.924031	0.160132
0.924086	0.160506
0.924041	0.161279
0.924111	0.161599
0.924086	0.16229
0.924145	0.162652
0.924166	0.163163
0.924298	0.163236
0.924288	0.163872
0.924333	0.164288
0.924371	0.164731
0.924427	0.165105
0.924437	0.165657
0.924447	0.166209
0.924486	0.166653
0.92443	0.167467
0.924416	0.168114
0.924343	0.168995
0.92459	0.168615
0.924597	0.16918
0.924597	0.169774
0.924458	0.170915
0.924593	0.170974
0.924586	0.171594
0.924534	0.172394
0.92459	0.172767
0.924507	0.17369
0.924576	0.174008
0.924569	0.174631
0.924597	0.175112
0.924701	0.175293
0.924781	0.175571
0.924823	0.176
0.924857	0.176454
0.924843	0.177101
0.924889	0.177516
0.92485	0.178258
0.92485	0.17885
0.924923	0.179156
0.92492	0.179761
0.924996	0.180052
0.924854	0.181206
0.924864	0.181756
0.924854	0.18239
0.925007	0.182379
0.925003	0.182984
0.925017	0.183522
0.925	0.184181
0.925028	0.184664
0.925125	0.184872
0.925146	0.185381
0.925163	0.185904
0.925191	0.186386
0.925309	0.18651
0.925302	0.187129
0.925309	0.187692
0.925351	0.188119
0.925337	0.188764
0.925538	0.18856
0.925424	0.189603
0.925486	0.189946
0.925556	0.190263
0.925514	0.191017
0.925389	0.192101
0.925608	0.191829
0.925649	0.192254
0.925646	0.192857
0.925656	0.193406
0.925576	0.194312
0.925653	0.194601
0.925667	0.195135
0.925729	0.195478
0.925712	0.196137
0.925757	0.196548
0.925802	0.19696
0.925816	0.197494
0.92584	0.197988
0.925917	0.198276
0.925906	0.198905
0.926042	0.19896
0.92607	0.19944
0.926066	0.200042
0.92608	0.200575
0.926226	0.200589
0.926094	0.201698
0.926111	0.202217
0.926226	0.202354
0.926216	0.202983
0.926174	0.203736
0.926216	0.20416
0.926257	0.204583
0.926368	0.204733
0.926379	0.205282
0.926473	0.205497
0.92641	0.206332
0.926483	0.206631
0.926511	0.20711
0.926431	0.208012
0.92657	0.208052
0.926598	0.208528
0.926719	0.208637
0.926612	0.209648
0.926643	0.210111
0.926692	0.210506
0.926605	0.211437
0.926796	0.211269
0.926629	0.212513
0.926879	0.212114
0.926869	0.212742
0.926872	0.213313
0.926778	0.21427
0.926862	0.214528
0.926983	0.214635
0.926876	0.215646
0.926886	0.216192
0.926851	0.216914
0.926896	0.217323
0.926907	0.217867
0.926869	0.218604
0.926848	0.219273
0.926893	0.219681
0.926914	0.220185
0.926949	0.220635
0.926949	0.22122
0.926994	0.221629
0.927028	0.222077
0.927129	0.222265
0.927147	0.222782
0.927088	0.223601
0.927101	0.224131
0.927178	0.224416
0.927129	0.225193
0.927209	0.225464
0.927251	0.225884
0.927258	0.226442
0.927258	0.227027
0.927268	0.227572
0.927268	0.228156
0.927261	0.228769
0.927272	0.229313
0.927407	0.229364
0.927414	0.229922
0.927268	0.231081
0.927407	0.231118
0.9274	0.231731
0.927265	0.23285
0.927317	0.233229
0.927404	0.233472
0.927372	0.23418
0.927411	0.234614
0.927407	0.235213
0.92731	0.236181
0.927393	0.236437
0.927407	0.236967
0.927418	0.237511
0.927484	0.237834
0.927515	0.238296
0.927445	0.239154
0.927553	0.239315
0.927657	0.239487
0.927581	0.240373
0.927675	0.240587
0.927675	0.241171
0.927671	0.241769
0.927626	0.242531
0.927702	0.242815
0.92773	0.243288
0.927706	0.243967
0.927751	0.244374
0.927779	0.244847
0.92781	0.245307
0.927817	0.245864
0.927918	0.24605
0.927807	0.247071
0.927817	0.247615
0.927817	0.248197
0.927758	0.249014
0.927817	0.249365
0.927848	0.249825
0.928074	0.249517
0.927817	0.251115
0.927855	0.251548
0.927814	0.252295
0.927928	0.252426
0.928077	0.252421
0.927921	0.25362
0.927949	0.254093
0.927977	0.254567
0.928067	0.254794
0.928043	0.255472
0.928081	0.255904
0.928077	0.2565
0.928154	0.256782
0.928112	0.257529
0.928126	0.258058
0.928133	0.258612
0.928133	0.259195
0.928168	0.259642
0.92821	0.260058
0.928234	0.260545
0.928265	0.261004
0.92822	0.261764
0.928213	0.262374
0.92822	0.262929
0.92823	0.26347
0.928289	0.26382
0.928282	0.264429
0.928477	0.264243
0.92847	0.264853
0.92848	0.265393
0.92848	0.265976
0.92854	0.266323
0.928543	0.266891
0.928512	0.267596
0.928585	0.26789
0.928546	0.268621
0.928623	0.268902
0.928658	0.269345
0.928678	0.269844
0.928672	0.270453
0.928797	0.270541
0.928821	0.271025
0.928786	0.271742
0.9288	0.272268
0.928758	0.273014
0.9288	0.27343
0.928887	0.273667
0.928922	0.274111
0.928897	0.274788
0.928894	0.275381
0.928984	0.275605
0.928887	0.276569
0.928904	0.277081
0.928918	0.277606
0.92904	0.277707
0.929047	0.278259
0.928991	0.279059
0.928929	0.279886
0.9293	0.278999
0.929054	0.280551
0.92914	0.280789
0.929179	0.281217
0.929206	0.281687
0.929255	0.282075
0.929262	0.282627
0.92929	0.283096
0.929325	0.283538
0.929318	0.284147
0.929321	0.284711
0.929338	0.285221
0.929377	0.28565
0.92938	0.286214
0.929391	0.286753
0.929516	0.286838
0.92945	0.287677
0.929446	0.288269
0.929696	0.287863
0.92946	0.289372
0.929623	0.289305
0.9297	0.289582
0.929585	0.290613
0.92971	0.290698
0.929717	0.291248
0.92971	0.291853
0.92971	0.292432
0.929696	0.293064
0.929728	0.293519
0.929707	0.294179
0.929728	0.294675
0.929731	0.29524
0.929714	0.295885
0.92978	0.296203
0.929818	0.29663
0.929762	0.297426
0.929769	0.297978
0.929818	0.298363
0.92987	0.298736
0.929898	0.299202
0.929939	0.299616
0.929936	0.300207
0.929891	0.300963
0.930082	0.300786
0.929915	0.302021
0.930099	0.301872
0.930071	0.302559
0.930037	0.303272
0.930016	0.303931
0.930064	0.304316
0.930117	0.304688
0.93011	0.305292
0.930124	0.305813
0.930117	0.306418
0.930103	0.30705
0.930193	0.30727
0.930117	0.308148
0.9302	0.308396
0.930103	0.309357
0.930117	0.309879
0.930117	0.310455
0.930113	0.311045
0.930106	0.31165
0.930242	0.311691
0.930124	0.312735
0.930252	0.312804
0.930144	0.313806
0.930262	0.313916
0.930259	0.314506
0.930259	0.315082
0.930249	0.315699
0.930221	0.316386
0.930273	0.316757
0.930262	0.317374
0.930252	0.317992
0.930252	0.318568
0.930269	0.319076
0.930245	0.319748
0.930315	0.320051
0.930256	0.320859
0.93037	0.320983
0.930266	0.321971
0.930499	0.321629
0.930485	0.32226
0.930367	0.323301
0.930516	0.323287
0.93052	0.32385
0.930526	0.324397
0.930568	0.324808
0.930526	0.325548
0.930554	0.326015
0.930592	0.326441
0.930648	0.326795
0.930613	0.327507
0.930665	0.327877
0.930655	0.328493
0.930599	0.329288
0.930662	0.329616
0.930679	0.330123
0.930655	0.330794
0.930554	0.331768
0.930676	0.331862
0.930672	0.332452
0.930669	0.33304
0.930665	0.333629
0.93069	0.334107
0.930756	0.334423
0.930669	0.33534
0.930669	0.335915
0.930679	0.336449
0.930909	0.33612
0.930665	0.337654
0.930665	0.338229
0.930763	0.33842
0.930916	0.338392
0.930714	0.339761
0.930787	0.340049
0.930933	0.340047
0.93094	0.340595
0.93087	0.341443
0.930954	0.341688
0.930919	0.3424
0.930919	0.342975
0.931006	0.343205
0.930978	0.343889
0.931006	0.344354
0.931068	0.344682
0.931086	0.345187
0.931117	0.345638
0.931103	0.346266
0.931145	0.346676
0.931232	0.346906
0.931232	0.347479
0.931284	0.347847
0.931336	0.348216
0.931343	0.348761
0.931343	0.349334
0.931329	0.349962
0.931482	0.349932
0.931339	0.351067
0.931485	0.351065
0.931357	0.352144
0.931395	0.352567
0.931385	0.353181
0.931485	0.353357
0.931437	0.354121
0.931506	0.35442
0.931398	0.355417
0.931492	0.35562
0.931402	0.356549
0.931482	0.356808
0.931475	0.357407
0.931496	0.357898
0.931579	0.358141
0.931683	0.358303
0.931704	0.358793
0.931749	0.359186
0.93176	0.359717
0.931767	0.360262
0.93184	0.360546
0.931788	0.361322
0.931746	0.362059
0.931756	0.362591
0.931888	0.362641
0.931892	0.363199
0.931892	0.36377
0.931767	0.364836
0.931805	0.365257
0.931892	0.365485
0.931899	0.36603
0.931867	0.366725
0.931944	0.366995
0.931958	0.367511
0.931902	0.368304
0.931961	0.368641
0.932131	0.36854
0.932156	0.369015
0.932142	0.36964
0.932149	0.370184
0.932197	0.370563
0.932204	0.371106
0.932281	0.371375
0.932239	0.372111
0.932229	0.372722
0.932295	0.373032
0.932277	0.37367
0.932284	0.374214
0.932291	0.374756
0.932298	0.375299
0.932305	0.375842
0.932298	0.37644
0.932354	0.376791
0.932305	0.377552
0.932288	0.378192
0.93251	0.377885
0.932493	0.378523
0.932291	0.379888
0.932322	0.380334
0.932548	0.380014
0.932298	0.381571
0.932538	0.381194
0.932312	0.382655
0.932371	0.382993
0.932559	0.382823
0.932555	0.383406
0.932336	0.384839
0.932559	0.384533
0.932385	0.385787
0.932371	0.386412
0.932576	0.386172
0.932552	0.386839
0.932562	0.387367
0.932541	0.388019
0.932642	0.388191
0.932555	0.389103
0.932562	0.389645
0.932663	0.389818
0.932694	0.390263
0.932607	0.391175
0.932618	0.391703
0.932625	0.392245
0.932677	0.392608
0.932659	0.393247
0.932725	0.393555
0.932677	0.394316
0.932767	0.394529
0.932798	0.394975
0.932732	0.395804
0.932871	0.395825
0.932771	0.396791
0.932743	0.39747
0.932882	0.39749
0.932903	0.397977
0.93291	0.398517
0.932826	0.399416
0.932854	0.399874
0.932948	0.400072
0.932934	0.400696
0.932934	0.401265
0.932944	0.401792
0.932948	0.402347
0.932944	0.402929
0.932937	0.403525
0.932972	0.403956
0.933	0.404415
0.932962	0.405134
0.932965	0.405688
0.932955	0.406298
0.932969	0.406811
0.932965	0.407393
0.932923	0.408126
0.933042	0.408229
0.933042	0.408796
0.932958	0.409693
0.932951	0.41029
0.932951	0.410858
0.933104	0.410823
0.933094	0.411432
0.932989	0.412412
0.933111	0.4125
0.932976	0.413602
0.933108	0.41365
0.933028	0.414534
0.933017	0.415142
0.933042	0.415615
0.933059	0.416114
0.933048	0.416724
0.933187	0.416743
0.933097	0.417667
0.933246	0.417646
0.933194	0.418419
0.933208	0.418932
0.933302	0.419129
0.933299	0.41971
0.933351	0.420072
0.933358	0.420611
0.933389	0.421055
0.93342	0.421499
0.933431	0.422026
0.933441	0.422551
0.933476	0.422981
0.933451	0.423644
0.933444	0.424238
0.933396	0.424997
0.933524	0.425057
0.93349	0.42576
0.933531	0.426163
0.933549	0.42666
0.933545	0.427242
0.933531	0.427862
0.933528	0.428443
0.933517	0.429051
0.933469	0.42981
0.933524	0.430157
0.933552	0.430615
0.933625	0.430893
0.933792	0.430801
0.93367	0.431847
0.933781	0.431975
0.933726	0.43276
0.933799	0.433038
0.933792	0.433631
0.933827	0.434061
0.933851	0.434531
0.933913	0.434848
0.933924	0.435373
0.933893	0.436063
0.933896	0.436614
0.933917	0.437097
0.933997	0.437347
0.934032	0.437776
0.934098	0.438081
0.934091	0.438673
0.934125	0.439101
0.934177	0.439461
0.934118	0.440258
0.934184	0.440562
0.934209	0.441031
0.934198	0.441638
0.93425	0.441996
0.934181	0.442836
0.934195	0.443345
0.934302	0.443485
0.934334	0.443926
0.934223	0.444929
0.934344	0.445013
0.934226	0.446044
0.93424	0.446554
0.934348	0.446693
0.934337	0.447299
0.934323	0.447918
0.934351	0.448373
0.934372	0.448854
0.934438	0.449158
0.934455	0.449654
0.93448	0.450121
0.93449	0.450644
0.934632	0.450647
0.934532	0.451607
0.934612	0.451856
0.934619	0.452392
0.934612	0.452982
0.93465	0.453395
0.934636	0.454014
0.934671	0.454441
0.934657	0.455057
0.934709	0.455417
0.934657	0.456184
0.934629	0.456856
0.934705	0.457119
0.934712	0.457655
0.934737	0.458122
0.934768	0.458562
0.934931	0.45848
0.934761	0.459715
0.934771	0.460236
0.934917	0.460224
0.934768	0.461376
0.934758	0.46198
0.934768	0.462502
0.934775	0.463038
0.934956	0.462888
0.93499	0.463314
0.934758	0.464794
0.934754	0.46537
0.935025	0.464864
0.934744	0.466537
0.935011	0.466045
0.934858	0.46721
0.934883	0.467677
0.935035	0.467637
0.935008	0.468308
0.935028	0.468788
0.935015	0.469404
0.935025	0.469927
0.935039	0.470434
0.935108	0.470722
0.935084	0.47138
0.935105	0.47186
0.935143	0.472271
0.935091	0.473038
0.935136	0.473422
0.935028	0.47441
0.935133	0.474562
0.935164	0.474999
0.935143	0.475643
0.93516	0.476137
0.93524	0.476383
0.935265	0.476848
0.935226	0.47756
0.935157	0.478397
0.935174	0.47889
0.93516	0.479506
0.935164	0.480054
0.935164	0.480617
0.935272	0.480753
0.935164	0.481739
0.935171	0.482274
0.935167	0.48285
0.935167	0.483412
0.935174	0.483946
0.935202	0.484398
0.93516	0.485125
0.935414	0.484686
0.935171	0.486206
0.935424	0.485767
0.935428	0.486315
0.935466	0.486725
0.935355	0.487724
0.935428	0.487998
0.9354	0.488669
0.935424	0.489134
0.935421	0.489709
0.935421	0.490269
0.935435	0.490776
0.93549	0.491118
0.935452	0.491829
0.935532	0.492075
0.935529	0.49265
0.935501	0.493321
0.935577	0.493579
0.935574	0.494153
0.935574	0.494714
0.935605	0.495151
0.935591	0.495766
0.935661	0.496053
0.935647	0.496668
0.935734	0.496886
0.935741	0.49742
0.935723	0.498047
0.935824	0.49821
0.935775	0.498961
0.935772	0.499535
0.935876	0.499684
0.935834	0.500409
0.935876	0.500803
0.935852	0.50146
0.935834	0.502087
0.935841	0.50262
0.935845	0.503166
0.93597	0.503233
0.935862	0.504217
0.935869	0.50475
0.935991	0.504829
0.935932	0.505622
0.935994	0.505934
0.935994	0.506494
0.935998	0.507039
0.936008	0.507557
0.936126	0.507651
0.935998	0.508718
0.936161	0.508632
0.93621	0.508999
0.936248	0.509407
0.936178	0.51024
0.936244	0.510538
0.93631	0.510837
0.936342	0.511271
0.936401	0.511598
0.936335	0.512416
0.93638	0.512796
0.936366	0.513408
0.936387	0.513885
0.936411	0.514347
0.936411	0.514905
0.936404	0.51549
0.936411	0.516022
0.936661	0.515592
0.936435	0.517041
0.936449	0.517546
0.93663	0.51739
0.936519	0.518385
0.936661	0.518381
0.936658	0.518952
0.936713	0.519291
0.936685	0.519957
0.936717	0.520391
0.936724	0.520921
0.936727	0.521465
0.936731	0.52201
0.936783	0.52236
0.936755	0.523026
0.936738	0.523652
0.936824	0.523867
0.936949	0.52393
0.937022	0.524198
0.936981	0.52492
0.936988	0.525449
0.937057	0.525731
0.937085	0.526177
0.937127	0.526569
0.937061	0.527385
0.937227	0.527283
0.937213	0.527894
0.937099	0.528902
0.93722	0.528979
0.937113	0.529959
0.937186	0.530227
0.937147	0.530935
0.937189	0.531325
0.937175	0.531936
0.937196	0.532411
0.937196	0.532965
0.937213	0.533453
0.93722	0.533981
0.9372	0.534619
0.937266	0.534915
0.937234	0.535593
0.937207	0.536259
0.937217	0.536773
0.937391	0.536644
0.937422	0.537076
0.937328	0.538
0.937342	0.538502
0.937481	0.538509
0.937484	0.53905
0.937464	0.539687
0.937491	0.540132
0.937592	0.54029
0.937547	0.541022
0.937491	0.541796
0.937543	0.542145
0.937554	0.54266
0.937519	0.543351
0.937547	0.543797
0.937599	0.544145
0.937613	0.544647
0.937561	0.545406
0.937641	0.545645
0.937592	0.546391
0.937602	0.546905
0.937547	0.547679
0.937797	0.547246
0.93762	0.548499
0.937794	0.548369
0.937613	0.549635
0.937547	0.550452
0.93762	0.550717
0.937606	0.551327
0.937672	0.551621
0.937766	0.551805
0.937679	0.552702
0.9378	0.552777
0.93786	0.553098
0.937762	0.554035
0.93786	0.554205
0.937762	0.555143
0.937762	0.555696
0.937863	0.555854
0.93787	0.55638
0.937873	0.556921
0.937842	0.557597
0.93786	0.558083
0.937922	0.55839
0.937926	0.55893
0.937926	0.559484
0.937919	0.560065
0.937929	0.560579
0.937901	0.56124
0.938009	0.561369
0.937964	0.5621
0.937981	0.562586
0.938012	0.563016
0.93796	0.563774
0.937981	0.564246
0.937985	0.564786
0.938082	0.564956
0.937985	0.565892
0.938023	0.566295
0.938044	0.566766
0.938214	0.566648
0.938151	0.567447
0.938231	0.567685
0.938263	0.568114
0.938276	0.568612
0.938297	0.569082
0.938026	0.570704
0.938266	0.570311
0.93828	0.57081
0.938332	0.571157
0.938276	0.571928
0.938276	0.57248
0.938273	0.573047
0.938273	0.5736
0.938266	0.57418
0.938301	0.574595
0.938328	0.575038
0.938419	0.575234
0.938318	0.576183
0.938422	0.576325
0.938415	0.576904
0.938426	0.577415
0.938464	0.577818
0.938391	0.578656
0.938516	0.578716
0.938516	0.579267
0.938502	0.579874
0.938579	0.580124
0.938537	0.58084
0.938641	0.580981
0.938676	0.581395
0.938676	0.581946
0.938672	0.582512
0.93869	0.582995
0.938735	0.583367
0.938683	0.584124
0.938683	0.584676
0.938693	0.585186
0.938752	0.585505
0.938836	0.585727
0.938749	0.58662
0.938714	0.587309
0.938836	0.587381
0.938808	0.588041
0.938818	0.588551
0.938922	0.588691
0.938919	0.589255
0.938999	0.58949
0.93895	0.590233
0.939107	0.590167
0.939138	0.590593
0.939124	0.591198
0.93911	0.591803
0.939246	0.591818
0.939225	0.59245
0.939235	0.592959
0.939409	0.592823
0.939246	0.594016
0.939312	0.594306
0.939242	0.59513
0.939325	0.595351
0.939246	0.596215
0.939232	0.596819
0.93935	0.596903
0.939249	0.59785
0.939249	0.598399
0.939478	0.598045
0.939305	0.599279
0.93951	0.59902
0.939496	0.599624
0.939489	0.6002
0.939527	0.600598
0.939562	0.60101
0.939544	0.601627
0.939523	0.602258
0.93951	0.602862
0.93961	0.603014
0.939746	0.603027
0.939652	0.603945
0.939822	0.603822
0.93968	0.604933
0.939725	0.605303
0.939864	0.605303
0.939885	0.605768
0.939902	0.606248
0.939926	0.6067
0.939902	0.607343
0.940003	0.607493
0.939913	0.608397
0.939906	0.608972
0.939944	0.609369
0.939923	0.609999
0.939888	0.610684
0.939892	0.611218
0.939895	0.611752
0.939829	0.612562
0.939902	0.61282
0.940065	0.612723
0.939906	0.613901
0.939909	0.614435
0.939947	0.614833
0.939909	0.615531
0.940062	0.615476
0.940055	0.61605
0.93993	0.617092
0.939913	0.617707
0.939909	0.618268
0.940062	0.618213
0.939985	0.619062
0.940062	0.619308
0.940058	0.619869
0.940069	0.620375
0.940086	0.620853
0.94019	0.62099
0.940145	0.621715
0.940305	0.621631
0.940284	0.622261
0.940288	0.622793
0.940211	0.623642
0.940197	0.624242
0.940315	0.624323
0.940319	0.624856
0.940322	0.625389
0.940336	0.62588
0.940326	0.626469
0.940409	0.626688
0.940402	0.627259
0.940423	0.627723
0.940468	0.628092
0.940444	0.628734
0.940479	0.629142
0.940486	0.629661
0.9405	0.630153
0.940475	0.630793
0.940566	0.630984
0.940486	0.631845
0.940621	0.631857
0.940475	0.632978
0.940475	0.633523
0.940486	0.634029
0.940611	0.634081
0.940465	0.635202
0.940472	0.635721
0.940652	0.635554
0.940472	0.636813
0.940472	0.637358
0.940479	0.637877
0.940472	0.638451
0.940739	0.637941
0.940506	0.639405
0.940579	0.639663
0.940621	0.640044
0.940722	0.640193
0.940691	0.640861
0.940604	0.641749
0.940739	0.64176
0.940701	0.642456
0.940677	0.643097
0.940642	0.643781
0.940718	0.644024
0.940795	0.644268
0.940757	0.644964
0.940715	0.645672
0.940767	0.646013
0.940812	0.646382
0.940771	0.647089
0.940788	0.647566
0.940864	0.647809
0.940871	0.648327
0.940875	0.648858
0.940885	0.649362
0.940909	0.64981
0.941028	0.64989
0.941094	0.650173
0.941031	0.650965
0.941135	0.651096
0.941097	0.651793
0.941132	0.652201
0.941177	0.652565
0.941097	0.653424
0.941135	0.653818
0.941125	0.654403
0.941003	0.655427
0.941125	0.65549
0.941118	0.656064
0.941285	0.655949
0.941125	0.657124
0.941135	0.657626
0.941132	0.658185
0.941219	0.658385
0.941194	0.659025
0.941229	0.659432
0.941239	0.659935
0.941191	0.66067
0.941278	0.660871
0.941264	0.66147
0.941264	0.662014
0.941455	0.661803
0.941448	0.662374
0.941521	0.662629
0.941531	0.663131
0.941542	0.663633
0.941594	0.66397
0.94159	0.664527
0.94167	0.664754
0.941611	0.665529
0.941597	0.666127
0.941691	0.666299
0.941663	0.666952
0.941646	0.667562
0.941688	0.66794
0.941764	0.668181
0.941792	0.668614
0.941851	0.668923
0.941674	0.670164
0.941663	0.670747
0.941688	0.671195
0.94174	0.671531
0.941938	0.671291
0.941712	0.672724
0.941858	0.672691
0.941948	0.672877
0.941938	0.673459
0.941976	0.67385
0.941938	0.674542
0.942007	0.67481
0.942063	0.675132
0.942063	0.675673
0.942084	0.676133
0.942108	0.676578
0.942087	0.677201
0.942108	0.67766
0.942195	0.677859
0.942344	0.67781
0.942104	0.679296
0.942146	0.679673
0.942139	0.680242
0.94209	0.680974
0.942115	0.681419
0.94225	0.681426
0.942226	0.682063
0.942205	0.682686
0.942302	0.682843
0.942275	0.683493
0.942344	0.68376
0.942341	0.684314
0.942358	0.684786
0.942389	0.685203
0.942351	0.685894
0.942355	0.686421
0.942386	0.686838
0.942355	0.687501
0.942407	0.687837
0.942448	0.688212
0.94241	0.688903
0.942375	0.68958
0.942414	0.68997
0.942431	0.690442
0.942441	0.69094
0.942445	0.691469
0.942497	0.691801
0.942466	0.692464
0.942462	0.693019
0.942487	0.693462
0.942553	0.693743
0.94249	0.694529
0.94249	0.695069
0.942584	0.695239
0.942542	0.695944
0.942695	0.69588
0.942587	0.696845
0.942514	0.697672
0.942615	0.697815
0.942702	0.698012
0.94265	0.698756
0.942653	0.699282
0.942664	0.699781
0.942674	0.700278
0.94273	0.700599
0.9425	0.702043
0.942594	0.702213
0.942698	0.702341
0.94266	0.703032
0.942841	0.702858
0.942761	0.703713
0.942771	0.704211
0.942858	0.704407
0.942747	0.705384
0.942757	0.705883
0.942813	0.706203
0.942799	0.706796
0.942858	0.707102
0.9429	0.707477
0.942837	0.708262
0.942837	0.708801
0.9429	0.709094
0.9429	0.709633
0.942855	0.710349
0.942924	0.710614
0.942907	0.711221
0.942907	0.71176
0.942896	0.712341
0.942931	0.712741
0.942907	0.713376
0.942924	0.713847
0.943011	0.714043
0.942942	0.714855
0.942949	0.715367
0.942983	0.715768
0.942962	0.716389
0.943074	0.716488
0.943049	0.717123
0.942987	0.717909
0.942903	0.718776
0.943133	0.71841
0.943164	0.718824
0.943153	0.719404
0.943098	0.72016
0.943185	0.720357
0.943226	0.72073
0.943237	0.721227
0.943174	0.722011
0.943237	0.722303
0.943272	0.722703
0.943306	0.723104
0.943334	0.723532
0.943327	0.724096
0.94332	0.724661
0.943313	0.725227
0.943317	0.725751
0.943317	0.726288
0.943324	0.726798
0.943324	0.727337
0.943327	0.72786
0.943393	0.728136
0.943362	0.728797
0.943515	0.728732
0.943529	0.729213
0.943522	0.729778
0.943525	0.7303
0.943591	0.730578
0.943633	0.730952
0.943709	0.731184
0.943678	0.731844
0.943681	0.732368
0.943761	0.732588
0.943723	0.733275
0.943813	0.733455
0.943831	0.733923
0.943779	0.734664
0.943866	0.734859
0.943869	0.735379
0.943987	0.73545
0.943827	0.736616
0.944001	0.736466
0.943987	0.737057
0.944032	0.737414
0.944001	0.738073
0.943991	0.738649
0.944001	0.739144
0.94405	0.739488
0.944119	0.739749
0.944116	0.740297
0.944119	0.740819
0.943991	0.741862
0.944147	0.74178
0.94415	0.742301
0.944064	0.743179
0.94405	0.743769
0.944046	0.744318
0.944143	0.74447
0.944147	0.744991
0.944154	0.745498
0.944119	0.746171
0.944209	0.746349
0.944154	0.747104
0.944213	0.747406
0.944216	0.747927
0.944407	0.747708
0.944446	0.748091
0.944428	0.748694
0.944491	0.748982
0.944539	0.749324
0.944484	0.750077
0.944553	0.750337
0.94455	0.750885
0.944571	0.751336
0.944522	0.752061
0.944619	0.752212
0.944703	0.752416
0.944557	0.753526
0.944557	0.754059
0.944557	0.754593
0.94456	0.755113
0.944567	0.75562
0.944543	0.75625
0.944546	0.75677
0.944553	0.757276
0.944546	0.757837
0.944539	0.758398
0.944699	0.758302
0.944533	0.759493
0.944807	0.758945
0.944578	0.760381
0.944539	0.761067
0.944803	0.760559
0.944779	0.761188
0.944769	0.761762
0.944873	0.761884
0.94481	0.762663
0.944807	0.76321
0.944807	0.763743
0.944863	0.764058
0.944845	0.764659
0.944824	0.765275
0.944901	0.765505
0.944845	0.766259
0.944817	0.7669
0.944866	0.767241
0.944946	0.767459
0.944925	0.768074
0.944949	0.768511
0.944876	0.769331
0.944925	0.769674
0.945026	0.769807
0.945008	0.770409
0.945102	0.770571
0.944939	0.771747
0.945029	0.771923
0.944984	0.772634
0.944991	0.77314
0.944984	0.773698
0.94497	0.774287
0.945106	0.774285
0.945095	0.774858
0.945227	0.774869
0.945182	0.775579
0.945213	0.775988
0.944956	0.777534
0.94521	0.777066
0.945199	0.777639
0.945234	0.778035
0.945217	0.778634
0.945269	0.77896
0.945255	0.779547
0.945252	0.780092
0.94529	0.780473
0.945234	0.781223
0.945227	0.781783
0.945161	0.782576
0.945241	0.782792
0.945224	0.783392
0.945245	0.783842
0.945293	0.784182
0.945234	0.784946
0.945234	0.785479
0.94538	0.785434
0.945269	0.786405
0.945224	0.787115
0.94538	0.787029
0.945304	0.787862
0.945328	0.788299
0.945328	0.788829
0.945373	0.789183
0.945474	0.789317
0.945401	0.790136
0.945397	0.790681
0.945432	0.791074
0.945377	0.791825
0.945415	0.792206
0.945488	0.792449
0.945443	0.793159
0.945585	0.793128
0.945585	0.793659
0.945484	0.794586
0.945463	0.7952
0.945637	0.795047
0.94562	0.795645
0.945644	0.79608
0.945675	0.796487
0.945644	0.79714
0.945661	0.797603
0.945731	0.797859
0.945644	0.798732
0.945655	0.799221
0.945668	0.799697
0.945651	0.800297
0.945679	0.800717
0.945714	0.80111
0.945748	0.801504
0.945807	0.801801
0.945731	0.802632
0.945787	0.802944
0.945832	0.803296
0.945811	0.803908
0.945846	0.804301
0.945891	0.804652
0.945891	0.805183
0.945894	0.805699
0.94604	0.805652
0.946068	0.806072
0.946061	0.806629
0.946085	0.807062
0.946134	0.807399
0.946148	0.807873
0.946176	0.808296
0.946217	0.808657
0.946068	0.809777
0.946346	0.809208
0.946207	0.810286
0.946231	0.810719
0.946235	0.811233
0.946224	0.811804
0.946481	0.811318
0.946301	0.812559
0.946255	0.813266
0.946436	0.813082
0.946464	0.813501
0.946485	0.813946
0.946516	0.81435
0.946453	0.815125
0.946419	0.815791
0.946478	0.816086
0.946467	0.816655
0.946506	0.817032
0.946526	0.817478
0.946582	0.817786
0.946568	0.81837
0.946721	0.818294
0.946634	0.819164
0.946714	0.819376
0.946638	0.820205
0.946711	0.820445
0.946773	0.820725
0.946822	0.82106
0.946797	0.821684
0.946919	0.821731
0.946881	0.822409
0.946863	0.823004
0.946888	0.823435
0.946884	0.823975
0.946888	0.824489
0.946888	0.825016
0.946957	0.825269
0.946954	0.825809
0.946895	0.826569
0.946877	0.827164
0.946891	0.827636
0.946877	0.828217
0.946881	0.828731
0.946898	0.829188
0.946912	0.829661
0.947041	0.82968
0.946929	0.830646
0.946915	0.831227
0.94695	0.831617
0.946929	0.832225
0.946978	0.83256
0.946988	0.833046
0.94702	0.833449
0.946968	0.834181
0.947051	0.834379
0.947034	0.834973
0.947041	0.835473
0.947124	0.83567
0.947068	0.836416
0.947232	0.836297
0.947211	0.836906
0.947131	0.837746
0.947214	0.837944
0.947207	0.838497
0.947197	0.839064
0.947218	0.839507
0.947204	0.840089
0.947228	0.840518
0.947249	0.840962
0.947228	0.84157
0.947235	0.842068
0.947332	0.84221
0.947339	0.842708
0.947291	0.843425
0.947315	0.843856
0.947325	0.84434
0.94735	0.844769
0.94745	0.844897
0.947353	0.845807
0.947416	0.846085
0.947311	0.847024
0.947364	0.847342
0.947374	0.847826
0.947405	0.848228
0.94745	0.848575
0.94744	0.849141
0.947294	0.850242
0.947461	0.850109
0.947457	0.850648
0.947492	0.851037
0.94745	0.851726
0.947586	0.851716
0.947569	0.85231
0.947457	0.853273
0.947371	0.854141
0.947454	0.854337
0.947454	0.854863
0.947527	0.8551
0.947464	0.855872
0.947655	0.855642
0.947569	0.85651
0.947509	0.857267
0.947492	0.857861
0.947548	0.858167
0.947572	0.858596
0.947614	0.858955
0.947513	0.859878
0.947596	0.860073
0.947669	0.860311
0.947697	0.860726
0.947641	0.86147
0.947735	0.861625
0.947763	0.862039
0.94776	0.862576
0.947725	0.863238
0.947742	0.863693
0.947829	0.863875
0.947808	0.864481
0.947801	0.865033
0.947773	0.865667
0.947839	0.86593
0.947853	0.866399
0.947857	0.86691
0.94777	0.867776
0.94786	0.867944
0.947926	0.868209
0.948027	0.868334
0.948027	0.868857
0.948093	0.86912
0.948027	0.869903
0.948117	0.870071
0.948128	0.870553
0.948201	0.870788
0.948114	0.871654
0.948114	0.872177
0.948201	0.872358
0.948121	0.873196
0.948124	0.873705
0.948277	0.873625
0.948131	0.874723
0.948166	0.875109
0.948256	0.875275
0.948235	0.875881
0.948218	0.876472
0.94826	0.87683
0.948225	0.87749
0.94826	0.877876
0.948315	0.87818
0.948256	0.878934
0.948458	0.878662
0.948374	0.879514
0.948354	0.880118
0.948312	0.880806
0.948479	0.88067
0.948527	0.881
0.94852	0.881549
0.948548	0.881961
0.948541	0.882511
0.948586	0.882855
0.948631	0.883198
0.948656	0.883624
0.948677	0.884063
0.948743	0.884325
0.948687	0.885065
0.948687	0.885586
0.948687	0.886107
0.948684	0.886643
0.948659	0.887259
0.94868	0.887699
0.948784	0.887809
0.94893	0.887755
0.948927	0.88829
0.948816	0.889248
0.948889	0.889482
0.948829	0.890236
0.948927	0.890373
0.948819	0.891319
0.948965	0.891264
0.948913	0.89199
0.94893	0.892441
0.94901	0.892648
0.948944	0.893428
0.949038	0.893579
0.949045	0.894072
0.949066	0.89451
0.949021	0.895208
0.949097	0.895428
0.949083	0.896002
0.949111	0.896413
0.949128	0.896864
0.949097	0.897509
0.9491	0.898015
0.949097	0.898549
0.949104	0.899041
0.949107	0.899548
0.949107	0.900068
0.949354	0.899615
0.949357	0.90012
0.94934	0.900708
0.949357	0.901159
0.949135	0.902556
0.949354	0.902212
0.949194	0.903363
0.949267	0.903594
0.949205	0.904361
0.949371	0.904222
0.949271	0.90514
0.949371	0.905262
0.949364	0.905809
0.949326	0.906479
0.949354	0.906889
0.949347	0.907435
0.949357	0.907914
0.949378	0.908351
0.949403	0.908775
0.949403	0.909294
0.94943	0.909703
0.949472	0.910058
0.94943	0.910742
0.949427	0.911275
0.94941	0.911862
0.949476	0.912121
0.949413	0.912887
0.949479	0.913146
0.949507	0.913555
0.949389	0.91454
0.949486	0.914676
0.9495	0.915139
0.949583	0.915329
0.949469	0.9163
0.949493	0.916724
0.949635	0.916681
0.949618	0.917268
0.94958	0.917937
0.949639	0.918223
0.949694	0.918522
0.949771	0.918739
0.94967	0.919656
0.949785	0.919721
0.949743	0.920404
0.949767	0.920825
0.94974	0.921453
0.949729	0.922013
0.949792	0.922284
0.949767	0.922899
0.949781	0.923362
0.949764	0.923948
0.949611	0.92507
0.94976	0.924999
0.94976	0.925517
0.949785	0.92594
0.949767	0.926527
0.949774	0.927017
0.949764	0.927577
0.949771	0.928067
0.949917	0.928009
0.949771	0.929103
0.949778	0.929594
0.949767	0.930154
0.949767	0.930671
0.949774	0.931162
0.949764	0.931721
0.949767	0.932226
0.949823	0.932525
0.949844	0.93296
0.949892	0.933286
0.949917	0.933708
0.949844	0.934514
0.949924	0.934716
0.949917	0.935261
0.949969	0.935574
0.949983	0.936036
0.950052	0.936279
0.949945	0.937222
0.950017	0.937452
0.950059	0.937804
0.949979	0.938637
0.950049	0.938881
0.950163	0.938946
0.950149	0.939517
0.950163	0.939979
0.950198	0.940359
0.950285	0.940535
0.950288	0.941036
0.950229	0.941787
0.950292	0.942056
0.950341	0.942381
0.95032	0.942979
0.950334	0.943442
0.950334	0.943957
0.95033	0.944489
0.950327	0.945018
0.950577	0.944548
0.950313	0.946105
0.950431	0.946156
0.950431	0.946672
0.950469	0.947037
0.950486	0.947485
0.950476	0.948042
0.950545	0.948284
0.950549	0.948786
0.95058	0.949178
0.950594	0.94964
0.950677	0.949825
0.950695	0.950273
0.950709	0.950733
0.950684	0.951345
0.950646	0.952011
0.95066	0.952471
0.950691	0.952863
0.950705	0.953325
0.950709	0.953826
0.950761	0.954135
0.950889	0.954143
0.950768	0.955138
0.95091	0.955093
0.950959	0.955414
0.950935	0.956024
0.950966	0.956416
0.95106	0.95656
0.950952	0.9575
0.951098	0.957438
0.950959	0.958501
0.950959	0.959015
0.951008	0.959337
0.951115	0.959427
0.951094	0.960026
0.951108	0.960484
0.951119	0.960956
0.951098	0.961552
0.951219	0.961588
0.951251	0.961977
0.951251	0.962491
0.951365	0.962552
0.9514	0.962929
0.951403	0.963429
0.951456	0.963735
0.951501	0.964071
0.951539	0.964434
0.951518	0.965028
0.951556	0.96539
0.951515	0.966067
0.951536	0.966498
0.951518	0.967079
0.951772	0.966591
0.951529	0.968063
0.95174	0.96774
0.951619	0.968732
0.951532	0.969587
0.951532	0.9701
0.951664	0.970093
0.951688	0.970509
0.95165	0.971172
0.951793	0.971122
0.951633	0.972266
0.951695	0.97253
0.951723	0.972933
0.951754	0.973322
0.951775	0.973753
0.951789	0.97421
0.951789	0.974721
0.951793	0.97522
0.951817	0.975637
0.951789	0.976257
0.951862	0.976482
0.951883	0.976911
0.951904	0.977342
0.951963	0.97762
0.951987	0.978036
0.952018	0.978423
0.952109	0.978579
0.952119	0.979048
0.952102	0.979628
0.952136	0.980002
0.952161	0.980418
0.952182	0.980846
0.952195	0.981302
0.952213	0.981744
0.952182	0.982379
0.952189	0.982862
0.952157	0.983496
0.952178	0.983924
0.952185	0.984409
0.952202	0.984851
0.952237	0.985224
0.952324	0.985392
0.952327	0.985889
0.952255	0.986688
0.952251	0.987212
0.952314	0.987475
0.952282	0.98811
0.952307	0.988525
0.952345	0.988885
0.952414	0.98912
0.952491	0.989329
0.952442	0.990031
0.952501	0.990308
0.952557	0.990598
0.952564	0.991081
0.952574	0.991549
0.952664	0.991703
0.952571	0.992582
0.952588	0.993024
0.952571	0.993602
0.952598	0.994001
0.95263	0.994387
0.952685	0.994678
0.952703	0.995119
0.952741	0.99548
0.952849	0.995562
0.952981	0.99555
0.952988	0.996031
0.952991	0.996525
0.953047	0.996815
0.953144	0.996939
0.953137	0.997475
0.953133	0.997996
0.953133	0.998504
0.953224	0.998656
0.953217	0.999191
0.953363	0.999123
0.953443	0.999315
0.953467	0.999726
0.953727	0.999205
0.953783	0.999492
0.95379	0.99997
0.953793	1.00046
0.954016	1.00009
0.954026	1.00056
0.954196	1.00039
0.954262	1.00063
0.954367	1.00073
0.954401	1.00109
0.954526	1.0011
0.954641	1.00116
0.954731	1.0013
0.954947	1.00096
0.955034	1.00112
0.955047	1.00156
0.95512	1.00178
0.955273	1.00168
0.955423	1.00159
0.955555	1.00157
0.955617	1.00182
0.955624	1.0023
0.955909	1.00167
0.956003	1.0018
0.956072	1.00203
0.956086	1.00247
0.956239	1.00237
0.956381	1.0023
0.956513	1.00228
0.956663	1.00219
0.956677	1.00263
0.956784	1.0027
0.956857	1.00291
0.957104	1.00244
0.957229	1.00244
0.957229	1.00294
0.957354	1.00294
0.957528	1.00275
0.957604	1.00294
0.95783	1.00254
0.957979	1.00245
0.958083	1.00253
0.95808	1.00304
0.958174	1.00316
0.958386	1.00282
0.958486	1.00291
0.958733	1.00243
0.958695	1.00307
0.958837	1.003
0.9589	1.00324
0.95906	1.0031
0.959233	1.00291
0.959209	1.00349
0.959303	1.00361
0.959476	1.00342
0.959556	1.00359
0.959615	1.00385
0.95972	1.00392
0.959886	1.00375
0.960084	1.00346
0.96006	1.00404
0.960129	1.00426
0.960317	1.004
0.960484	1.00383
0.960657	1.00363
0.960765	1.00369
0.960789	1.00408
0.960859	1.00429
0.961001	1.00421
0.961185	1.00397
0.961265	1.00414
0.961373	1.0042
0.961609	1.00375
0.961561	1.00442
0.961689	1.0044
0.961755	1.00462
0.961762	1.00507
0.962012	1.00457
0.962047	1.00491
0.962162	1.00494
0.962307	1.00485
0.962471	1.00468
0.962686	1.00431
0.962617	1.00506
0.962801	1.00482
0.96295	1.00471
0.962985	1.00505
0.962992	1.0055
0.963124	1.00545
0.963256	1.00541
0.96335	1.00552
0.963461	1.00556
0.963405	1.00625
0.963669	1.00569
0.9637	1.00604
0.963825	1.00602
0.963857	1.00637
0.964023	1.00619
0.964208	1.00594
0.964142	1.00668
0.964239	1.00677
0.964444	1.00643
0.964555	1.00647
0.964604	1.00675
0.964781	1.00652
0.964882	1.0066
0.964889	1.00704
0.964941	1.00731
0.965027	1.00744
0.96517	1.00735
0.965298	1.00731
0.965403	1.00737
0.965371	1.00797
0.965423	1.00823
0.965701	1.0076
0.965747	1.0079
0.96576	1.00831
0.965927	1.00812
0.965983	1.00837
0.966115	1.00832
0.966149	1.00865
0.966261	1.00868
0.96625	1.00919
0.966441	1.0089
0.966587	1.0088
0.966677	1.00891
0.96666	1.00944
0.966653	1.00994
0.966882	1.0095
0.966938	1.00974
0.966994	1.00999
0.967066	1.01017
0.967091	1.01054
0.967324	1.01009
0.967452	1.01004
0.967469	1.01044
0.967473	1.01089
0.96756	1.01101
0.967744	1.01075
0.96789	1.01064
0.967824	1.01136
0.968032	1.011
0.968185	1.01086
0.968237	1.01112
0.968307	1.01131
0.968307	1.01177
0.96831	1.01222
0.968571	1.01165
0.968581	1.01207
0.968762	1.01182
0.968883	1.0118
0.96896	1.01196
0.968967	1.01239
0.969123	1.01223
0.969126	1.01268
0.969255	1.01263
0.969429	1.0124
0.969512	1.01253
0.969526	1.01293
0.969641	1.01294
0.969786	1.01282
0.969905	1.01281
0.969943	1.01312
0.970123	1.01286
0.970193	1.01305
0.97021	1.01343
0.970287	1.01359
0.970405	1.01358
0.970519	1.01358
0.970606	1.01369
0.970613	1.01412
0.970693	1.01426
0.970898	1.0139
0.971013	1.01391
0.971093	1.01404
0.971155	1.01425
0.971402	1.01373
0.971325	1.01448
0.971478	1.01433
0.971513	1.01465
0.971551	1.01495
0.971812	1.01437
0.971784	1.01493
0.971989	1.01458
0.972034	1.01485
0.972145	1.01486
0.97235	1.0145
0.972374	1.01485
0.972312	1.01555
0.972527	1.01515
0.972642	1.01515
0.972746	1.01518
0.972812	1.01537
0.972982	1.01515
0.973038	1.01538
0.973208	1.01515
0.973156	1.0158
0.973274	1.01578
0.973486	1.01539
0.973448	1.01599
0.973597	1.01585
0.973621	1.0162
0.973726	1.01623
0.973875	1.01609
0.973969	1.01616
0.973997	1.0165
0.974024	1.01683
0.974254	1.01637
0.974274	1.01673
0.974413	1.01663
0.974413	1.01707
0.97467	1.0165
0.974674	1.01693
0.974729	1.01715
0.974806	1.01729
0.974976	1.01706
0.975139	1.01686
0.975188	1.0171
0.975376	1.0168
0.975212	1.01789
0.975216	1.01832
0.975567	1.01737
0.97557	1.0178
0.97574	1.01757
0.975862	1.01752
0.975876	1.01791
0.975935	1.01811
0.975984	1.01836
0.976102	1.01833
0.976254	1.01817
0.976268	1.01855
0.976348	1.01867
0.976331	1.01918
0.976411	1.0193
0.976671	1.01871
0.976605	1.0194
0.976744	1.01929
0.976814	1.01945
0.976835	1.01981
0.977085	1.01925
0.97689	1.02046
0.977088	1.02011
0.977196	1.02012
0.977192	1.02057
0.977359	1.02034
0.977491	1.02026
0.977495	1.02068
0.977522	1.021
0.977661	1.02089
0.977658	1.02133
0.977658	1.02177
0.977804	1.02162
0.977967	1.02141
0.978036	1.02157
0.97805	1.02195
0.978036	1.02243
0.978033	1.02288
0.978189	1.02269
0.978314	1.02263
0.978373	1.02283
0.978422	1.02307
0.97846	1.02335
0.978464	1.02376
0.978512	1.024
0.978696	1.02371
0.978707	1.02409
0.978721	1.02447
0.978822	1.0245
0.97887	1.02474
0.97903	1.02454
0.979075	1.02479
0.979172	1.02483
0.979228	1.02504
0.979245	1.0254
0.979238	1.02586
0.979495	1.02527
0.97928	1.02655
0.979388	1.02655
0.979537	1.02639
0.979586	1.02662
0.979666	1.02673
0.979805	1.02661
0.979666	1.02759
0.979919	1.02701
0.979832	1.02778
0.979926	1.02784
0.979985	1.02803
0.980051	1.0282
0.980065	1.02857
0.980218	1.02839
0.980298	1.0285
0.980339	1.02876
0.980308	1.02931
0.980343	1.02959
0.980447	1.02961
0.980458	1.02999
0.980517	1.03018
0.980663	1.03003
0.980645	1.03052
0.980798	1.03034
0.980829	1.03064
0.980722	1.03149
0.980878	1.0313
0.980868	1.03176
0.980913	1.03201
0.981013	1.03203
0.981083	1.03218
0.981166	1.03227
0.981215	1.0325
0.98127	1.0327
0.981465	1.03236
0.981489	1.03268
0.981462	1.03321
0.981534	1.03335
0.981673	1.03322
0.981673	1.03364
0.981653	1.03414
0.981726	1.03428
0.981934	1.03387
0.981927	1.03432
0.982052	1.03425
0.981951	1.03506
0.982087	1.03495
0.982344	1.03435
0.982344	1.03477
0.982309	1.03533
0.982399	1.03539
0.982403	1.03579
0.982445	1.03605
0.98249	1.03629
0.982716	1.03581
0.982743	1.03612
0.982747	1.03652
0.982788	1.03678
0.982851	1.03695
0.982914	1.03712
0.983007	1.03716
0.983146	1.03703
0.983209	1.0372
0.983285	1.03732
0.983202	1.03806
0.983313	1.03804
0.983285	1.03856
0.983438	1.03837
0.983483	1.03861
0.983574	1.03867
0.983601	1.03897
0.983716	1.03894
0.983862	1.03877
0.98397	1.03876
0.983789	1.03989
0.983973	1.03958
0.984004	1.03987
0.984053	1.04009
0.984105	1.04029
0.984192	1.04037
0.984366	1.04009
0.984362	1.04052
0.984359	1.04094
0.984383	1.04126
0.984414	1.04155
0.984498	1.04163
0.98456	1.0418
0.984734	1.04152
0.984741	1.04191
0.984894	1.04171
0.984928	1.04199
0.984775	1.043
0.985008	1.04249
0.984918	1.04326
0.985046	1.04316
0.985144	1.04319
0.985171	1.04349
0.985286	1.04345
0.985296	1.04381
0.985303	1.04419
0.985467	1.04396
0.985613	1.04379
0.985571	1.04436
0.985543	1.04488
0.985585	1.04513
0.985637	1.04533
0.985738	1.04534
0.985745	1.04572
0.985863	1.04566
0.98587	1.04604
0.98596	1.04609
0.986071	1.04606
0.986064	1.0465
0.986141	1.0466
0.986248	1.04658
0.986165	1.04732
0.986137	1.04783
0.986283	1.04766
0.986339	1.04785
0.986408	1.04798
0.986439	1.04826
0.986495	1.04845
0.98653	1.04872
0.986533	1.04911
0.986561	1.04941
0.986571	1.04977
0.986801	1.04927
0.986828	1.04957
0.986596	1.05089
0.986828	1.05038
0.986783	1.05096
0.986835	1.05116
0.986853	1.05149
0.986905	1.05169
0.986953	1.0519
0.986985	1.05218
0.98695	1.05272
0.987047	1.05274
0.987151	1.05274
0.987217	1.05288
0.98719	1.05339
0.987294	1.05338
0.987294	1.05379
0.987266	1.0543
0.987318	1.0545
0.987402	1.05457
0.987412	1.05493
0.987408	1.05535
0.987419	1.05571
0.987405	1.05617
0.987405	1.05657
0.987408	1.05696
0.987485	1.05706
0.987547	1.05722
0.987579	1.05749
0.987631	1.05769
0.987655	1.058
0.987732	1.0581
0.987676	1.05872
0.987732	1.0589
0.987805	1.05901
0.987811	1.05939
0.987815	1.05978
0.987822	1.06015
0.987801	1.06063
0.987811	1.06099
0.987815	1.06138
0.988048	1.06086
0.987846	1.06206
0.988062	1.06161
0.988062	1.06201
0.988009	1.06262
0.988062	1.06281
0.988058	1.06323
0.988093	1.06349
0.988058	1.06403
0.988207	1.06384
0.988134	1.06452
0.988211	1.06462
0.988218	1.065
0.988273	1.06518
0.988218	1.0658
0.988468	1.06521
0.988458	1.06565
0.988471	1.06599
0.988458	1.06645
0.988426	1.06697
0.988475	1.06718
0.988485	1.06754
0.988548	1.06769
0.988524	1.06818
0.988583	1.06835
0.988669	1.06841
0.988767	1.06842
0.988774	1.06879
0.988694	1.0695
0.988878	1.06918
0.988913	1.06944
0.988874	1.06999
0.988885	1.07034
0.988979	1.07037
0.98902	1.0706
0.989013	1.07103
0.988944	1.0717
0.988961	1.07203
0.989024	1.07218
0.989031	1.07255
0.989024	1.07298
0.989093	1.0731
0.989177	1.07317
0.989267	1.07321
0.989281	1.07355
0.98934	1.07371
0.989375	1.07397
0.98942	1.07419
0.98943	1.07455
0.98943	1.07494
0.989427	1.07535
0.989451	1.07565
0.98968	1.07514
0.989475	1.07635
0.989694	1.07588
0.989684	1.07632
0.989691	1.07668
0.989701	1.07704
0.989778	1.07713
0.989823	1.07735
0.98985	1.07763
0.989941	1.07767
0.989934	1.07809
0.989937	1.07848
0.990007	1.0786
0.990087	1.07867
0.99008	1.0791
0.99009	1.07945
0.990212	1.07936
0.99009	1.08024
0.99025	1.08
0.990153	1.08078
0.990229	1.08087
0.990246	1.0812
0.990271	1.08149
0.990413	1.08132
0.99042	1.08169
0.990483	1.08184
0.990517	1.08209
0.990507	1.08253
0.990531	1.08282
0.990576	1.08304
0.990629	1.08323
0.990615	1.08367
0.99067	1.08385
0.990684	1.08418
0.990785	1.08418
0.990743	1.08473
0.990639	1.08554
0.990636	1.08594
0.990903	1.08528
0.990691	1.08651
0.990893	1.08611
0.9909	1.08647
0.99092	1.08678
0.990917	1.08718
0.990823	1.08795
0.990889	1.08808
0.990945	1.08825
0.99092	1.08874
0.990997	1.08883
0.990997	1.08922
0.990973	1.0897
0.99099	1.09003
0.991011	1.09034
0.991028	1.09066
0.991045	1.09098
0.991091	1.0912
0.991101	1.09154
0.991198	1.09155
0.99125	1.09174
0.991212	1.09228
0.991309	1.09229
0.991309	1.09268
0.991299	1.09311
0.991299	1.0935
0.991313	1.09383
0.991302	1.09426
0.991299	1.09467
0.991313	1.095
0.991327	1.09534
0.991348	1.09565
0.991334	1.09609
0.991362	1.09637
0.991351	1.0968
0.991365	1.09714
0.991306	1.09776
0.991355	1.09796
0.991351	1.09836
0.991417	1.09849
0.991417	1.09888
0.991424	1.09925
0.991473	1.09944
0.991466	1.09986
0.991501	1.10011
0.991462	1.10065
0.991462	1.10104
0.991494	1.10131
0.991535	1.10154
0.991452	1.10225
0.991577	1.10215
0.991584	1.10251
0.991591	1.10288
0.991737	1.10269
0.991723	1.10313
0.991678	1.1037
0.993085	1.09854
0.993064	1.099
0.992939	1.09988
0.992866	1.10055
0.992939	1.10065
0.992855	1.10137
0.992852	1.10177
0.992772	1.10247
0.992772	1.10285
0.992682	1.10359
0.992661	1.10406
0.992689	1.10434
0.992706	1.10466
0.992584	1.10552
0.992626	1.10574
0.992557	1.1064
0.992553	1.1068
0.992581	1.10708
0.992584	1.10745
0.992539	1.10802
0.992477	1.10865
0.992543	1.10878
0.992557	1.10911
0.992543	1.10955
0.99256	1.10987
0.992546	1.11031
0.992557	1.11065
0.992563	1.11101
0.992536	1.11151
0.992491	1.11207
0.992584	1.11209
0.992445	1.11302
0.992529	1.11308
0.992539	1.11343
0.992539	1.11381
0.992449	1.11456
0.992539	1.11459
0.992532	1.115
0.992539	1.11536
0.992543	1.11573
0.992675	1.1156
0.992543	1.1165
0.992529	1.11695
0.992543	1.11728
0.992445	1.11805
0.992546	1.11804
0.99247	1.11873
0.992372	1.1195
0.99255	1.11918
0.992355	1.12034
0.992522	1.12007
0.992487	1.12059
0.992442	1.12116
0.992491	1.12135
0.992532	1.12157
0.992407	1.12245
0.992539	1.12232
0.992536	1.12272
0.992543	1.12308
0.992431	1.1239
0.992557	1.1238
0.99255	1.12421
0.992379	1.12527
0.992404	1.12556
0.992411	1.12592
0.992522	1.12587
0.992557	1.12611
0.992546	1.12654
0.992536	1.12697
0.992508	1.12747
0.992543	1.12772
0.99255	1.12807
0.992473	1.12876
0.992557	1.12882
0.992546	1.12925
0.992491	1.12985
0.992532	1.13008
0.992557	1.13037
0.992546	1.13079
0.992525	1.13126
0.992536	1.13161
0.992508	1.1321
0.99257	1.13224
0.992546	1.13273
0.99255	1.1331
0.992574	1.13339
0.992532	1.13394
0.992574	1.13416
0.992487	1.13489
0.992543	1.13506
0.992567	1.13535
0.992543	1.13583
0.992543	1.13622
0.99248	1.13685
0.992553	1.13695
0.992557	1.13732
0.992532	1.1378
0.992529	1.1382
0.992532	1.13858
0.992543	1.13892
0.992557	1.13925
0.992543	1.1397
0.992421	1.14056
0.992518	1.14056
0.992456	1.1412
0.992536	1.14127
0.992529	1.14168
0.992303	1.14296
0.992543	1.1424
0.992431	1.14323
0.992365	1.14387
0.992536	1.14359
0.992539	1.14396
0.992372	1.145
0.992522	1.1448
0.992362	1.14582
0.992306	1.14643
0.992543	1.14588
0.992536	1.1463
0.992279	1.1477
0.992477	1.1473
0.992268	1.14851
0.992265	1.14891
0.992438	1.14861
0.992522	1.14867
0.992289	1.14998
0.992206	1.15069
0.992286	1.15076
0.992352	1.15089
0.992282	1.15155
0.992289	1.15191
0.992477	1.15156
0.992383	1.15232
0.992289	1.15307
0.992279	1.1535
0.992393	1.15344
0.99231	1.15415
0.992272	1.15469
0.992279	1.15505
0.992275	1.15545
0.992272	1.15585
0.992272	1.15624
0.992279	1.1566
0.992237	1.15715
0.99223	1.15756
0.99222	1.15799
0.992206	1.15844
0.992251	1.15865
0.992206	1.15921
0.992157	1.15979
0.992181	1.16008
0.992167	1.16053
0.992178	1.16087
0.992133	1.16144
0.992112	1.16191
0.992136	1.1622
0.992147	1.16255
0.991976	1.1636
0.992032	1.16377
0.992122	1.1638
0.992053	1.16447
0.99206	1.16483
0.991942	1.16568
0.992056	1.16562
0.992001	1.16622
0.991959	1.16678
0.991893	1.16743
0.991917	1.16772
0.99191	1.16813
0.991963	1.16832
0.991883	1.16902
0.991945	1.16916
0.991865	1.16987
0.991851	1.17031
0.99181	1.17086
0.991855	1.17107
0.991848	1.17149
0.991844	1.17189
0.991921	1.17198
0.991858	1.17261
0.991903	1.17282
0.991952	1.17302
0.991865	1.17375
0.991893	1.17403
0.991879	1.17447
0.991942	1.17461
0.991872	1.17528
0.991855	1.17573
0.991869	1.17607
0.991886	1.17639
0.991813	1.17706
0.991897	1.17712
0.991865	1.17764
0.991813	1.17823
0.991858	1.17844
0.991858	1.17883
0.991858	1.17922
0.991883	1.17951
0.991806	1.1802
0.991813	1.18056
0.991883	1.18068
0.991869	1.18112
0.990632	1.18639
0.990764	1.18626
0.990792	1.18654
0.990896	1.18652
0.990886	1.18696
0.990886	1.18735
0.990986	1.18734
0.990983	1.18775
0.991004	1.18806
0.991042	1.18829
0.99115	1.18826
0.991087	1.1889
0.991091	1.18928
0.991226	1.18913
0.991209	1.18959
0.991174	1.19012
0.991316	1.18995
0.991309	1.19037
0.991205	1.19117
0.991309	1.19115
0.991316	1.19151
0.991309	1.19193
0.991358	1.19213
0.991386	1.19241
0.991438	1.19259
0.991462	1.19288
0.991487	1.19318
0.991487	1.19357
0.991546	1.19372
0.99166	1.19366
0.991626	1.19419
0.991712	1.19423
0.991817	1.19421
0.991782	1.19474
0.991834	1.19492
0.991709	1.1958
0.991726	1.19612
0.991862	1.19598
0.991744	1.19683
0.991862	1.19676
0.991768	1.19751
0.991869	1.19751
0.991862	1.19792
0.991862	1.19831
0.991851	1.19874
0.991876	1.19903
0.991865	1.19946
0.991858	1.19988
0.991883	1.20017
0.991851	1.20068
0.991973	1.20059
0.992029	1.20076
0.991942	1.20149
0.992136	1.20111
0.992032	1.20191
0.992119	1.20195
0.992147	1.20223
0.992178	1.2025
0.992161	1.20295
0.992161	1.20334
0.992233	1.20344
0.992188	1.20401
0.992202	1.20434
0.992251	1.20454
0.992202	1.20511
0.992268	1.20524
0.992206	1.20587
0.992223	1.20619
0.992282	1.20635
0.992338	1.20652
0.992293	1.20708
0.992352	1.20724
0.992383	1.2075
0.992275	1.20831
0.992296	1.20862
0.992425	1.2085
0.992379	1.20906
0.992195	1.21018
0.992275	1.21025
0.992511	1.2097
0.992431	1.2104
0.992539	1.21037
0.992306	1.21167
0.992539	1.21114
0.992525	1.21158
0.992543	1.2119
0.992459	1.21261
0.992515	1.21278
0.992539	1.21307
0.992536	1.21347
0.99255	1.2138
0.992536	1.21424
0.992449	1.21497
0.992449	1.21536
0.992529	1.21543
0.992581	1.21561
0.992567	1.21606
0.992546	1.21652
0.992574	1.2168
0.992574	1.21719
0.992567	1.2176
0.992598	1.21786
0.992557	1.21841
0.992567	1.21876
0.992598	1.21902
0.992664	1.21915
0.99265	1.21959
0.992647	1.21999
0.992643	1.22039
0.992626	1.22084
0.992675	1.22104
0.992682	1.22139
0.992682	1.22178
0.992765	1.22184
0.992727	1.22237
0.992727	1.22276
0.992817	1.22279
0.992709	1.2236
0.992734	1.22389
0.99281	1.22397
0.992789	1.22444
0.992824	1.22469
0.992807	1.22514
0.992827	1.22545
0.992841	1.22578
0.992893	1.22596
0.992918	1.22625
0.992939	1.22655
0.992953	1.22688
0.992953	1.22727
0.992949	1.22766
0.992956	1.22802
0.992994	1.22826
0.992942	1.22885
0.992741	1.23003
0.993085	1.22906
0.992939	1.23002
0.993025	1.23006
0.992946	1.23076
0.992949	1.23113
0.99306	1.23108
0.99298	1.23178
0.992984	1.23215
0.993088	1.23212
0.993053	1.23264
0.993043	1.23307
0.993071	1.23334
0.993032	1.23388
0.993064	1.23414
0.993112	1.23433
0.993078	1.23486
0.993091	1.23519
0.993171	1.23526
0.993196	1.23554
0.993164	1.23605
0.993196	1.23631
0.993293	1.23631
0.993338	1.23652
0.993321	1.23697
0.993244	1.23766
0.993331	1.2377
0.993394	1.23784
0.993349	1.2384
0.993397	1.23859
0.993432	1.23884
0.993404	1.23933
0.993411	1.23969
0.993446	1.23993
0.993477	1.24019
0.993467	1.24062
0.993467	1.241
0.993574	1.24096
0.993498	1.24203
0.993508	1.24237
0.993477	1.24288
0.993446	1.24338
0.993307	1.24431
0.993178	1.24521
0.993095	1.24592
0.993001	1.24668
0.993008	1.24703
0.993085	1.24712
0.993036	1.24769
0.993095	1.24784
0.993088	1.24826
0.993105	1.24857
0.993272	1.2483
0.993223	1.24888
0.993283	1.24903
0.993425	1.24885
0.993449	1.24914
0.993498	1.24933
0.993519	1.24963
0.993505	1.25007
0.993748	1.24949
0.993588	1.2505
0.993665	1.25059
0.993581	1.2513
0.993758	1.25098
0.993783	1.25127
0.9938	1.25158
0.993873	1.25168
0.993849	1.25215
0.993856	1.25251
0.993866	1.25285
0.993904	1.25308
0.993908	1.25345
0.993897	1.25387
0.993901	1.25424
0.993915	1.25457
0.994009	1.25458
0.994022	1.25491
0.993929	1.25566
0.993949	1.25596
0.993956	1.25631
0.993915	1.25686
0.993988	1.25695
0.993988	1.25734
0.994085	1.25733
0.994144	1.25748
0.994071	1.25815
0.994068	1.25855
0.994127	1.2587
0.994019	1.2595
0.99413	1.25945
0.994175	1.25965
0.994068	1.26045
0.99405	1.26091
0.994165	1.26083
0.994127	1.26137
0.994158	1.26162
0.994168	1.26196
0.994064	1.26276
0.993911	1.26374
0.994168	1.26311
0.994193	1.2634
0.994286	1.26341
0.994154	1.26431
0.994172	1.26462
0.994179	1.26497
0.994168	1.2654
0.994168	1.26578
0.994161	1.26619
0.994172	1.26653
0.994175	1.26689
0.994245	1.267
0.994248	1.26737
0.994158	1.26811
0.994168	1.26845
0.994172	1.26881
0.994179	1.26917
0.994279	1.26915
0.994186	1.2699
0.994179	1.27031
0.994231	1.27049
0.994293	1.27062
0.994266	1.27111
0.994172	1.27186
0.994158	1.2723
0.994266	1.27226
0.994311	1.27246
0.994325	1.27278
0.994321	1.27318
0.994179	1.27412
0.994286	1.27408
0.994182	1.27487
0.994325	1.27469
0.994179	1.27565
0.994189	1.27599
0.994179	1.27641
0.994335	1.27617
0.994182	1.27716
0.994186	1.27752
0.994339	1.2773
0.99422	1.27815
0.994179	1.27869
0.994339	1.27844
0.994213	1.27932
0.994325	1.27926
0.994245	1.27996
0.994339	1.27997
0.994241	1.28073
0.9942	1.28128
0.994283	1.28133
0.994241	1.28188
0.994352	1.28182
0.994335	1.28227
0.994332	1.28266
0.994321	1.28308
0.994321	1.28347
0.994328	1.28382
0.994366	1.28405
0.994422	1.28421
0.994387	1.28473
0.994408	1.28503
0.994411	1.28539
0.99454	1.28527
0.994578	1.2855
0.994446	1.2864
0.994575	1.28627
0.994585	1.28661
0.99462	1.28685
0.994578	1.2874
0.994575	1.28779
0.994585	1.28813
0.994582	1.28852
0.994637	1.28868
0.994585	1.28927
0.994589	1.28963
0.994616	1.2899
0.994599	1.29035
0.994644	1.29055
0.99462	1.29103
0.994696	1.29111
0.99463	1.29175
0.994682	1.29192
0.994724	1.29214
0.994669	1.29274
0.994728	1.29288
0.994724	1.29328
0.994724	1.29366
0.994721	1.29405
0.994745	1.29433
0.994741	1.29473
0.994714	1.29522
0.994724	1.29555
0.994738	1.29588
0.994735	1.29627
0.994724	1.29669
0.994735	1.29703
0.994821	1.29707
0.99487	1.29725
0.994828	1.2978
0.994818	1.29822
0.994891	1.29831
0.994804	1.29903
0.994759	1.29959
0.99487	1.29953
0.994905	1.29977
0.994828	1.30045
0.994842	1.30078
0.994943	1.30076
0.994985	1.30097
0.994992	1.30132
0.994992	1.3017
0.994978	1.30214
0.994992	1.30246
0.994999	1.30281
0.995068	1.30292
0.995047	1.30338
0.994978	1.30403
0.994974	1.30442
0.994999	1.3047
0.995033	1.30495
0.994971	1.30557
0.994957	1.30601
0.995009	1.30618
0.995033	1.30646
0.994946	1.30718
0.995065	1.30709
0.995026	1.30762
0.995089	1.30776
0.995058	1.30826
0.99503	1.30875
0.995071	1.30896
0.995092	1.30926
0.995071	1.30972
0.995019	1.3103
0.995058	1.31053
0.99511	1.3107
0.995117	1.31105
0.995051	1.31169
0.995124	1.31178
0.99504	1.31249
0.995124	1.31254
0.995099	1.31301
0.995134	1.31325
0.995103	1.31376
0.995141	1.31398
0.99511	1.31448
0.995106	1.31488
0.995089	1.31532
0.995099	1.31566
0.995193	1.31567
0.995155	1.3162
0.995103	1.31678
0.995113	1.31712
0.995134	1.31742
0.995134	1.31779
0.995134	1.31817
0.995144	1.31851
0.995131	1.31894
0.995137	1.31929
0.995266	1.31916
0.995141	1.32003
0.995134	1.32044
0.995134	1.32082
0.995349	1.32035
0.995137	1.32156
0.995127	1.32198
0.995131	1.32234
0.995134	1.32271
0.995322	1.32235
0.995322	1.32272
0.995144	1.3238
0.995144	1.32418
0.995131	1.32461
0.995217	1.32465
0.995127	1.32538
0.99528	1.32516
0.995176	1.32595
0.995137	1.32648
0.995127	1.32689
0.995131	1.32726
0.995231	1.32724
0.995242	1.32758
0.995134	1.32838
0.995131	1.32877
0.995197	1.32889
0.995228	1.32914
0.995127	1.32992
0.995113	1.33035
0.995263	1.33014
0.995256	1.33055
0.995127	1.33143
0.995131	1.3318
0.995127	1.33219
0.995134	1.33254
0.995134	1.33292
0.995134	1.3333
0.995346	1.33284
0.995141	1.33402
0.995377	1.33347
0.995124	1.33485
0.995339	1.33438
0.995395	1.33453
0.995242	1.33552
0.995214	1.336
0.995197	1.33645
0.995381	1.3361
0.995391	1.33644
0.995193	1.3376
0.995127	1.33823
0.995391	1.33757
0.995183	1.33877
0.995287	1.33874
0.995388	1.33872
0.995391	1.33908
0.995415	1.33936
0.995405	1.33978
0.995398	1.34019
0.995426	1.34045
0.995395	1.34095
0.995433	1.34118
0.995464	1.34144
0.995481	1.34174
0.995499	1.34205
0.995443	1.34265
0.995461	1.34296
0.995509	1.34314
0.99553	1.34344
0.995606	1.34351
0.99554	1.34415
0.995603	1.34428
0.995617	1.3446
0.995707	1.34462
0.995645	1.34525
0.995624	1.3457
0.995683	1.34585
0.995665	1.34629
0.995704	1.34652
0.995763	1.34666
0.995791	1.34693
0.995818	1.3472
0.995818	1.34757
0.995822	1.34793
0.995815	1.34834
0.995839	1.34862
0.995811	1.34911
0.99586	1.34929
0.995794	1.34993
0.995822	1.3502
0.995808	1.35063
0.995797	1.35105
0.995801	1.35142
0.995832	1.35167
0.995818	1.3521
0.995867	1.35229
0.995863	1.35268
0.995947	1.35273
0.995811	1.35364
0.995933	1.35354
0.995884	1.35411
0.995898	1.35443
0.995853	1.35499
0.995895	1.3552
0.995818	1.35588
0.995815	1.35627
0.995804	1.35669
0.995801	1.35708
0.995905	1.35705
0.995947	1.35726
0.995933	1.35769
0.995815	1.35853
0.995957	1.35835
0.995797	1.35936
0.995877	1.35942
0.995808	1.36007
0.995957	1.35986
0.995975	1.36017
0.99595	1.36064
0.995808	1.36158
0.995836	1.36185
0.995947	1.36179
0.995954	1.36214
0.99595	1.36253
0.995954	1.36289
0.995954	1.36327
0.995794	1.36428
0.99595	1.36404
0.995968	1.36435
0.995843	1.36522
0.99585	1.36557
0.995843	1.36597
0.995846	1.36634
0.99594	1.36634
0.995853	1.36706
0.995822	1.36757
0.995964	1.36738
0.995794	1.36843
0.99595	1.36819
0.995957	1.36854
0.995825	1.36944
0.995968	1.36925
0.995822	1.37021
0.99586	1.37043
0.995853	1.37084
0.995971	1.37075
0.995863	1.37155
0.995957	1.37156
0.995829	1.37244
0.995964	1.37228
0.995846	1.37312
0.995836	1.37354
0.995975	1.37337
0.995867	1.37417
0.995968	1.37415
0.995822	1.3751
0.995843	1.3754
0.995818	1.37587
0.995975	1.37563
0.995982	1.37598
0.995829	1.37696
0.995843	1.37728
0.995985	1.37709
0.995971	1.37752
0.995964	1.37793
0.995943	1.37839
0.995895	1.37895
0.995975	1.37902
0.995947	1.3795
0.995975	1.37977
0.995961	1.3802
0.995929	1.3807
0.99594	1.38103
0.995909	1.38153
0.995971	1.38166
0.995978	1.38201
0.995909	1.38266
0.995978	1.38276
0.995888	1.3835
0.995947	1.38364
0.99587	1.38432
0.995933	1.38445
0.995957	1.38473
0.995961	1.38509
0.995957	1.38548
0.995968	1.38582
0.995975	1.38617
0.996006	1.38642
0.995961	1.38697
0.995968	1.38732
0.995957	1.38774
0.996041	1.38779
0.996037	1.38817
0.996044	1.38852
0.996159	1.38845
0.99611	1.38902
0.996027	1.38972
0.996159	1.38957
0.995999	1.39058
0.996228	1.39005
0.996023	1.39124
0.996124	1.39121
0.996176	1.39138
0.996225	1.39157
0.99618	1.39212
0.996197	1.39243
0.996093	1.39321
0.996284	1.39284
0.996249	1.39335
0.996228	1.3938
0.996214	1.39423
0.996232	1.39454
0.996232	1.39492
0.996256	1.3952
0.996249	1.3956
0.996329	1.39566
0.99628	1.39622
0.996339	1.39637
0.996298	1.3969
0.996315	1.39721
0.996364	1.39739
0.996322	1.39793
0.996287	1.39844
0.996364	1.39852
0.996346	1.39896
0.996332	1.39939
0.996385	1.39956
0.99636	1.40003
0.996371	1.40036
0.996381	1.4007
0.996378	1.40108
0.996385	1.40143
0.99636	1.4019
0.99635	1.40232
0.996378	1.40258
0.996527	1.40237
0.996374	1.40335
0.996381	1.40369
0.996371	1.40411
0.996378	1.40446
0.996388	1.40479
0.996371	1.40523
0.996378	1.40558
0.996402	1.40586
0.996631	1.40533
0.996485	1.40628
0.996621	1.40612
0.996631	1.40645
0.996385	1.4078
0.996405	1.40809
0.996624	1.4076
0.996711	1.40763
0.996645	1.40826
0.996471	1.40932
0.996395	1.41
0.996638	1.40941
0.996642	1.40977
0.996503	1.4107
0.996645	1.41051
0.996569	1.41118
0.996475	1.41193
0.996631	1.41168
0.996482	1.41265
0.996464	1.41309
0.996544	1.41315
0.996544	1.41352
0.996464	1.41421
0.996638	1.4139
0.996412	1.41517
0.996631	1.41468
0.996388	1.41601
0.996645	1.41537
0.996409	1.41668
0.99652	1.41661
0.996454	1.41725
0.996589	1.41708
0.996444	1.41803
0.996409	1.41855
0.996475	1.41866
0.996454	1.41912
0.996635	1.41878
0.996638	1.41914
0.996621	1.41958
0.996412	1.42078
0.996649	1.42022
0.99652	1.4211
0.996628	1.42105
0.996624	1.42144
0.996631	1.42178
0.996624	1.42218
0.996395	1.42346
0.996534	1.42329
0.996583	1.42347
0.996638	1.42362
0.996482	1.42461
0.996645	1.42434
0.996642	1.42473
0.996645	1.42509
0.996638	1.42549
0.996489	1.42645
0.996537	1.42664
0.996589	1.4268
0.996635	1.427
0.996485	1.42796
0.996607	1.42786
0.99651	1.42862
0.996565	1.42877
0.996513	1.42935
0.996603	1.42937
0.996583	1.42982
0.996572	1.43024
0.996631	1.43038
0.996603	1.43086
0.996534	1.43151
0.996642	1.43146
0.996576	1.43209
0.996572	1.43248
0.996649	1.43255
0.996569	1.43324
0.996506	1.43386
0.996489	1.4343
0.996503	1.43462
0.996638	1.43446
0.996402	1.43577
0.996423	1.43606
0.996475	1.43623
0.996635	1.43597
0.99652	1.4368
0.997541	1.43314
0.997229	1.43475
0.997145	1.43545
0.997152	1.43579
0.997142	1.4362
0.997135	1.4366
0.997177	1.43681
0.997211	1.43705
0.997229	1.43735
0.997222	1.43775
0.997222	1.43812
0.997114	1.43892
0.997211	1.43891
0.997183	1.43939
0.997069	1.44021
0.997045	1.44068
0.997038	1.44108
0.997086	1.44126
0.997215	1.44112
0.997038	1.44219
0.997051	1.44251
0.997156	1.44247
0.997038	1.44331
0.997041	1.44367
0.997187	1.44347
0.997045	1.4444
0.99718	1.44424
0.997048	1.44513
0.997145	1.44512
0.997038	1.44591
0.997041	1.44627
0.997069	1.44654
0.997048	1.44699
0.997055	1.44733
0.997114	1.44747
0.997086	1.44796
0.997048	1.44848
0.997041	1.44888
0.997065	1.44915
0.99702	1.44971
0.997041	1.45
0.997072	1.45024
0.997079	1.45059
0.997038	1.45113
0.997079	1.45133
0.997038	1.45187
0.997041	1.45223
0.997138	1.45222
0.997131	1.45262
0.997041	1.45334
0.997024	1.45379
0.997159	1.45362
0.997072	1.45434
0.997142	1.45444
0.997038	1.45522
0.997086	1.4554
0.996871	1.45662
0.997031	1.45636
0.997104	1.45645
0.99702	1.45715
0.997027	1.45749
0.997138	1.45743
0.997117	1.45788
0.997041	1.45856
0.997051	1.45889
0.997045	1.45929
0.997038	1.45969
0.996926	1.4605
0.996996	1.46059
0.996805	1.46172
0.996968	1.46145
0.996989	1.46174
0.996895	1.46248
0.996871	1.46295
0.996864	1.46335
0.996781	1.46405
0.996867	1.46408
0.996784	1.46479
0.996784	1.46516
0.996798	1.46548
0.996774	1.46595
0.996819	1.46614
0.996819	1.46651
0.996881	1.46664
0.996774	1.46744
0.996784	1.46777
0.996753	1.46827
0.996833	1.46832
0.996871	1.46855
0.996774	1.4693
0.996774	1.46968
0.996781	1.47002
0.996704	1.4707
0.996711	1.47104
0.996694	1.47148
0.996725	1.47173
0.996725	1.47211
0.996649	1.47278
0.996711	1.47291
0.996638	1.47357
0.996621	1.47401
0.996638	1.47432
0.996631	1.47472
0.996576	1.47531
0.996621	1.47551
0.996558	1.47613
0.996655	1.47612
0.996506	1.47708
0.996638	1.47693
0.996624	1.47736
0.996621	1.47775
0.996534	1.47846
0.996576	1.47867
0.996548	1.47916
0.996652	1.47912
0.996569	1.47982
0.996649	1.47988
0.996624	1.48035
0.996416	1.48155
0.996638	1.48104
0.996624	1.48147
0.996628	1.48183
0.996367	1.48323
0.996385	1.48354
0.996385	1.48391
0.996635	1.4833
0.996388	1.48465
0.996385	1.48504
0.996614	1.4845
0.996385	1.48578
0.996381	1.48617
0.996381	1.48655
0.996378	1.48693
0.996388	1.48727
0.996398	1.4876
0.996534	1.48744
0.99644	1.48818
0.996385	1.48878
0.996378	1.48918
0.996218	1.49018
0.996374	1.48994
0.996378	1.4903
0.996381	1.49066
0.996374	1.49106
0.996343	1.49156
0.996325	1.49201
0.996308	1.49245
0.996343	1.49269
0.996218	1.49355
0.996374	1.49331
0.996332	1.49385
0.996357	1.49413
0.996319	1.49465
0.996371	1.49482
0.996305	1.49546
0.996346	1.49567
0.996336	1.49608
0.99636	1.49636
0.996353	1.49676
0.996263	1.49749
0.996378	1.49742
0.996315	1.49804
0.996339	1.49832
0.99635	1.49865
0.996312	1.49918
0.996343	1.49943
0.996339	1.49981
0.996378	1.50004
0.996374	1.50043
