Prel	liquid_fraction
0.994532	1.19964
0.994407	1.19919
0.994331	1.19854
0.994359	1.19746
0.994327	1.19663
0.994331	1.19565
0.994275	1.19491
0.994261	1.19401
0.994251	1.19309
0.994213	1.19228
0.994188	1.19142
0.994181	1.19049
0.994119	1.18978
0.994022	1.18922
0.994119	1.18786
0.994001	1.18738
0.994147	1.18582
0.994171	1.18476
0.994036	1.18435
0.994122	1.18304
0.993865	1.18313
0.994004	1.1816
0.993963	1.18081
0.993883	1.18017
0.9939	1.17914
0.993827	1.17848
0.993792	1.17766
0.993803	1.17666
0.993695	1.17614
0.993792	1.17478
0.993671	1.17432
0.993636	1.1735
0.993518	1.17303
0.993778	1.171
0.993473	1.17129
0.993442	1.17046
0.993518	1.16919
0.993403	1.1687
0.993407	1.16773
0.993372	1.16691
0.99348	1.16551
0.993365	1.16502
0.993403	1.1639
0.993344	1.16319
0.993372	1.16211
0.993365	1.16118
0.993271	1.16061
0.993285	1.15959
0.993181	1.15906
0.993226	1.15792
0.993195	1.15709
0.993139	1.15636
0.993094	1.15558
0.993091	1.15464
0.99307	1.15377
0.992983	1.15317
0.993028	1.15202
0.992973	1.15129
0.992969	1.15035
0.992976	1.14936
0.992969	1.14843
0.992969	1.14748
0.992875	1.1469
0.992712	1.14662
0.992917	1.14482
0.992719	1.14468
0.992712	1.14375
0.992799	1.14244
0.992705	1.14186
0.99275	1.14072
0.992646	1.14019
0.992615	1.13936
0.992625	1.13836
0.992587	1.13757
0.992556	1.13673
0.992497	1.13602
0.992521	1.13497
0.992566	1.13383
0.992392	1.13358
0.992382	1.13267
0.992434	1.1315
0.992417	1.13062
0.99242	1.12965
0.992326	1.12908
0.992292	1.12826
0.992198	1.12769
0.992326	1.12621
0.992299	1.12537
0.99226	1.12457
0.992295	1.12348
0.992222	1.12282
0.992177	1.12205
0.992184	1.12107
0.992149	1.12026
0.992128	1.11939
0.991993	1.11899
0.992	1.118
0.991972	1.11717
0.991924	1.11641
0.991878	1.11564
0.991868	1.11473
0.991844	1.11388
0.991788	1.11315
0.991844	1.11197
0.991812	1.11115
0.991767	1.11038
0.991687	1.10975
0.991746	1.10856
0.991625	1.1081
0.991809	1.1064
0.991541	1.10654
0.991746	1.10475
0.99166	1.10415
0.991534	1.10371
0.991448	1.10312
0.991448	1.10217
0.991416	1.10134
0.991343	1.10069
0.991343	1.09974
0.991204	1.09936
0.991093	1.09886
0.991079	1.09797
0.991191	1.09656
0.991079	1.09607
0.991027	1.09533
0.99102	1.09441
0.990927	1.09384
0.990934	1.09287
0.990861	1.09222
0.990676	1.09202
0.990683	1.09104
0.990635	1.09029
0.990586	1.08954
0.990524	1.08885
0.990638	1.08743
0.99061	1.0866
0.99052	1.08602
0.990458	1.08533
0.990409	1.08458
0.990399	1.08368
0.990242	1.08337
0.990183	1.08267
0.990187	1.0817
0.989999	1.08153
0.990117	1.08009
0.990124	1.07912
0.990055	1.07846
0.989891	1.07818
0.989808	1.07758
0.989707	1.07705
0.989718	1.07606
0.989565	1.07574
0.989447	1.07528
0.989454	1.07431
0.989322	1.0739
0.989405	1.07262
0.989346	1.07192
0.989277	1.07126
0.989141	1.07087
0.989051	1.0703
0.988978	1.06965
0.988887	1.06908
0.98878	1.06858
0.988877	1.06724
0.988606	1.06741
0.988707	1.06606
0.988603	1.06554
0.988502	1.06502
0.988419	1.06441
0.988377	1.06365
0.988207	1.06341
0.988221	1.06241
0.988071	1.06208
0.988061	1.06119
0.987981	1.06058
0.9878	1.06038
0.987779	1.05952
0.987696	1.05893
0.987665	1.05812
0.987658	1.05721
0.987536	1.05677
0.987376	1.05649
0.987276	1.05597
0.987265	1.05507
0.987258	1.05417
0.987196	1.05349
0.987057	1.05312
0.986897	1.05284
0.986814	1.05225
0.986633	1.05206
0.986605	1.05124
0.986588	1.05037
0.986452	1.05
0.986268	1.04982
0.986161	1.04933
0.986077	1.04874
0.986032	1.04799
0.986025	1.04709
0.98589	1.04671
0.985744	1.04638
0.985681	1.04571
0.985518	1.04545
0.985386	1.04506
0.985383	1.04415
0.985202	1.04396
0.98523	1.04292
0.985164	1.04226
0.984882	1.04248
0.984834	1.04176
0.98466	1.04154
0.984559	1.04103
0.98458	1.04002
0.984472	1.03953
0.984254	1.0395
0.984156	1.03898
0.98416	1.03804
0.984118	1.03729
0.984021	1.03676
0.983767	1.03688
0.983656	1.03641
0.983663	1.03546
0.983604	1.03478
0.983507	1.03426
0.983295	1.03421
0.983125	1.03398
0.983205	1.03274
0.983024	1.03256
0.982878	1.03223
0.982784	1.0317
0.982635	1.03139
0.982545	1.03084
0.982454	1.0303
0.982353	1.02979
0.982128	1.0298
0.98201	1.02937
0.982096	1.0281
0.981756	1.02858
0.981714	1.02783
0.981607	1.02736
0.98135	1.0275
0.981225	1.0271
0.981263	1.02603
0.981124	1.02568
0.980888	1.02574
0.980787	1.02524
0.980759	1.02444
0.980578	1.02427
0.980439	1.02393
0.980377	1.02328
0.980109	1.02347
0.980061	1.02276
0.97996	1.02226
0.9797	1.02242
0.979668	1.02164
0.979571	1.02113
0.979311	1.02129
0.979196	1.02086
0.979172	1.02005
0.978967	1.01999
0.978838	1.01961
0.978671	1.01939
0.978505	1.01917
0.978477	1.01838
0.978348	1.018
0.97806	1.01828
0.977966	1.01777
0.977945	1.01695
0.977622	1.01738
0.977515	1.01692
0.977195	1.01733
0.977139	1.01666
0.97707	1.01605
0.976893	1.01587
0.976837	1.0152
0.976639	1.01512
0.976358	1.01538
0.97634	1.01455
0.976233	1.0141
0.975941	1.0144
0.975757	1.01427
0.975677	1.0137
0.975476	1.01363
0.975239	1.01371
0.975104	1.01338
0.974989	1.01295
0.974684	1.01332
0.974451	1.01339
0.974458	1.01247
0.974336	1.01208
0.974006	1.01254
0.973905	1.01207
0.973756	1.0118
0.973506	1.01194
0.973266	1.01204
0.973225	1.01132
0.973082	1.01102
0.972832	1.01117
0.972683	1.0109
0.972506	1.01074
0.972301	1.0107
0.972224	1.01014
0.97195	1.01038
0.971679	1.01062
0.971474	1.01058
0.971443	1.00983
0.971081	1.01043
0.97104	1.00973
0.970887	1.00948
0.970553	1.00997
0.970307	1.01011
0.970209	1.00964
0.970008	1.00959
0.969911	1.00912
0.969647	1.00933
0.969421	1.00939
0.96914	1.00967
0.969181	1.00863
0.968928	1.0088
0.968733	1.00873
0.968549	1.00862
0.968337	1.00862
0.968174	1.00843
0.968011	1.00823
0.967792	1.00827
0.967753	1.00756
0.967458	1.00791
0.967274	1.0078
0.966975	1.00817
0.966861	1.00777
0.966597	1.008
0.966298	1.00836
0.966284	1.00756
0.966034	1.00773
0.965871	1.00754
0.96576	1.00714
0.965436	1.00761
0.965325	1.00721
0.965072	1.0074
0.964856	1.00743
0.964582	1.0077
0.964575	1.00688
0.964235	1.00742
0.964089	1.00717
0.963995	1.00671
0.963776	1.00675
0.963453	1.00723
0.963408	1.00657
0.963192	1.0066
0.962883	1.00702
0.962845	1.00633
0.962668	1.00622
0.96256	1.00581
0.962348	1.00584
0.962084	1.00608
0.961827	1.00629
0.961789	1.0056
0.961508	1.00592
0.961369	1.00565
0.961219	1.00542
0.960987	1.00553
0.960632	1.00615
0.960542	1.00568
0.960414	1.00537
0.960163	1.00556
0.959962	1.00555
0.959729	1.00567
0.959611	1.00532
0.959455	1.00513
0.959312	1.00488
0.959093	1.00494
0.958895	1.00492
0.958805	1.00446
0.958517	1.00482
0.958322	1.00478
0.958333	1.00391
0.958051	1.00424
0.95793	1.00391
0.957544	1.00466
0.957586	1.00366
0.957259	1.00418
0.957089	1.00405
0.957058	1.00335
0.956738	1.00384
0.956415	1.00434
0.956398	1.00359
0.956224	1.00348
0.956005	1.00356
0.955856	1.00335
0.955661	1.00333
0.955488	1.00322
0.955418	1.00269
0.955161	1.00292
0.954981	1.00284
0.954817	1.0027
0.954678	1.00245
0.954394	1.0028
0.954262	1.00253
0.954248	1.00177
0.953904	1.00237
0.953619	1.00273
0.953612	1.00194
0.953362	1.00215
0.953202	1.002
0.953042	1.00184
0.952806	1.002
0.952657	1.00181
0.952403	1.00204
0.952372	1.00136
0.952111	1.00162
0.951903	1.00167
0.951896	1.00089
0.951629	1.00118
0.951497	1.00092
0.951146	1.00155
0.950996	1.00136
0.950833	1.00123
0.950746	1.00078
0.950625	1.00048
0.950284	1.00107
0.950166	1.00076
0.95001	1.0006
0.949815	1.0006
0.949513	1.00104
0.949454	1.00049
0.949256	1.0005
0.949103	1.00033
0.948926	1.00026
0.948794	1.00001
0.948537	1.00027
0.948422	0.999944
0.948169	1.00019
0.947929	1.00038
0.947686	1.00059
0.947668	0.999868
0.9473	1.00059
0.947279	0.999884
0.947036	1.00009
0.946859	1.00003
0.946633	1.00017
0.946491	0.999967
0.946203	1.00036
0.94606	1.00016
0.945897	1.00005
0.945668	1.0002
0.94549	1.00014
0.945386	0.99979
0.945028	1.00047
0.94498	0.999893
0.944862	0.999595
0.944747	0.999285
0.944414	0.999873
0.944292	0.999593
0.944108	0.999569
0.943757	1.00023
0.943715	0.999625
0.943507	0.999704
0.94326	0.999939
0.943194	0.999436
0.942916	0.999801
0.942649	1.00012
0.942632	0.999422
0.94235	0.999805
0.94201	1.00043
0.941958	0.999872
0.941774	0.999856
0.941572	0.999913
0.941402	0.999843
0.941246	0.999716
0.940923	1.00027
0.940898	0.999607
0.940794	0.999267
0.940422	1.00003
0.940346	0.999573
0.940183	0.999479
0.93996	0.999627
0.939686	0.999991
0.939596	0.999598
0.939266	1.00019
0.93913	0.999986
0.939134	0.99921
0.938797	0.999832
0.938491	1.00033
0.938421	0.999855
0.938293	0.999624
0.93805	0.999865
0.93796	0.999476
0.937633	1.00006
0.937484	0.999919
0.937365	0.999649
0.937174	0.999678
0.937067	0.999367
0.936803	0.999698
0.936678	0.999458
0.9364	0.999848
0.936396	0.999109
0.93615	0.999372
0.935854	0.999833
0.935608	1.0001
0.935604	0.999363
0.935448	0.999255
0.935087	0.99999
0.935128	0.999074
0.934955	0.99904
0.934673	0.999449
0.934684	0.99866
0.934434	0.998942
0.93417	0.999282
0.934211	0.998368
0.933919	0.998822
0.933683	0.999049
0.933506	0.999035
0.933461	0.99848
0.93327	0.998523
0.933058	0.998653
0.932836	0.998827
0.932766	0.998373
0.932669	0.998034
0.932478	0.998081
0.932346	0.997885
0.932197	0.997761
0.9322	0.99701
0.931922	0.997415
0.931807	0.997151
0.93179	0.996487
0.931537	0.996793
0.931533	0.996074
0.931377	0.995981
0.931234	0.995833
0.931127	0.995541
0.93113	0.994795
0.93104	0.994432
0.930932	0.994143
0.930849	0.993751
0.930724	0.993535
0.93064	0.993146
0.930745	0.991987
0.930585	0.991912
0.930567	0.991252
0.930508	0.990764
0.930404	0.990462
0.93031	0.990116
0.93031	0.989387
0.930248	0.988914
0.930189	0.988427
0.930175	0.987754
0.92998	0.987824
0.930109	0.986568
0.930196	0.985483
0.929928	0.98585
0.929935	0.985095
0.929914	0.98445
0.92988	0.983866
0.929883	0.983123
0.929831	0.98261
0.929855	0.981781
0.929782	0.981353
0.929709	0.980924
0.92964	0.980483
0.929702	0.979497
0.929581	0.97927
0.929536	0.978728
0.929518	0.978072
0.929487	0.977473
0.929365	0.977246
0.929529	0.975849
0.929376	0.97575
0.929456	0.974696
0.929372	0.974311
0.929379	0.973557
0.929327	0.973043
0.929282	0.972503
0.929136	0.972376
0.929133	0.971664
0.92906	0.971238
0.929105	0.970328
0.929088	0.969673
0.929035	0.969161
0.929053	0.968365
0.928973	0.967968
0.928963	0.967286
0.928876	0.966917
0.928778	0.966592
0.928789	0.965826
0.928747	0.965272
0.92898	0.963591
0.928723	0.963923
0.928716	0.963226
0.928789	0.962204
0.928799	0.961436
0.928688	0.961168
0.928605	0.960787
0.928612	0.960034
0.928605	0.959338
0.928525	0.958943
0.928553	0.958107
0.928507	0.957568
0.9284	0.957286
0.928428	0.956447
0.92832	0.956169
0.928309	0.955489
0.928309	0.954766
0.928296	0.954101
0.92824	0.953606
0.928309	0.952598
0.928323	0.951818
0.928309	0.951153
0.928264	0.950616
0.928157	0.950335
0.928157	0.949612
0.928195	0.948734
0.928174	0.948097
0.92816	0.947432
0.928143	0.946781
0.92816	0.945988
0.928087	0.945566
0.92807	0.944915
0.928049	0.944279
0.927993	0.943785
0.92799	0.943077
0.927934	0.942585
0.92791	0.941962
0.927903	0.941269
0.9279	0.940564
0.927913	0.939782
0.927924	0.93902
0.927865	0.938541
0.927907	0.93765
0.927882	0.937029
0.927882	0.936307
0.927743	0.936156
0.92774	0.93545
0.927747	0.934701
0.92782	0.933679
0.927747	0.933259
0.927761	0.932481
0.927719	0.931932
0.927597	0.93171
0.927497	0.931403
0.927625	0.930156
0.927563	0.929693
0.927458	0.9294
0.927462	0.928667
0.927493	0.927818
0.927413	0.927427
0.927451	0.92655
0.927434	0.925902
0.927441	0.925154
0.927365	0.924749
0.927375	0.923985
0.927417	0.923095
0.927368	0.922575
0.927382	0.921799
0.927354	0.921193
0.927382	0.920359
0.927406	0.919541
0.927493	0.918466
0.927351	0.918329
0.927379	0.917497
0.927385	0.916748
0.927347	0.916186
0.927344	0.915481
0.927198	0.915361
0.927354	0.913999
0.927326	0.913395
0.927135	0.91346
0.927337	0.911915
0.927354	0.911123
0.927347	0.910434
0.927344	0.909727
0.92709	0.91005
0.927108	0.909261
0.927076	0.90867
0.927111	0.907809
0.927108	0.907105
0.927108	0.906387
0.927139	0.90554
0.927149	0.904778
0.927073	0.904374
0.927094	0.903569
0.927267	0.902139
0.927076	0.902204
0.927094	0.901414
0.927125	0.900567
0.927059	0.90012
0.927066	0.899372
0.927031	0.898798
0.92708	0.897879
0.927059	0.897246
0.927066	0.896499
0.927104	0.895625
0.927024	0.895234
0.927017	0.894545
0.927024	0.893797
0.927028	0.893064
0.927	0.892461
0.927042	0.891572
0.927014	0.890968
0.926983	0.890379
0.926948	0.889803
0.926917	0.889213
0.926826	0.888866
0.926785	0.88832
0.926816	0.887475
0.926788	0.886871
0.92684	0.885939
0.926743	0.88562
0.926844	0.884491
0.926746	0.884173
0.926698	0.883654
0.92683	0.882396
0.926719	0.882135
0.926701	0.881489
0.926701	0.880772
0.926712	0.880013
0.926701	0.879337
0.926666	0.878764
0.926694	0.877932
0.92684	0.876617
0.926691	0.876512
0.926666	0.875895
0.926618	0.875377
0.926653	0.874519
0.926639	0.873859
0.926639	0.873143
0.926604	0.872568
0.926573	0.87198
0.926531	0.871434
0.926552	0.870631
0.926514	0.870072
0.926486	0.86947
0.926361	0.869267
0.926333	0.868666
0.926392	0.867707
0.926305	0.867348
0.926361	0.866404
0.926295	0.865959
0.92625	0.865429
0.926298	0.864514
0.926225	0.864097
0.926257	0.863254
0.926201	0.862767
0.926218	0.861981
0.926159	0.861508
0.926177	0.860721
0.926145	0.860134
0.926281	0.858863
0.926163	0.858632
0.926145	0.857989
0.926177	0.857144
0.926017	0.857086
0.926152	0.855814
0.926149	0.855114
0.926135	0.854456
0.926159	0.853642
0.925895	0.85401
0.925986	0.852925
0.925885	0.852623
0.925923	0.851753
0.925968	0.850853
0.92602	0.849925
0.92585	0.849908
0.925874	0.849096
0.925795	0.848709
0.925836	0.847824
0.925798	0.847266
0.925819	0.846468
0.925836	0.845683
0.925784	0.845183
0.925742	0.844639
0.925795	0.843711
0.925749	0.843184
0.925749	0.842471
0.925739	0.841799
0.925652	0.841442
0.925645	0.840758
0.925708	0.839787
0.925551	0.839715
0.925551	0.839002
0.925482	0.838572
0.925742	0.836792
0.925468	0.837204
0.925475	0.836464
0.925475	0.835752
0.925378	0.835438
0.925471	0.83434
0.925468	0.833642
0.925392	0.833243
0.925471	0.832202
0.925339	0.832032
0.925489	0.830706
0.925478	0.830036
0.925333	0.829922
0.925329	0.829224
0.925471	0.827928
0.925346	0.827729
0.925346	0.827016
0.925326	0.826387
0.925294	0.825806
0.92536	0.824823
0.925339	0.824196
0.92535	0.82344
0.925308	0.822899
0.925333	0.822087
0.925235	0.821775
0.925277	0.820892
0.925239	0.820336
0.925339	0.81921
0.92527	0.818784
0.925194	0.818385
0.925298	0.817247
0.925235	0.816791
0.925169	0.81635
0.925263	0.815252
0.925207	0.814769
0.925256	0.813858
0.92526	0.813132
0.925086	0.813132
0.925082	0.812435
0.925166	0.811382
0.925086	0.810998
0.925089	0.810272
0.925093	0.809548
0.925048	0.809021
0.925075	0.808195
0.925086	0.807441
0.925041	0.806916
0.925041	0.806205
0.925075	0.80535
0.92503	0.804824
0.925044	0.804056
0.924978	0.803616
0.925037	0.802663
0.924961	0.802265
0.924996	0.801411
0.92502	0.800601
0.924985	0.800032
0.92495	0.799463
0.925086	0.798197
0.924954	0.798027
0.924975	0.797231
0.924916	0.796762
0.924916	0.796052
0.925065	0.794728
0.924936	0.794544
0.924919	0.793904
0.924926	0.793165
0.924982	0.792226
0.924909	0.791815
0.924912	0.79109
0.924923	0.790336
0.924926	0.789611
0.924916	0.788943
0.924919	0.788217
0.924909	0.78755
0.924926	0.786768
0.924676	0.787084
0.924666	0.786416
0.924888	0.784793
0.924659	0.785025
0.924846	0.783546
0.924662	0.78359
0.924815	0.782252
0.924686	0.78207
0.924669	0.781432
0.924606	0.780977
0.924648	0.780097
0.924638	0.779431
0.924652	0.778664
0.924634	0.778025
0.924627	0.777344
0.924613	0.776691
0.924669	0.775753
0.924568	0.775456
0.924589	0.774662
0.924582	0.77398
0.924558	0.773371
0.92452	0.772817
0.924575	0.771881
0.924471	0.771599
0.924447	0.770989
0.924461	0.770222
0.924395	0.769785
0.924297	0.769476
0.924308	0.768725
0.924516	0.76716
0.92427	0.767463
0.924283	0.766698
0.924256	0.766103
0.924263	0.765366
0.924263	0.764657
0.924419	0.763307
0.924457	0.762441
0.924277	0.762473
0.92427	0.761793
0.924245	0.761185
0.924235	0.760519
0.924245	0.759767
0.924235	0.759102
0.924207	0.758508
0.924214	0.757771
0.924224	0.757019
0.924169	0.75654
0.92419	0.755747
0.924148	0.75521
0.924158	0.754458
0.924124	0.753893
0.924051	0.753485
0.924006	0.752962
0.923992	0.752311
0.924037	0.751418
0.924044	0.750683
0.92388	0.750645
0.923995	0.749466
0.923874	0.749259
0.923839	0.748695
0.923863	0.747888
0.923853	0.747222
0.92386	0.746487
0.924054	0.744981
0.924099	0.744089
0.92386	0.744365
0.923853	0.743686
0.923849	0.742994
0.923828	0.742372
0.923832	0.74165
0.923821	0.740987
0.92379	0.740408
0.923835	0.739517
0.923717	0.739293
0.923752	0.738445
0.923714	0.737894
0.923669	0.737374
0.923714	0.736481
0.923728	0.735719
0.923714	0.735068
0.923617	0.734761
0.923648	0.733927
0.92354	0.733662
0.923502	0.733113
0.923547	0.732222
0.923474	0.731815
0.923453	0.731196
0.923443	0.730533
0.923363	0.730155
0.923446	0.729107
0.923419	0.728515
0.923457	0.727653
0.923467	0.726905
0.923398	0.726484
0.923328	0.726064
0.923318	0.725402
0.923339	0.724609
0.923318	0.723991
0.92346	0.722702
0.923332	0.722523
0.923335	0.721805
0.923464	0.720571
0.923307	0.720507
0.923311	0.719788
0.923311	0.719083
0.9233	0.718418
0.923439	0.717143
0.923318	0.716938
0.923311	0.716262
0.923401	0.715185
0.923401	0.71448
0.923293	0.714217
0.923314	0.713426
0.923304	0.712764
0.923307	0.712045
0.923311	0.711326
0.923325	0.710563
0.923255	0.710142
0.923283	0.709323
0.923311	0.708504
0.923293	0.707871
0.923339	0.706979
0.923283	0.706502
0.923307	0.705698
0.923307	0.704993
0.923127	0.70503
0.923141	0.704268
0.923172	0.703435
0.923193	0.702645
0.923054	0.70251
0.923224	0.701107
0.923064	0.701058
0.92304	0.700454
0.923231	0.698965
0.92305	0.699002
0.923154	0.697869
0.923154	0.697166
0.92313	0.69656
0.923089	0.696027
0.923054	0.695465
0.923064	0.694719
0.923113	0.693814
0.923061	0.693324
0.923016	0.692805
0.922988	0.692216
0.92305	0.691254
0.922984	0.690821
0.922977	0.690146
0.923016	0.689285
0.922991	0.688679
0.923009	0.687905
0.922943	0.687471
0.92297	0.686654
0.922936	0.686092
0.922918	0.68546
0.922894	0.684856
0.922984	0.683782
0.922918	0.683348
0.92287	0.682844
0.922831	0.682298
0.922901	0.681309
0.922901	0.680605
0.922894	0.67993
0.922897	0.679212
0.922738	0.679164
0.922665	0.67876
0.92263	0.6782
0.922626	0.677512
0.922647	0.676723
0.922891	0.67502
0.922821	0.674604
0.922738	0.674243
0.922637	0.673954
0.922693	0.673022
0.922651	0.67249
0.922668	0.671717
0.922602	0.671285
0.922554	0.67078
0.922606	0.669864
0.922484	0.669661
0.922564	0.668631
0.922526	0.668084
0.922515	0.667426
0.922529	0.666666
0.922526	0.665978
0.922477	0.665475
0.92238	0.665172
0.922376	0.664483
0.922404	0.663669
0.92238	0.663067
0.922279	0.662778
0.922272	0.662105
0.92223	0.661575
0.922338	0.660431
0.922227	0.660185
0.922189	0.659641
0.922241	0.658727
0.922192	0.658224
0.922206	0.657467
0.922237	0.656637
0.922133	0.656363
0.922105	0.655776
0.922199	0.65469
0.922095	0.654416
0.922088	0.653744
0.922178	0.652672
0.922098	0.6523
0.922161	0.651342
0.922095	0.650912
0.922102	0.650181
0.922092	0.649523
0.922102	0.64878
0.922112	0.648037
0.921845	0.648434
0.92206	0.64685
0.921942	0.646634
0.921841	0.646347
0.921904	0.645389
0.921876	0.644803
0.921824	0.644317
0.921866	0.643446
0.921793	0.643046
0.921765	0.64246
0.921768	0.641746
0.921848	0.640718
0.921765	0.64036
0.921744	0.639746
0.921741	0.639062
0.921727	0.638418
0.921709	0.637789
0.921692	0.637161
0.921682	0.636505
0.921605	0.636119
0.921487	0.635905
0.921685	0.634392
0.921425	0.634764
0.921438	0.634008
0.921494	0.633081
0.921529	0.632238
0.921591	0.631284
0.921428	0.631256
0.921428	0.630556
0.921445	0.629787
0.921418	0.629202
0.921432	0.628447
0.921432	0.627747
0.921428	0.627063
0.921303	0.626878
0.921428	0.625667
0.921414	0.625024
0.921428	0.624269
0.921421	0.623597
0.921428	0.622871
0.921428	0.622173
0.921411	0.621546
0.921418	0.620819
0.921383	0.620263
0.921352	0.619692
0.921435	0.618653
0.921393	0.618125
0.92139	0.617439
0.921369	0.616827
0.921418	0.61593
0.92132	0.615631
0.921369	0.614733
0.921275	0.614419
0.9213	0.613621
0.921317	0.612852
0.921327	0.612111
0.921313	0.611468
0.921282	0.610899
0.921338	0.609974
0.921279	0.609518
0.9213	0.608733
0.921251	0.608236
0.921157	0.607923
0.921223	0.606954
0.921237	0.606199
0.921102	0.606058
0.92123	0.604832
0.921143	0.604492
0.921115	0.603908
0.921109	0.603238
0.92107	0.602698
0.921181	0.601545
0.921039	0.60143
0.921077	0.600578
0.92122	0.599295
0.921081	0.599166
0.921063	0.598541
0.921122	0.597603
0.92107	0.597118
0.921102	0.596293
0.921133	0.595466
0.92106	0.59507
0.921084	0.594272
0.92115	0.593304
0.921077	0.592905
0.921025	0.592423
0.921004	0.59181
0.921022	0.591042
0.921018	0.590357
0.92097	0.589861
0.92098	0.589122
0.920928	0.588638
0.921025	0.587542
0.920917	0.587287
0.920876	0.586761
0.920928	0.585851
0.920886	0.585324
0.920883	0.584642
0.920879	0.583961
0.920959	0.582936
0.920876	0.58258
0.92098	0.581456
0.920942	0.580917
0.920872	0.580505
0.920865	0.579836
0.920869	0.579126
0.920799	0.578714
0.920712	0.578375
0.920817	0.57725
0.920622	0.577351
0.920584	0.576814
0.920525	0.57636
0.920615	0.575294
0.92057	0.574785
0.920574	0.574075
0.920629	0.573151
0.920622	0.572482
0.920483	0.572358
0.920452	0.571791
0.920591	0.570525
0.92056	0.569955
0.920459	0.569676
0.920487	0.568866
0.920476	0.568214
0.920459	0.567589
0.920455	0.566909
0.920483	0.5661
0.920459	0.565504
0.920393	0.565079
0.920323	0.564668
0.920414	0.563605
0.92032	0.563295
0.920445	0.562086
0.920285	0.562047
0.920202	0.561695
0.920442	0.560017
0.920327	0.559791
0.920261	0.559368
0.920184	0.558988
0.92031	0.55778
0.920184	0.557598
0.920198	0.556848
0.920167	0.556282
0.920212	0.555402
0.920125	0.555064
0.920098	0.554483
0.92008	0.553861
0.920063	0.553239
0.920049	0.552602
0.919875	0.552621
0.91982	0.552156
0.920056	0.550493
0.919802	0.550841
0.919795	0.550176
0.919841	0.549298
0.920056	0.547721
0.91992	0.547567
0.920035	0.546418
0.919788	0.546736
0.919802	0.545989
0.919778	0.545395
0.919785	0.544566
0.919757	0.544095
0.919757	0.543402
0.91974	0.542781
0.919736	0.542103
0.919688	0.5416
0.919663	0.541017
0.919688	0.540225
0.919643	0.539431
0.919656	0.538969
0.919604	0.538489
0.919552	0.538011
0.919622	0.537034
0.919625	0.536327
0.919486	0.536206
0.919573	0.535157
0.919424	0.535078
0.919493	0.534101
0.919472	0.533495
0.919399	0.533103
0.919379	0.532496
0.919389	0.531762
0.919358	0.531134
0.919392	0.530365
0.919361	0.529801
0.919382	0.529024
0.919351	0.528462
0.919372	0.527685
0.919386	0.526936
0.919386	0.526245
0.919326	0.525796
0.919292	0.525248
0.919247	0.524741
0.919254	0.524022
0.919236	0.523403
0.919375	0.522141
0.919222	0.522076
0.919226	0.521372
0.91924	0.520625
0.919236	0.519947
0.919302	0.518985
0.919274	0.518408
0.919219	0.517946
0.919247	0.51714
0.919219	0.516563
0.919212	0.5159
0.919163	0.51541
0.919212	0.514519
0.919233	0.513742
0.919219	0.513109
0.919215	0.51243
0.919226	0.511699
0.919205	0.511093
0.919229	0.510302
0.919212	0.509683
0.919135	0.509306
0.919128	0.508643
0.919146	0.50788
0.919177	0.507062
0.919181	0.506357
0.919219	0.50551
0.919135	0.505161
0.91916	0.504371
0.91908	0.504009
0.919156	0.503004
0.919122	0.502456
0.919108	0.501822
0.919142	0.50099
0.919094	0.500496
0.918969	0.500322
0.919021	0.499418
0.918958	0.498984
0.918976	0.498222
0.918976	0.497533
0.919038	0.496586
0.918976	0.496153
0.918983	0.495433
0.918983	0.494745
0.918969	0.494111
0.918917	0.493635
0.91891	0.492973
0.918864	0.492469
0.918861	0.491794
0.918889	0.49099
0.91884	0.490499
0.918851	0.489768
0.918864	0.48902
0.918917	0.488118
0.918833	0.487769
0.918778	0.487308
0.918819	0.486448
0.918743	0.486072
0.918805	0.485125
0.918819	0.484379
0.918656	0.48436
0.918552	0.484099
0.918548	0.483424
0.918552	0.482722
0.918802	0.481006
0.918548	0.481358
0.918559	0.480626
0.918548	0.479981
0.918555	0.479264
0.91859	0.478433
0.918566	0.477844
0.918569	0.477141
0.918528	0.476623
0.918503	0.476035
0.918496	0.475374
0.91843	0.474958
0.918441	0.474227
0.91843	0.473582
0.91842	0.472935
0.918364	0.472476
0.918316	0.471987
0.91825	0.471572
0.918312	0.470626
0.918288	0.470039
0.918208	0.469678
0.918145	0.469249
0.918177	0.468432
0.918111	0.468016
0.9181	0.46737
0.918163	0.466429
0.918059	0.466169
0.918156	0.465083
0.918013	0.46498
0.918149	0.463738
0.918152	0.463035
0.918034	0.462834
0.918	0.462289
0.918	0.461603
0.918003	0.460899
0.917986	0.460286
0.917996	0.459558
0.918003	0.458843
0.918013	0.458112
0.918	0.457484
0.917958	0.456967
0.918	0.45611
0.917864	0.455979
0.917979	0.454821
0.917885	0.454521
0.917739	0.454433
0.917753	0.45369
0.917729	0.453105
0.917725	0.452433
0.917701	0.451847
0.917666	0.451304
0.917656	0.450662
0.917586	0.450263
0.9176	0.449519
0.917496	0.449262
0.917586	0.448206
0.91744	0.44812
0.917593	0.446807
0.917579	0.44618
0.917416	0.446164
0.91744	0.44538
0.917444	0.444681
0.917423	0.444082
0.917343	0.443725
0.917583	0.442057
0.917472	0.441828
0.917419	0.441357
0.91735	0.440957
0.91734	0.440317
0.917346	0.439603
0.91735	0.438904
0.917353	0.438206
0.917336	0.437593
0.917329	0.436936
0.917333	0.436238
0.91734	0.435525
0.917343	0.434827
0.917308	0.434285
0.91734	0.433472
0.917315	0.432887
0.917346	0.432075
0.917308	0.431547
0.917291	0.430934
0.917287	0.430264
0.917253	0.429723
0.917239	0.429096
0.917204	0.428555
0.917232	0.427757
0.917277	0.426888
0.917246	0.426331
0.917221	0.425747
0.917107	0.425534
0.917166	0.424608
0.917016	0.424537
0.917148	0.423312
0.917051	0.423027
0.917082	0.422217
0.917058	0.421632
0.916985	0.421249
0.91702	0.420424
0.916996	0.41984
0.916978	0.419227
0.916978	0.418545
0.917183	0.41702
0.916937	0.417349
0.916923	0.416722
0.91693	0.416011
0.916919	0.415369
0.91693	0.414646
0.917107	0.413235
0.916947	0.413208
0.91693	0.412596
0.91693	0.411913
0.916937	0.411201
0.916944	0.410491
0.916839	0.410235
0.916982	0.408966
0.916923	0.408526
0.917037	0.407373
0.916957	0.407018
0.916933	0.406435
0.916947	0.405694
0.916905	0.405182
0.91678	0.405013
0.916905	0.403818
0.916923	0.403061
0.916978	0.402153
0.916919	0.401712
0.916891	0.401143
0.916864	0.400574
0.916846	0.399963
0.916867	0.399195
0.91677	0.398911
0.916784	0.398171
0.916836	0.397276
0.916839	0.396578
0.91677	0.396181
0.916822	0.395285
0.916836	0.394545
0.916798	0.39402
0.916822	0.393238
0.91668	0.393138
0.916725	0.392272
0.916721	0.391604
0.916534	0.391692
0.916527	0.391038
0.916541	0.3903
0.916523	0.389689
0.91653	0.38898
0.916488	0.388469
0.916509	0.387702
0.916523	0.386964
0.916523	0.386282
0.916297	0.386528
0.916384	0.38549
0.916377	0.384838
0.916391	0.3841
0.916381	0.383461
0.916412	0.382652
0.916367	0.382157
0.916395	0.381361
0.91637	0.380779
0.916346	0.380198
0.916363	0.379446
0.916273	0.379137
0.916329	0.378227
0.9162	0.378075
0.916186	0.377449
0.916131	0.376999
0.916266	0.375762
0.91611	0.375724
0.916259	0.37443
0.916051	0.374605
0.916127	0.373611
0.91604	0.373288
0.916075	0.372465
0.916117	0.371615
0.916079	0.37109
0.916047	0.370539
0.916044	0.369874
0.916023	0.369279
0.91594	0.368941
0.91594	0.368262
0.91594	0.367583
0.915971	0.366775
0.915797	0.366808
0.915912	0.365659
0.915794	0.365464
0.915742	0.364999
0.915964	0.363406
0.91569	0.363854
0.915901	0.362306
0.915717	0.362382
0.915971	0.360662
0.915696	0.361109
0.915703	0.360402
0.915776	0.359424
0.915714	0.359002
0.91571	0.358335
0.915742	0.35753
0.915714	0.356966
0.915637	0.3566
0.91563	0.355951
0.915582	0.355472
0.915585	0.35478
0.915561	0.3542
0.915561	0.353523
0.915498	0.353101
0.915384	0.352894
0.915318	0.352487
0.915307	0.351853
0.915321	0.351119
0.915255	0.350713
0.915318	0.349778
0.915266	0.349314
0.91528	0.348581
0.9153	0.347819
0.915189	0.347596
0.915228	0.346763
0.915224	0.346101
0.915189	0.345566
0.915234	0.344703
0.915162	0.344326
0.915182	0.343563
0.915294	0.34243
0.915175	0.342238
0.91529	0.34109
0.915252	0.34057
0.915165	0.340249
0.915165	0.339572
0.915162	0.33891
0.915276	0.337762
0.915155	0.337585
0.915148	0.336936
0.915207	0.336016
0.915168	0.335497
0.915106	0.335077
0.915134	0.334286
0.915162	0.333495
0.915106	0.333047
0.915127	0.332285
0.915071	0.331836
0.915082	0.331117
0.914998	0.330782
0.915075	0.329792
0.915005	0.3294
0.915057	0.32851
0.914932	0.328348
0.914977	0.327486
0.914929	0.327009
0.914967	0.326176
0.915026	0.325258
0.914859	0.325267
0.914845	0.324647
0.914898	0.323759
0.914842	0.323311
0.914887	0.322449
0.914835	0.321987
0.914835	0.321311
0.914821	0.320694
0.91488	0.319775
0.914866	0.319155
0.914856	0.318523
0.914825	0.317976
0.914842	0.317229
0.91479	0.316766
0.914838	0.315891
0.914745	0.315601
0.914779	0.314783
0.914793	0.31405
0.914807	0.313318
0.914766	0.312814
0.914772	0.312109
0.914748	0.311533
0.914752	0.310844
0.914717	0.310311
0.914759	0.309465
0.914668	0.30916
0.914752	0.308143
0.914564	0.308238
0.914738	0.306848
0.914741	0.306159
0.914585	0.306127
0.914578	0.30548
0.914529	0.305005
0.914599	0.304045
0.914495	0.303799
0.914505	0.303081
0.914495	0.302449
0.914495	0.301772
0.914623	0.300573
0.914505	0.300382
0.914488	0.299779
0.914495	0.299076
0.914508	0.298344
0.914356	0.298299
0.914429	0.297324
0.914446	0.296578
0.914477	0.295776
0.914373	0.29553
0.914356	0.294927
0.914359	0.294237
0.914224	0.29412
0.914238	0.29339
0.914171	0.292987
0.914081	0.292684
0.914081	0.292011
0.914081	0.291339
0.914071	0.290708
0.914078	0.290005
0.914005	0.289632
0.914015	0.288917
0.91398	0.288387
0.91396	0.287798
0.91398	0.287041
0.913932	0.286568
0.914074	0.285312
0.913911	0.285308
0.914078	0.283141
0.913914	0.283275
0.913908	0.282631
0.913914	0.281931
0.913918	0.281243
0.913852	0.280842
0.913657	0.280969
0.913661	0.280282
0.913501	0.280267
0.913543	0.279425
0.913397	0.279353
0.91339	0.278711
0.913237	0.278667
0.913192	0.278181
0.913248	0.277284
0.913192	0.276843
0.913168	0.276272
0.913188	0.275517
0.913188	0.274846
0.913213	0.274077
0.913213	0.273406
0.913248	0.272594
0.913286	0.271766
0.913307	0.270879
0.913303	0.270355
0.913286	0.269755
0.913428	0.268501
0.913341	0.268186
0.913508	0.266831
0.913512	0.266146
0.913498	0.265532
0.913505	0.264832
0.913463	0.264332
0.913452	0.263704
0.913446	0.263022
0.913515	0.262105
0.913435	0.261762
0.913421	0.261149
0.913341	0.260806
0.913258	0.260392
0.913248	0.25985
0.913303	0.258952
0.913202	0.258695
0.913237	0.257882
0.913202	0.257355
0.913227	0.256585
0.913147	0.256243
0.913147	0.255545
0.913119	0.255018
0.913147	0.254234
0.913015	0.254106
0.913143	0.252908
0.913098	0.252424
0.913122	0.251654
0.913147	0.250884
0.913102	0.2504
0.913025	0.250044
0.913091	0.249103
0.912997	0.248819
0.913018	0.248065
0.913109	0.247025
0.913102	0.246383
0.913088	0.24577
0.912942	0.2457
0.912852	0.245402
0.912855	0.244717
0.912963	0.243607
0.912858	0.243366
0.912897	0.242541
0.912838	0.242113
0.912834	0.24146
0.912852	0.240719
0.912848	0.240064
0.912841	0.239423
0.912838	0.23877
0.912876	0.237943
0.912713	0.237946
0.912834	0.236777
0.912813	0.236194
0.912831	0.235454
0.912841	0.234743
0.912862	0.233988
0.912893	0.233192
0.913011	0.232038
0.912852	0.232024
0.912845	0.231383
0.912852	0.230687
0.912824	0.230131
0.912831	0.229436
0.912761	0.22905
0.912813	0.228169
0.912813	0.2275
0.912775	0.226988
0.912789	0.226262
0.912761	0.225709
0.91273	0.225168
0.91272	0.224542
0.912779	0.223631
0.912678	0.223376
0.912706	0.222594
0.912695	0.221969
0.912581	0.22177
0.912546	0.221245
0.912608	0.220321
0.912654	0.219468
0.912522	0.219342
0.912605	0.218332
0.912598	0.217693
0.912587	0.217067
0.912442	0.216997
0.91248	0.216173
0.912428	0.21572
0.912431	0.215039
0.912417	0.214427
0.912393	0.213861
0.912414	0.213108
0.912396	0.212512
0.912379	0.211915
0.912348	0.211377
0.912438	0.210339
0.91231	0.210199
0.912271	0.209689
0.912282	0.208979
0.912431	0.207699
0.912289	0.207617
0.912334	0.206763
0.912341	0.20607
0.912275	0.205673
0.912285	0.204964
0.91216	0.204809
0.912223	0.203887
0.912209	0.203277
0.912181	0.202725
0.912126	0.202286
0.912028	0.202019
0.912011	0.201424
0.91199	0.200844
0.911921	0.200464
0.9119	0.199883
0.911955	0.198989
0.911914	0.198496
0.911882	0.197957
0.911875	0.197321
0.91182	0.196884
0.911879	0.195976
0.911875	0.195325
0.911615	0.195728
0.911618	0.19505
0.911618	0.194386
0.911622	0.193706
0.911611	0.193084
0.911545	0.19269
0.911615	0.191741
0.911691	0.190763
0.911629	0.190355
0.91158	0.18989
0.911604	0.189126
0.911611	0.188432
0.911601	0.18781
0.911618	0.187075
0.911545	0.186711
0.911549	0.186031
0.911476	0.185666
0.911445	0.185131
0.911462	0.184396
0.911344	0.184216
0.911264	0.183881
0.911306	0.183047
0.911243	0.18264
0.911261	0.181905
0.911222	0.181399
0.911195	0.180849
0.911215	0.180101
0.911188	0.179551
0.911215	0.178774
0.911222	0.178083
0.911215	0.177448
0.91109	0.177298
0.911073	0.176707
0.911195	0.175545
0.911097	0.175281
0.911056	0.174789
0.911049	0.174156
0.911094	0.173307
0.911035	0.172887
0.910976	0.172466
0.911003	0.171691
0.910872	0.17157
0.910889	0.170836
0.91083	0.170416
0.910795	0.169898
0.910809	0.169179
0.910746	0.168774
0.910781	0.167969
0.910701	0.167636
0.91076	0.166732
0.910715	0.166256
0.91068	0.165737
0.91066	0.165159
0.910562	0.164899
0.910545	0.16431
0.910649	0.16322
0.910628	0.162645
0.910566	0.162241
0.910566	0.16158
0.91058	0.160861
0.910646	0.15993
0.910635	0.159309
0.910646	0.158608
0.910375	0.159058
0.910628	0.157358
0.91051	0.157181
0.910389	0.157019
0.910357	0.156487
0.910548	0.155043
0.910403	0.154981
0.910403	0.154321
0.910399	0.153674
0.910406	0.152985
0.910385	0.15241
0.910371	0.151807
0.910344	0.151261
0.910371	0.150487
0.910326	0.150012
0.910364	0.149195
0.91035	0.148592
0.910316	0.148074
0.910229	0.147771
0.910281	0.146897
0.910243	0.146394
0.910201	0.145905
0.910232	0.145117
0.910243	0.144415
0.910215	0.143868
0.910243	0.143095
0.910239	0.142449
0.91	0.142774
0.910236	0.141144
0.909979	0.14154
0.91018	0.140054
0.909986	0.140194
0.9101	0.139064
0.909986	0.138875
0.909968	0.138287
0.909947	0.137714
0.909947	0.137055
0.909951	0.136381
0.909947	0.135737
0.909937	0.135122
0.909913	0.134561
0.90992	0.133875
0.90984	0.133545
0.909881	0.132715
0.909871	0.132098
0.909871	0.13144
0.909829	0.130953
0.909743	0.130651
0.909652	0.130363
0.909638	0.129763
0.909631	0.129134
0.909572	0.128719
0.909597	0.12796
0.909586	0.127346
0.909503	0.127031
0.909538	0.126231
0.909562	0.125473
0.909416	0.125415
0.909416	0.124759
0.909419	0.124088
0.909513	0.123044
0.909423	0.122758
0.909468	0.121917
0.909371	0.121658
0.909333	0.121158
0.909308	0.120602
0.909256	0.120159
0.909194	0.119758
0.909114	0.119431
0.909093	0.118861
0.909055	0.118362
0.908996	0.117947
0.90901	0.117235
0.908996	0.116637
0.908992	0.115996
0.90878	0.116209
0.908777	0.11557
0.908732	0.115099
0.908739	0.114417
0.908916	0.113034
0.908801	0.112848
0.908784	0.112266
0.908718	0.111883
0.908721	0.111213
0.908655	0.11083
0.908687	0.110048
0.908582	0.109821
0.908582	0.109166
0.908541	0.108683
0.908416	0.108543
0.908429	0.107833
0.908357	0.107478
0.908308	0.107025
0.908252	0.106601
0.908211	0.106118
0.90827	0.105222
0.908249	0.104655
0.908159	0.104372
0.908179	0.103636
0.908183	0.102967
0.908113	0.102601
0.90804	0.102248
0.907961	0.101924
0.907901	0.101513
0.907891	0.100904
0.907884	0.100281
0.907769	0.1001
0.907787	0.0993772
0.90761	0.0994529
0.907773	0.0981328
0.907756	0.0975524
0.907756	0.0969006
0.907509	0.097262
0.907512	0.0965977
0.907512	0.0959473
0.907509	0.0953102
0.907443	0.0949316
0.907474	0.0941526
0.907377	0.0939017
0.907335	0.0934223
0.9072	0.0933291
0.907165	0.0928222
0.907109	0.0924016
0.907019	0.0921226
0.907096	0.0911594
0.907103	0.0904834
0.906971	0.0903761
0.906943	0.0898411
0.90695	0.0891652
0.906988	0.0883591
0.906953	0.087853
0.906953	0.0872039
0.906707	0.0875682
0.906689	0.0869918
0.906686	0.0863596
0.9067	0.0856535
0.906696	0.0850206
0.906682	0.0844305
0.906529	0.0844097
0.906359	0.0844617
0.90654	0.0830735
0.906536	0.0824411
0.906505	0.0819224
0.906432	0.0815746
0.906383	0.0811273
0.9063	0.0808232
0.906272	0.0802907
0.906331	0.0794017
0.90622	0.0792115
0.906175	0.0787518
0.906074	0.0785196
0.906116	0.0777024
0.905949	0.0777406
0.905949	0.0770968
0.905904	0.0766368
0.905869	0.076134
0.90588	0.0754469
0.905855	0.0749011
0.905859	0.0742428
0.905772	0.0739545
0.905755	0.0733817
0.905696	0.0729791
0.905626	0.072618
0.905585	0.0721476
0.905463	0.0720026
0.905387	0.0716726
0.905459	0.0707306
0.905442	0.0701581
0.905387	0.0697432
0.90539	0.0690851
0.905189	0.0692696
0.905237	0.0684273
0.905182	0.0680133
0.905084	0.0677693
0.904963	0.0676266
0.904918	0.06717
0.904949	0.0664007
0.904893	0.0659865
0.904782	0.0658029
0.904671	0.0656169
0.904883	0.0641066
0.904629	0.0645059
0.904608	0.0639518
0.904626	0.0632394
0.904598	0.0627127
0.90457	0.0621863
0.904497	0.0618459
0.904372	0.0617193
0.904223	0.0616928
0.90423	0.061025
0.904139	0.0607572
0.904105	0.0602605
0.904209	0.0591942
0.904056	0.0591815
0.90407	0.0584871
0.904021	0.0580482
0.904067	0.0572242
0.90398	0.0569405
0.903948	0.0564319
0.903816	0.0563347
0.903785	0.0558261
0.903671	0.0556576
0.903667	0.0550362
0.903566	0.054812
0.903393	0.054888
0.903393	0.0542512
0.903417	0.0535159
0.903403	0.0529355
0.90332	0.052642
0.903275	0.0521902
0.903268	0.0515831
0.903042	0.0518741
0.903129	0.0508835
0.903017	0.0507037
0.902976	0.0502401
0.903014	0.0494483
0.902903	0.0492698
0.902792	0.0490905
0.902615	0.0491844
0.902844	0.0476096
0.902608	0.0479453
0.902451	0.0479526
0.9025	0.0471203
0.902448	0.0467008
0.902326	0.0465668
0.902187	0.046504
0.902121	0.0461433
0.902114	0.0455392
0.902007	0.0453498
0.902048	0.0445476
0.902	0.0441149
0.901791	0.0443387
0.901781	0.0437512
0.901729	0.0433331
0.901691	0.0428595
0.901545	0.0428293
0.901451	0.0425837
0.901416	0.042096
0.901409	0.0414954
0.901274	0.0414226
0.90135	0.0404795
0.90118	0.0405481
0.901096	0.040262
0.900999	0.0400326
0.900909	0.0397744
0.900839	0.0394322
0.900628	0.0396747
0.900784	0.0384071
0.900603	0.0385209
0.900509	0.0382787
0.900485	0.0377527
0.900426	0.0373685
0.900165	0.0378123
0.900183	0.0371142
0.900068	0.0369608
0.900027	0.036506
0.900016	0.0359245
0.899919	0.0356995
0.899808	0.035531
0.899773	0.0350501
0.899617	0.0350676
0.899648	0.0343151
0.899596	0.0339056
0.899585	0.0333251
0.899363	0.0336142
0.899301	0.0332484
0.899203	0.0330248
0.8992	0.0324173
0.899196	0.0318096
0.898946	0.0322144
0.898922	0.0316925
0.898835	0.0314284
0.898755	0.0311357
0.898588	0.031199
0.898547	0.0307513
0.898404	0.030715
0.898439	0.0299541
0.898324	0.0298042
0.898342	0.0291143
0.898029	0.0297786
0.89797	0.0294038
0.897963	0.028813
0.89797	0.0281672
0.89772	0.0285762
0.89771	0.0280024
0.897637	0.0276848
0.897578	0.0273101
0.89739	0.027464
0.8973	0.0272186
0.897286	0.0266603
0.897296	0.0260021
0.897154	0.0259706
0.897119	0.0254986
0.89698	0.0254536
0.896803	0.025566
0.89674	0.0252091
0.896633	0.0250381
0.896605	0.024538
0.896542	0.0241824
0.896383	0.0242254
0.896334	0.0238133
0.896313	0.0232857
0.896285	0.0227883
0.89608	0.0230162
0.89599	0.0227767
0.89583	0.0228208
0.895705	0.0227239
0.895646	0.0223563
0.895539	0.0221882
0.895584	0.0213926
0.895497	0.0211401
0.89525	0.0215434
0.895146	0.021362
0.895149	0.0207392
0.895	0.0207443
0.894833	0.0208206
0.894958	0.0197008
0.894813	0.0196881
0.894667	0.0196832
0.894476	0.0198618
0.894392	0.0195978
0.894354	0.0191483
0.894253	0.0189562
0.894236	0.0184227
0.894021	0.0187018
0.893934	0.0184532
0.893871	0.018105
0.893739	0.0180439
0.893826	0.0170845
0.89359	0.0174493
0.89352	0.0171328
0.89334	0.0172716
0.893232	0.0171109
0.893138	0.0168936
0.893149	0.0162499
0.893034	0.0161196
0.892975	0.0157607
0.89278	0.0159575
0.892739	0.0155283
0.892617	0.0154278
0.892492	0.0153419
0.892329	0.0154123
0.892239	0.0151844
0.892079	0.0152421
0.89219	0.014188
0.892009	0.0143302
0.891818	0.0145177
0.891728	0.014291
0.891558	0.0143937
0.891422	0.0143533
0.891401	0.0138434
0.891262	0.013818
0.891106	0.0138645
0.891047	0.0135125
0.890971	0.0132319
0.890925	0.012823
0.890814	0.0126855
0.890686	0.0126187
0.890429	0.0130817
0.890325	0.0129169
0.890199	0.0128385
0.890189	0.0122887
0.890022	0.0123823
0.889883	0.0123619
0.889751	0.0123129
0.889505	0.0127355
0.889515	0.0121039
0.88946	0.0117421
0.889366	0.0115389
0.889355	0.0109919
0.889185	0.0111029
0.889077	0.0109561
0.888879	0.0111814
0.888674	0.011435
0.888695	0.0107634
0.888546	0.0107899
0.88849	0.0104326
0.88824	0.0108726
0.88814	0.0107022
0.888143	0.0101034
0.887889	0.0105601
0.887823	0.0102463
0.88774	0.0100055
0.887473	0.0105198
0.887487	0.00988038
0.887396	0.00966845
0.887216	0.0098285
0.887028	0.0100175
0.886906	0.00993524
0.88691	0.00933959
0.886656	0.00980107
0.88658	0.00953541
0.886385	0.00975472
0.88625	0.00973093
0.886097	0.00978064
0.886114	0.00913141
0.88592	0.0093524
0.885784	0.00933144
0.885816	0.00862628
0.885666	0.00866174
0.885357	0.00935551
0.885267	0.00915072
0.885284	0.00850464
0.885138	0.00852903
0.884937	0.00878124
0.884801	0.00876268
0.884537	0.00927385
0.884603	0.00842946
0.884447	0.00849878
0.884339	0.00836823
0.88403	0.00906588
0.88403	0.00849478
0.884041	0.00788171
0.883784	0.00836494
0.883648	0.00835215
0.883495	0.00840988
0.883322	0.008554
0.883287	0.00812652
0.883231	0.00778751
0.882957	0.0083458
0.882866	0.00815017
0.882832	0.00772433
0.882686	0.00775737
0.882547	0.00776065
0.882422	0.00770878
0.882429	0.00711418
0.882231	0.00736237
0.882092	0.00736785
0.881963	0.00725188
0.881741	0.00767974
0.881751	0.00707342
0.881606	0.00710052
0.88139	0.00743085
0.881265	0.00738171
0.881196	0.0071054
0.881189	0.00657254
0.880987	0.00683887
0.880886	0.00669066
0.880706	0.00687313
0.880536	0.00701154
0.880421	0.00692305
0.880421	0.00636366
0.880223	0.0066181
0.880046	0.00678712
0.879983	0.00648678
0.879987	0.00591473
0.879719	0.00645518
0.879657	0.00615559
0.879487	0.0062985
0.879313	0.00645499
0.879292	0.00598603
0.879181	0.00588703
0.878952	0.00627365
0.878906	0.00590409
0.878868	0.00550801
0.878792	0.00526836
0.878569	0.00562751
0.878389	0.00581569
0.878368	0.00534914
0.878319	0.00499741
0.878177	0.00503048
0.878017	0.00513488
0.877812	0.00542551
0.877656	0.00551768
0.877708	0.00475423
0.877649	0.00444636
0.877423	0.00482374
0.877333	0.00464509
0.877124	0.00495265
0.877183	0.00416189
0.876937	0.00462644
0.876794	0.00466322
0.876694	0.00453084
0.876503	0.00476847
0.876496	0.00425154
0.876398	0.00410537
0.876221	0.00428699
0.875989	0.00469689
0.875989	0.00415334
0.875933	0.00383737
0.875836	0.00369276
0.875596	0.00413055
0.87569	0.00320463
0.875523	0.00334679
0.875374	0.00341768
0.875214	0.00353074
0.875051	0.00366016
0.874863	0.00388901
0.874995	0.00280693
0.87479	0.00310695
0.874634	0.0032073
0.87446	0.00338248
0.874384	0.00315711
0.874325	0.00286014
0.87421	0.00279259
0.874068	0.00283916
0.873918	0.00291487
0.873692	0.00330397
0.873672	0.00285363
0.873654	0.00238808
0.873442	0.00272226
0.873265	0.00291356
0.873258	0.00240647
0.873161	0.00227113
0.872859	0.00297759
0.872775	0.00278487
0.87272	0.00247999
0.872504	0.00283179
0.872379	0.00281216
0.8724	0.00219403
0.872251	0.00227545
0.872067	0.00249977
0.872039	0.0020825
0.871942	0.00195084
0.871751	0.00220388
0.87165	0.00208752
0.871494	0.00219975
0.871473	0.00175551
0.87124	0.00218155
0.871164	0.00196796
0.870948	0.00232404
0.870841	0.00223795
0.87067	0.00241013
0.87066	0.00192616
0.870431	0.00234128
0.870271	0.00247059
0.870184	0.00230244
0.870194	0.00173455
0.869989	0.00205117
0.869913	0.00184033
0.869875	0.00147354
0.869614	0.00201905
0.869514	0.00190941
0.869434	0.00171479
0.869211	0.00210511
0.869145	0.00185408
0.869065	0.00166109
0.868899	0.00182386
0.868739	0.00195881
0.868801	0.00118217
0.868642	0.00131809
0.868524	0.00128233
0.868329	0.00156189
0.868228	0.00145709
0.867985	0.00193702
0.867839	0.0020177
0.867829	0.00154366
0.867631	0.00183919
0.867464	0.0020074
0.867402	0.00174749
0.867349	0.00144554
0.867155	0.00172892
0.867054	0.001628
0.866898	0.00175448
0.866832	0.00151187
0.866735	0.00139767
0.866582	0.00151121
0.86638	0.00182456
0.866266	0.00178356
0.865991	0.00239798
0.866123	0.00134484
0.865932	0.00161711
0.865727	0.00194822
0.865522	0.00227787
0.865557	0.00162748
0.865369	0.00188658
0.865307	0.00163466
0.865112	0.00192516
0.865105	0.0014444
0.865015	0.00130741
0.864796	0.0016971
0.864716	0.00151897
0.864647	0.00129511
0.86455	0.00118965
0.864313	0.00165208
0.864195	0.00163174
0.864081	0.00159708
0.863886	0.00189109
0.86389	0.00137189
0.863792	0.00126712
0.863639	0.0013914
0.86348	0.00154333
0.863348	0.00158161
0.863348	0.00108012
0.86316	0.00134757
0.863028	0.00138799
0.862934	0.0012706
0.862691	0.00176813
0.862691	0.00126768
0.862563	0.00129543
0.862514	0.000995276
0.862264	0.00152133
0.86217	0.00140723
0.862121	0.00110879
0.861989	0.00115161
0.861878	0.00111031
0.861864	0.000669908
0.861712	0.000800179
0.861454	0.00135718
0.861416	0.00101861
0.86134	0.000835665
0.861114	0.00126689
0.860999	0.000746537
0.860954	0.000437174
0.860649	0.00119685
0.860628	0.000788511
0.860471	0.000936525
0.860482	0.000401045
0.860395	0.000264532
0.860194	0.000598186
0.860058	0.000662784
0.859881	0.00089879
0.859804	0.000720887
0.859732	0.000529284
0.859652	0.00036637
0.859464	0.000646065
0.859304	0.000812304
0.859249	0.00055063
0.859256	3.34319e-05
0.858964	0.000742553
0.858936	0.000368213
0.858762	0.000592356
0.858484	0.000271106
0.858238	0.000796775
0.858182	5.3062e-05
0.857911	0.000193658
0.857769	0.00029402
0.857626	0.000393878
0.856956	0.000245744
0.856477	0.000288099
0.85607	3.6553e-05
0.855747	0.00040553
0.855146	7.55032e-06
0.854056	0.000214842
0.853642	2.34606e-05
0.852496	3.47926e-05
0.851916	8.19533e-05
0.851631	0.000321006
0.850335	8.49493e-05
0.850231	5.28192e-05
0.849998	8.78e-05
0.849592	0.000379767
0.849512	0.000249022
0.849237	2.72835e-06
0.849078	0.000202255
0.8488	0.000430429
0.848671	4.7593e-05
0.848373	0.000364449
0.848112	7.21126e-05
0.847973	0.000189504
0.847817	0.000377704
0.847678	4.42865e-05
0.84757	3.47559e-05
0.84732	0.000609785
0.847205	0.000629411
0.847157	0.000379374
0.847115	0.000100267
0.846997	0.000135029
0.846806	0.000468261
0.84675	0.000249128
0.846587	0.000471009
0.84634	0.000586161
0.846288	0.000352965
0.846167	0.000404895
0.845937	0.000898687
0.845917	0.00053815
0.845917	9.15884e-05
0.845799	0.00013108
0.845517	0.000839884
0.845465	0.000609588
0.845496	3.64654e-05
0.845187	0.000860745
0.845083	0.000401085
0.844989	0.000342145
0.844777	0.000768798
0.84468	0.000725353
0.84468	0.000283899
0.844517	6.93055e-05
0.8441	1.56774e-05
0.843902	0.000388865
0.84386	0.000119783
0.843704	0.000322178
0.843436	0.00054138
0.843412	0.00020353
0.84328	0.000307062
0.843179	0.000283048
0.84302	0.000501214
0.843006	0.000121629
0.842631	0.000352054
0.842474	0.000122212
0.842367	0.000129751
0.84212	0.000272907
0.842023	0.000238037
0.8418	0.000716832
0.84163	0.000116279
0.841383	0.000263916
0.841293	0.000203533
0.840866	0.000232709
0.840164	0.000107749
0.839723	0.000208822
0.839244	4.57892e-05
0.838625	3.79225e-05
0.838525	2.84269e-05
0.83801	2.89554e-05
0.83784	0.000307177
0.837698	5.00504e-05
0.836892	0.000423957
0.836888	2.06239e-05
0.836562	0.000109827
0.836451	0.00014942
0.836354	0.000132979
0.836239	0.000187986
0.835954	0.000112126
0.835839	0.000167322
0.835673	0.000438569
0.835666	5.29413e-05
0.835402	0.000310144
0.835284	0.000382371
0.835207	0.000283069
0.83512	0.000228132
0.834881	0.000800226
0.834877	0.000403259
0.834856	7.76089e-05
0.83462	0.00063682
0.834551	0.000101312
0.834311	0.000674829
0.834308	0.000279794
0.83404	0.000969254
0.83405	0.000518466
0.83404	0.000152101
0.833918	0.000243162
0.833814	0.000262945
0.833613	0.000682375
0.833557	0.000502569
0.833477	0.000424449
0.83338	0.000417763
0.833231	0.00062502
0.833137	0.000604216
0.833005	0.000740639
0.832817	0.00110541
0.832901	0.00035913
0.832772	0.000481443
0.832605	0.000761759
0.832491	0.000828602
0.832327	0.00109538
0.832199	0.00121991
0.83207	0.00134465
0.832133	0.000685987
0.831973	0.000939688
0.831904	0.000822781
0.831653	0.0014485
0.831577	0.00136096
0.831577	0.000960849
0.831438	0.00112881
0.831264	0.00144339
0.831198	0.00131443
0.831181	0.000986496
0.831132	0.000786541
0.830848	0.00155708
0.83098	0.000616384
0.830729	0.00124469
0.830709	0.000931961
0.830393	0.001832
0.830615	0.000522657
0.830382	0.00108049
0.830264	0.00116843
0.830236	0.000886423
0.830128	0.000931934
0.830069	0.000778311
0.829819	0.00140884
0.829854	0.000869904
0.829576	0.00161688
0.829559	0.00129431
0.829548	0.000942241
0.829312	0.00151598
0.829399	0.000768021
0.829149	0.00140105
0.829055	0.0013927
0.829055	0.0010005
0.828749	0.00186141
0.828739	0.00151356
0.828746	0.00109294
0.82869	0.00092953
0.828652	0.000695038
0.828343	0.00157329
0.828228	0.00165283
0.82834	0.000806661
0.828072	0.00151455
0.828187	0.000654692
0.827923	0.00134756
0.827909	0.00101616
0.827773	0.00118351
0.827603	0.0014935
0.827759	0.000463072
0.82753	0.00101598
0.827388	0.00121275
0.827304	0.00116766
0.82737	0.000509677
0.827113	0.00117746
0.826971	0.00137554
0.827075	0.000561492
0.826929	0.000773741
0.826783	0.000986809
0.826606	0.00132847
0.826641	0.000801156
0.826551	0.000786178
0.826499	0.000615991
0.826283	0.00111481
0.826252	0.000859536
0.826162	0.000846007
0.825925	0.00143246
0.825884	0.00122076
0.825904	0.000752822
0.825845	0.000611595
0.825762	0.000572142
0.825599	0.000859805
0.825515	0.00082
0.825373	0.00102262
0.825359	0.000699262
0.825366	0.00028947
0.825189	0.000635544
0.825057	0.000796879
0.824953	0.000844129
0.824848	0.00089214
0.824696	0.00114043
0.824696	0.000761335
0.824657	0.000538908
0.824595	0.000416605
0.824397	0.000850828
0.824248	0.00108602
0.824293	0.00052265
0.824199	0.00053036
0.824126	0.000452603
0.823876	0.00110185
0.823879	0.000710726
0.823858	0.000420369
0.823737	0.000543249
0.823667	0.000452217
0.823473	0.000874599
0.823386	0.000856388
0.823341	0.000666372
0.823188	0.000919211
0.82307	0.0010296
0.823084	0.000598702
0.822952	0.00076623
0.822896	0.00062137
0.822684	0.00111776
0.822601	0.0010872
0.822396	0.00155618
0.822545	0.000570983
0.822274	0.00131095
0.822215	0.00118186
0.822208	0.000838013
0.822118	0.000838963
0.822118	0.000467385
0.821878	0.00108041
0.821858	0.000795829
0.821715	0.00101038
0.821601	0.00111087
0.821479	0.00124094
0.821371	0.00131354
0.82133	0.00111537
0.821118	0.00161781
0.821156	0.00109306
0.821045	0.00118182
0.820934	0.00127013
0.820913	0.00098803
0.820916	0.000606526
0.820746	0.000938137
0.82067	0.000885261
0.820496	0.00123155
0.820336	0.00152164
0.820253	0.00149874
0.820263	0.00109066
0.820201	0.000982255
0.820058	0.00120166
0.81986	0.00165
0.819753	0.001728
0.819694	0.00160646
0.819676	0.0013149
0.819534	0.00153593
0.819388	0.00177198
0.819322	0.00168
0.819193	0.00184546
0.819047	0.00208234
0.819044	0.00173547
0.819027	0.00144534
0.818891	0.00164013
0.818794	0.00167838
0.81861	0.00207381
0.818499	0.00216939
0.818474	0.00190986
0.818242	0.0025055
0.818367	0.0016335
0.818231	0.00182969
0.818099	0.00201323
0.818047	0.00186821
0.817821	0.00243706
0.817814	0.00210753
0.81779	0.00184976
0.817714	0.00180613
0.817522	0.00223311
0.817411	0.00233241
0.817408	0.00199031
0.817363	0.00181967
0.817255	0.00190576
0.817074	0.00229077
0.817008	0.00220658
0.81688	0.00237914
0.816859	0.00211005
0.816845	0.001812
0.816713	0.00199968
0.816588	0.00215888
0.816522	0.00207621
0.816425	0.00212151
0.816189	0.00273742
0.816213	0.00228566
0.816195	0.00200444
0.81607	0.00216453
0.816029	0.0019841
0.815827	0.00245868
0.815713	0.00257793
0.815695	0.00229761
0.81564	0.00217536
0.815376	0.00290783
0.81541	0.00241513
0.815327	0.00240719
0.815219	0.00249936
0.815167	0.00236332
0.814966	0.00284141
0.815046	0.00216447
0.814941	0.00224281
0.814855	0.00225115
0.814726	0.00243015
0.814653	0.00238052
0.814459	0.00283199
0.814403	0.00271306
0.814389	0.00242307
0.814389	0.00207554
0.814247	0.00231364
0.814143	0.00239459
0.814132	0.00209127
0.813969	0.00241524
0.813997	0.00195426
0.813858	0.0021799
0.813757	0.00224798
0.813646	0.0023592
0.81359	0.00224291
0.813455	0.00245408
0.813326	0.00263767
0.813347	0.00220812
0.813253	0.0022495
0.813243	0.00194898
0.813097	0.0022046
0.812916	0.00260218
0.812875	0.00243165
0.812861	0.00214589
0.812763	0.00220277
0.812687	0.00217436
0.81259	0.00223218
0.812406	0.00264642
0.812367	0.00246258
0.812201	0.00280592
0.812103	0.00286475
0.812215	0.00206891
0.812044	0.00242686
0.812006	0.00224392
0.811777	0.00284519
0.811697	0.00283423
0.811565	0.00303742
0.811614	0.00249923
0.811499	0.00263145
0.811357	0.00287761
0.811186	0.00323935
0.811127	0.00314401
0.810863	0.00389132
0.810902	0.00339791
0.810888	0.00311808
0.810794	0.00316756
0.810724	0.00311666
0.810471	0.00382158
0.810526	0.0032586
0.810457	0.00320845
0.810318	0.00344434
0.810158	0.00376524
0.810078	0.00375938
0.809925	0.00405279
0.809915	0.00376309
0.809762	0.00405674
0.80962	0.00430843
0.809554	0.0042468
0.809404	0.00452827
0.809491	0.00383996
0.809238	0.00454873
0.809245	0.00418864
0.809022	0.00477049
0.808915	0.00488184
0.808744	0.00525065
0.808828	0.00457824
0.808685	0.00483339
0.808654	0.00463182
0.808425	0.00524375
0.808331	0.00529971
0.808105	0.00589797
0.808025	0.00589866
0.808015	0.00561411
0.807956	0.00552878
0.8078	0.00584349
0.807626	0.00622992
0.807518	0.00634522
0.80747	0.00621885
0.807199	0.0070053
0.807365	0.00599616
0.807206	0.00632643
0.807087	0.00648597
0.807136	0.00596164
0.806962	0.00635022
0.806883	0.00635388
0.806709	0.00674279
0.806625	0.00676208
0.806438	0.00720854
0.806504	0.00661502
0.806407	0.00669119
0.806278	0.00689663
0.806167	0.00703039
0.805955	0.00757824
0.805868	0.00761352
0.805813	0.00752086
0.805837	0.00710034
0.805618	0.00767825
0.805507	0.00781403
0.80542	0.007851
0.805299	0.00803058
0.805344	0.00752592
0.805163	0.00794807
0.804993	0.00832827
0.804875	0.00849475
0.804871	0.00819096
0.804746	0.00838655
0.804555	0.00885353
0.804569	0.00847915
0.804454	0.0086331
0.804291	0.00898628
0.804163	0.00919779
0.804152	0.00892515
0.803906	0.009622
0.803913	0.00927827
0.803906	0.00899187
0.803787	0.0091623
0.8036	0.00961748
0.803655	0.00907499
0.803496	0.00941739
0.803367	0.00963119
0.803336	0.00944643
0.803131	0.00997417
0.803016	0.0101322
0.802961	0.0100485
0.802929	0.0098646
0.802905	0.009652
0.802665	0.0103239
0.802638	0.0101271
0.802467	0.010515
0.802315	0.0108317
0.802266	0.0107213
0.802273	0.0103825
0.802148	0.0105863
0.802099	0.010476
0.80203	0.010452
0.801762	0.0112408
0.801849	0.010576
0.801689	0.0109228
0.801439	0.0116414
0.801453	0.0112769
0.801425	0.0110839
0.801314	0.0112324
0.801064	0.0119524
0.801061	0.0116603
0.801036	0.0114539
0.801036	0.0111475
0.800925	0.0112978
0.800804	0.0114909
0.800675	0.0117121
0.800616	0.01165
0.800442	0.0120587
0.800477	0.011611
0.800536	0.0110644
0.800282	0.0118006
0.80014	0.0120818
0.800192	0.0115638
0.800154	0.0114174
0.800074	0.0114412
0.799977	0.0115378
0.799963	0.0112914
0.799702	0.0120584
0.799615	0.0121116
0.799473	0.0123955
0.799362	0.0125504
0.799383	0.0121637
0.799338	0.0120465
0.799292	0.0119325
0.79923	0.0118879
0.799046	0.0123429
0.798966	0.0123707
0.7989	0.0123412
0.798726	0.012755
0.798862	0.0118997
0.798837	0.0116994
0.798657	0.0121406
0.798493	0.0125129
0.798469	0.0123143
0.798348	0.0125144
0.798254	0.0126018
0.798184	0.0125892
0.798157	0.012406
0.798104	0.012322
0.798035	0.0123099
0.797927	0.0124549
0.797813	0.0126291
0.797653	0.0129879
0.79776	0.0122504
0.797635	0.0124667
0.797497	0.0127416
0.797385	0.0129025
0.797368	0.0126786
0.797295	0.0126828
0.797333	0.0122314
0.797302	0.0120643
0.797205	0.0121687
0.796975	0.012815
0.796944	0.0126499
0.796847	0.0127549
0.796791	0.01269
0.796569	0.0133091
0.796489	0.0133435
0.796579	0.0126811
0.796527	0.0126023
0.79634	0.0130798
0.796239	0.0132015
0.796117	0.0134083
0.796176	0.0128747
0.795878	0.0138097
0.796013	0.012963
0.795985	0.0127858
0.795829	0.0131364
0.795683	0.0134452
0.795593	0.0135259
0.79544	0.0138632
0.795357	0.0139166
0.795332	0.0137275
0.795312	0.0135239
0.795242	0.0135198
0.795041	0.0140586
0.794982	0.0140129
0.794857	0.0142384
0.794797	0.0141929
0.794784	0.0139629
0.794752	0.0138035
0.794565	0.0142865
0.794509	0.0142277
0.794429	0.0142698
0.794325	0.0144111
0.794287	0.0142821
0.794113	0.0147088
0.794113	0.0144237
0.794096	0.014209
0.79395	0.0145236
0.793769	0.0149801
0.793682	0.0150522
0.793804	0.0142692
0.793634	0.0146838
0.793613	0.0144853
0.793293	0.0155137
0.793314	0.0151449
0.793286	0.0149765
0.793147	0.0152636
0.793137	0.0150243
0.793134	0.0147559
0.79296	0.0151869
0.792883	0.0152183
0.792807	0.0152504
0.792738	0.0152525
0.792588	0.0155866
0.792571	0.0153771
0.79255	0.015182
0.792373	0.0156283
0.792317	0.0155767
0.792269	0.0154961
0.792185	0.0155589
0.791914	0.0163916
0.792053	0.015542
0.79189	0.0159333
0.791866	0.0157548
0.791692	0.0161894
0.791616	0.0162247
0.791473	0.0165313
0.791424	0.0164543
0.79147	0.0159912
0.791372	0.0161134
0.791254	0.0163203
0.791216	0.0162012
0.791088	0.016452
0.790962	0.0166892
0.790806	0.0170548
0.790723	0.0171218
0.790653	0.017132
0.790674	0.0167715
0.790636	0.016653
0.79057	0.0166495
0.790417	0.0170017
0.790407	0.0167706
0.790386	0.0165819
0.790313	0.0166072
0.789976	0.0177168
0.789983	0.0174153
0.789955	0.0172563
0.789913	0.0171543
0.789813	0.0172955
0.78966	0.0176507
0.789559	0.0177918
0.789552	0.0175489
0.789521	0.0174057
0.789486	0.0172766
0.789434	0.0172192
0.789337	0.0173471
0.789309	0.0171901
0.78917	0.0174899
0.78918	0.0171761
0.78901	0.0176043
0.789017	0.0173061
0.788941	0.0173497
0.788753	0.0178497
0.788732	0.0176664
0.788705	0.0175115
0.788573	0.017784
0.788388	0.0182709
0.788347	0.0181743
0.788524	0.0171789
0.78835	0.017623
0.788229	0.0178538
0.788177	0.0178005
0.788038	0.018103
0.78793	0.0182781
0.787909	0.0180968
0.787874	0.0179726
0.787781	0.0180913
0.787854	0.0175256
0.787777	0.0175724
0.78752	0.0183617
0.78753	0.0180532
0.787485	0.0179733
0.787385	0.0181202
0.787228	0.0184977
0.787329	0.0178194
0.787298	0.0176828
0.787138	0.0180735
0.787134	0.0178236
0.787002	0.0181009
0.786996	0.0178655
0.786989	0.0176297
0.786735	0.0184072
0.786652	0.018486
0.786561	0.0185938
0.786544	0.0184013
0.78654	0.0181532
0.78654	0.0178914
0.786322	0.0185272
0.786283	0.0184216
0.786217	0.0184308
0.786249	0.0180408
0.786231	0.0178507
0.786186	0.0177741
0.786085	0.0179257
0.785995	0.0180353
0.785877	0.0182594
0.785776	0.0184119
0.785759	0.0182231
0.785735	0.0180619
0.785478	0.0188574
0.785491	0.018541
0.785478	0.0183389
0.785418	0.0183215
0.785429	0.0180195
0.785318	0.0182162
0.785106	0.018827
0.785075	0.0186973
0.785085	0.0183961
0.784929	0.0187794
0.784943	0.0184647
0.784929	0.0182635
0.784894	0.0181478
0.784821	0.01819
0.784623	0.0187455
0.784609	0.0185454
0.784463	0.0188878
0.784296	0.0193152
0.784272	0.0191588
0.784453	0.0181619
0.784258	0.0187041
0.784224	0.0185908
0.784112	0.0187914
0.783907	0.0193772
0.783845	0.0193792
0.783866	0.0190383
0.783744	0.0192834
0.783834	0.0186582
0.7838	0.0185466
0.783671	0.0188191
0.783445	0.0194921
0.783411	0.0193812
0.783338	0.0194273
0.783251	0.0195305
0.783171	0.0196056
0.783091	0.0196815
0.783084	0.0194573
0.783032	0.0194186
0.783018	0.0192237
0.782935	0.0193138
0.782903	0.0191904
0.782782	0.0194373
0.782824	0.0190152
0.782702	0.0192623
0.782636	0.0192821
0.78249	0.0196298
0.782497	0.0193507
0.782323	0.0198131
0.782219	0.0199909
0.782112	0.0201826
0.782188	0.0196197
0.782146	0.0195413
0.782049	0.0196911
0.781875	0.0201542
0.781771	0.0203336
0.781736	0.0202276
0.781691	0.0201647
0.78158	0.0203725
0.781653	0.0198255
0.781597	0.0198052
0.781431	0.0202419
0.781375	0.0202222
0.781285	0.0203459
0.781184	0.0205123
0.781042	0.0208503
0.781014	0.0207178
0.780969	0.0206569
0.780885	0.0207524
0.780871	0.0205648
0.780607	0.0214021
0.780722	0.0206869
0.780604	0.0209264
0.780573	0.0208096
0.780437	0.0211203
0.780382	0.0211043
0.780298	0.0212024
0.780399	0.0205447
0.780204	0.0210983
0.780208	0.0208408
0.780135	0.0208958
0.780034	0.021066
0.780034	0.0208225
0.780013	0.0206647
0.779722	0.0216196
0.779777	0.0211488
0.779718	0.0211481
0.779652	0.0211771
0.779555	0.0213343
0.779537	0.0211637
0.77936	0.0216488
0.779353	0.0214361
0.779357	0.0211805
0.779214	0.0215238
0.77927	0.0210548
0.779232	0.0209705
0.779023	0.0215843
0.778964	0.0215873
0.778916	0.0215464
0.77885	0.0215776
0.778784	0.0216083
0.778725	0.0216112
0.778537	0.0221418
0.778541	0.0218889
0.778579	0.0214931
0.778499	0.0215819
0.778495	0.021357
0.778422	0.0214177
0.778211	0.0220489
0.778287	0.0214975
0.77836	0.0209597
0.778033	0.0220619
0.778023	0.0218672
0.777992	0.0217583
0.777988	0.0215349
0.777915	0.0215972
0.777967	0.0211462
0.777707	0.0219785
0.777721	0.021685
0.777606	0.0219188
0.777582	0.0217826
0.777488	0.0219315
0.777596	0.0212531
0.777498	0.0214165
0.777328	0.0218797
0.7773	0.0217583
0.777186	0.0219935
0.777179	0.0217873
0.777085	0.0219372
0.77697	0.0221731
0.776911	0.0221809
0.776915	0.0219329
0.776922	0.0216701
0.776897	0.0215359
0.776831	0.0215724
0.776727	0.0217665
0.776693	0.0216753
0.776595	0.0218412
0.776508	0.0219642
0.776449	0.0219738
0.776515	0.0214705
0.776283	0.0221929
0.776283	0.0219604
0.776133	0.0223413
0.776265	0.0215678
0.776231	0.021478
0.776112	0.0217299
0.77596	0.022126
0.775987	0.021781
0.77598	0.0215781
0.775751	0.0222867
0.775925	0.0213442
0.775696	0.0220538
0.775713	0.0217521
0.77565	0.0217777
0.775619	0.0216762
0.775539	0.0217734
0.775505	0.0216861
0.775341	0.0221261
0.775286	0.0221246
0.77523	0.0221237
0.775286	0.0216665
0.77523	0.0216648
0.775174	0.0216641
0.775143	0.0215635
0.775036	0.0217766
0.774924	0.0220039
0.774813	0.0222319
0.774834	0.021919
0.774751	0.0220329
0.774737	0.0218618
0.77474	0.02162
0.77448	0.0224617
0.774494	0.0221779
0.774369	0.0224638
0.774383	0.0221802
0.774306	0.0222674
0.774254	0.0222547
0.774077	0.0227554
0.774087	0.0224868
0.77407	0.0223323
0.774028	0.0222778
0.773938	0.0224226
0.773927	0.0222403
0.773872	0.0222428
0.7739	0.0219039
0.773629	0.0227904
0.773594	0.0227088
0.773531	0.0227411
0.773535	0.0225026
0.773531	0.0222924
0.773521	0.0221111
0.773396	0.0224002
0.773267	0.0227043
0.773226	0.0226515
0.773149	0.0227424
0.773108	0.0226899
0.772937	0.0231659
0.772878	0.0231855
0.772969	0.0225928
0.772844	0.0228835
0.772833	0.0227041
0.772715	0.0229665
0.772736	0.022659
0.772587	0.0230505
0.7725	0.0231856
0.772462	0.023121
0.772468	0.0228716
0.772319	0.0232639
0.772389	0.022758
0.772364	0.0226368
0.772239	0.0229296
0.772118	0.0232082
0.772013	0.0234158
0.771923	0.0235665
0.771826	0.0237466
0.771833	0.0234987
0.771635	0.0240923
0.771652	0.0238022
0.771652	0.0235836
0.771656	0.0233507
0.771652	0.0231462
0.771478	0.0236404
0.771454	0.0235211
0.771253	0.0241307
0.771214	0.0240704
0.771183	0.0239809
0.7711	0.0241061
0.771197	0.0234898
0.771089	0.0237143
0.771044	0.0236824
0.770919	0.0239789
0.770888	0.0238905
0.770819	0.0239594
0.770683	0.0242989
0.770686	0.0240692
0.770686	0.0238531
0.77068	0.0236661
0.770589	0.0238204
0.770429	0.0242609
0.770447	0.0239746
0.770426	0.0238449
0.770391	0.0237721
0.770263	0.024085
0.770145	0.0243553
0.770148	0.0241265
0.770037	0.0243684
0.769964	0.0244539
0.77004	0.0239264
0.770006	0.0238553
0.769929	0.023955
0.769888	0.0239125
0.769815	0.0239979
0.769783	0.0239133
0.769696	0.0240564
0.769665	0.0239717
0.769498	0.0244432
0.769603	0.023803
0.769547	0.0238182
0.769471	0.0239197
0.769394	0.0240209
0.769273	0.0243078
0.769231	0.024267
0.769175	0.0242837
0.769127	0.0242717
0.769082	0.0242458
0.769217	0.0234785
0.769102	0.0237378
0.769082	0.023612
0.769019	0.0236574
0.768845	0.0241592
0.768845	0.0239487
0.768818	0.0238521
0.768724	0.0240267
0.768581	0.024401
0.768446	0.0247474
0.768436	0.0245808
0.768429	0.0244004
0.768432	0.0241763
0.768439	0.0239385
0.768397	0.0239006
0.768349	0.0238875
0.768293	0.0238703
0.768203	0.0240716
0.768213	0.0238203
0.768126	0.0239681
0.768043	0.0241016
0.768019	0.0239933
0.767939	0.0241132
0.767821	0.0243903
0.767946	0.0236693
0.767876	0.0237466
0.76781	0.0238098
0.767713	0.0240016
0.76764	0.0240936
0.767584	0.0241148
0.767564	0.0239934
0.767501	0.0240436
0.767466	0.0239793
0.76738	0.0241295
0.767216	0.0245935
0.767213	0.0244018
0.767202	0.0242386
0.767206	0.0240189
0.76715	0.0240412
0.767088	0.0240919
0.767119	0.0237585
0.766924	0.0243516
0.766984	0.0239043
0.76689	0.0240841
0.766768	0.0243781
0.76666	0.024616
0.766657	0.024426
0.766758	0.0238083
0.766654	0.0240311
0.766584	0.0241126
0.766539	0.0240942
0.76641	0.0244179
0.766383	0.0243284
0.766292	0.0244957
0.766414	0.0237934
0.76624	0.0243032
0.766129	0.0245566
0.766278	0.0237409
0.766115	0.0242084
0.765924	0.0247899
0.765945	0.0245023
0.765889	0.0245284
0.765872	0.0243977
0.765823	0.0243954
0.765719	0.0246214
0.765573	0.0250187
0.765556	0.0248894
0.765573	0.0246164
0.765563	0.0244586
0.765563	0.0242579
0.765483	0.0243846
0.765424	0.0244265
0.765205	0.0251239
0.765295	0.0245534
0.76517	0.0248665
0.765104	0.0249378
0.765167	0.024481
0.765024	0.0248659
0.765101	0.0243526
0.765024	0.0244671
0.764896	0.0247945
0.764868	0.0247099
0.76476	0.0249532
0.764712	0.0249544
0.764642	0.0250406
0.764621	0.024928
0.764614	0.0247584
0.764361	0.025601
0.764375	0.0253461
0.764357	0.0252202
0.764229	0.0255501
0.764316	0.0249969
0.764253	0.0250559
0.764097	0.0255006
0.764163	0.0250327
0.764024	0.0254063
0.763961	0.0254661
0.763815	0.0258689
0.763819	0.0256586
0.763798	0.0255484
0.763798	0.0253524
0.763805	0.0251279
0.763795	0.0249748
0.763534	0.0258487
0.763551	0.0255821
0.763472	0.0257147
0.763385	0.0258766
0.763378	0.0257104
0.763211	0.0261998
0.763128	0.0263482
0.763138	0.0261113
0.763065	0.0262169
0.763142	0.0257096
0.763062	0.0258431
0.762985	0.0259634
0.762978	0.0257983
0.76286	0.0260895
0.762777	0.0262387
0.7627	0.0263593
0.762711	0.026124
0.762714	0.0259167
0.762714	0.0257244
0.762624	0.025902
0.762568	0.0259379
0.762475	0.0261306
0.762405	0.0262235
0.762384	0.0261172
0.762221	0.0265958
0.762308	0.0260479
0.76228	0.0259705
0.762287	0.0257499
0.761985	0.0267996
0.762158	0.0258957
0.761947	0.0265745
0.762072	0.0258707
0.761954	0.0261647
0.761901	0.0261878
0.761863	0.0261543
0.761794	0.0262494
0.761759	0.0262019
0.761679	0.0263397
0.761571	0.0265919
0.761759	0.0256325
0.761488	0.0265549
0.761488	0.0263655
0.761488	0.0261765
0.76145	0.0261441
0.76146	0.0259122
0.761394	0.0259942
0.761342	0.026019
0.761335	0.0258586
0.761203	0.026212
0.761064	0.0265935
0.761019	0.026591
0.76095	0.0266883
0.760936	0.0265579
0.760936	0.0263701
0.760943	0.0261542
0.760936	0.025995
0.760939	0.0257932
0.760887	0.0258192
0.760772	0.0261025
0.760682	0.0262862
0.76062	0.0263559
0.760571	0.0263686
0.760554	0.0262535
0.760536	0.0261382
0.760481	0.02618
0.760335	0.0265923
0.760276	0.0266489
0.760231	0.0266486
0.760279	0.0262635
0.760123	0.0267193
0.76022	0.026135
0.760178	0.0261206
0.760137	0.0261063
0.760116	0.0260064
0.76005	0.0260922
0.759908	0.0264916
0.759838	0.0265923
0.760099	0.0253382
0.759793	0.0264079
0.75972	0.0265228
0.759706	0.0263959
0.759786	0.0258839
0.75972	0.0259706
0.759706	0.0258433
0.759619	0.026016
0.759657	0.0256749
0.759446	0.0263611
0.759459	0.0261209
0.759393	0.0262085
0.759452	0.0257827
0.759418	0.0257418
0.759289	0.0260863
0.759307	0.0258322
0.759293	0.0257061
0.759188	0.0259512
0.759043	0.0263673
0.759025	0.0262566
0.758987	0.0262311
0.7589	0.0264055
0.758893	0.0262524
0.758869	0.0261705
0.758758	0.026445
0.758671	0.0266205
0.758626	0.0266245
0.758643	0.0263725
0.758633	0.026234
0.758494	0.0266233
0.758497	0.0264286
0.758567	0.0259629
0.758487	0.0261096
0.758289	0.0267423
0.758296	0.0265339
0.758202	0.0267389
0.758174	0.0266729
0.758233	0.0262511
0.758212	0.0261568
0.75808	0.0265189
0.75783	0.0273659
0.757962	0.0266456
0.757896	0.0267374
0.757844	0.0267723
0.757809	0.0267361
0.757736	0.0268568
0.757705	0.0268071
0.757587	0.0271135
0.757511	0.027249
0.75741	0.027485
0.757413	0.0272932
0.75758	0.0264314
0.757403	0.0269803
0.757372	0.0269315
0.75733	0.0269252
0.757274	0.0269761
0.757247	0.0269129
0.757052	0.0275346
0.75701	0.0275292
0.756986	0.0274528
0.756913	0.0275756
0.756851	0.0276563
0.756851	0.0274807
0.756851	0.0273047
0.756851	0.0271284
0.756847	0.0269674
0.756677	0.0274901
0.756569	0.0277568
0.756517	0.0277954
0.756489	0.0277348
0.756451	0.0277168
0.756434	0.0276134
0.756312	0.0279375
0.756198	0.028234
0.75617	0.0281739
0.756187	0.027929
0.756194	0.027726
0.756173	0.0276379
0.756149	0.0275635
0.756041	0.027832
0.755975	0.0279291
0.755944	0.0278843
0.755781	0.0283813
0.75577	0.0282513
0.755777	0.0280496
0.75576	0.0279483
0.755736	0.0278753
0.755381	0.0291572
0.755649	0.0278873
0.755649	0.0277151
0.755569	0.0278704
0.755451	0.0281832
0.755367	0.0283534
0.755305	0.0284385
0.755242	0.028524
0.755274	0.0282242
0.755211	0.0283088
0.755221	0.0280956
0.755263	0.0277534
0.755242	0.0276677
0.755103	0.0280665
0.755023	0.0282238
0.754985	0.02821
0.754916	0.0283247
0.75486	0.0283822
0.754846	0.028269
0.754742	0.0285269
0.7547	0.0285283
0.754593	0.0288002
0.754555	0.0287879
0.754551	0.0286329
0.754711	0.0278077
0.75453	0.0283791
0.754495	0.0283523
0.754447	0.0283833
0.754489	0.0280433
0.754436	0.0280878
0.754263	0.0286319
0.754287	0.0283635
0.754138	0.0288082
0.754103	0.0287827
0.754072	0.0287431
0.753988	0.0289173
0.753981	0.0287784
0.753822	0.0292663
0.75402	0.0282864
0.753985	0.0282613
0.753974	0.0281363
0.753981	0.0279401
0.753724	0.0288276
0.753738	0.0286039
0.75379	0.0282231
0.753665	0.028569
0.753627	0.0285591
0.753575	0.0286063
0.753578	0.0284258
0.753457	0.0287581
0.753585	0.0280647
0.753321	0.0289816
0.753304	0.0288872
0.753405	0.0283078
0.753314	0.0285127
0.753162	0.0289742
0.753259	0.0284097
0.753207	0.0284577
0.753172	0.0284351
0.753162	0.0283124
0.753141	0.0282329
0.752974	0.0287518
0.752991	0.0285159
0.752898	0.0287363
0.752832	0.0288425
0.752953	0.0281791
0.752984	0.0278858
0.752755	0.0286624
0.752755	0.0284981
0.752894	0.0277635
0.752759	0.0281553
0.752762	0.0279766
0.752502	0.0288819
0.752571	0.0284331
0.752498	0.0285689
0.752449	0.0286053
0.75237	0.02877
0.752491	0.0281076
0.752345	0.0285434
0.752338	0.0284088
0.752331	0.0282743
0.752338	0.0280828
0.752213	0.0284333
0.752029	0.0290263
0.752106	0.0285506
0.752078	0.0285022
0.752026	0.0285535
0.752029	0.0283775
0.751946	0.0285578
0.751845	0.0288094
0.751876	0.0285195
0.751727	0.0289706
0.751925	0.027997
0.751671	0.028876
0.751664	0.0287437
0.751671	0.0285541
0.751675	0.0283786
0.751512	0.0288876
0.751512	0.028727
0.751494	0.0286379
0.751387	0.0289188
0.751289	0.0291583
0.751244	0.0291835
0.751216	0.0291377
0.751199	0.0290493
0.751091	0.0293315
0.751189	0.028773
0.751091	0.0290125
0.751084	0.0288815
0.751095	0.028679
0.750838	0.0295751
0.750831	0.029445
0.750813	0.0293578
0.750779	0.0293415
0.750751	0.0292971
0.750671	0.0294666
0.750542	0.0298359
0.750584	0.0295067
0.750435	0.0299621
0.75056	0.0292911
0.750595	0.0289907
0.750431	0.0295028
0.750285	0.0299444
0.750344	0.0295447
0.750285	0.0296298
0.750299	0.0294155
0.750167	0.0298002
0.750025	0.0302283
0.750014	0.0301145
0.750028	0.0299008
0.749924	0.0301724
0.750014	0.0296457
0.749893	0.0299885
0.749862	0.0299605
0.749855	0.0298332
0.749809	0.0298628
0.749882	0.0294076
0.749754	0.029779
0.749733	0.0297091
0.749601	0.0300951
0.749601	0.0299402
0.7495	0.0301982
0.749424	0.0303572
0.749396	0.0303165
0.749177	0.0310603
0.749271	0.0305211
0.749191	0.030695
0.749202	0.0304981
0.749205	0.0303299
0.749215	0.0301329
0.749108	0.0304211
0.749042	0.0305382
0.74908	0.0302277
0.748969	0.0305302
0.748962	0.0304056
0.748806	0.0308936
0.748802	0.030755
0.748976	0.0298891
0.748809	0.0304203
0.748792	0.0303385
0.748809	0.0301144
0.748792	0.0300326
0.748757	0.0300221
0.74867	0.030226
0.748639	0.030202
0.748566	0.0303488
0.748517	0.0303962
0.748396	0.0307431
0.748354	0.0307626
0.748246	0.0310528
0.748229	0.0309727
0.748218	0.0308644
0.748218	0.0307132
0.748232	0.0305044
0.748309	0.0300398
0.748118	0.0306724
0.748069	0.0307212
0.748027	0.0307412
0.747972	0.0308187
0.74793	0.0308394
0.747955	0.030589
0.747882	0.0307378
0.74785	0.0307155
0.747795	0.030794
0.747809	0.0305868
0.747729	0.0307645
0.747812	0.0302725
0.747562	0.0311491
0.747565	0.0309855
0.747559	0.0308646
0.74775	0.0299308
0.74752	0.0307223
0.747597	0.0302592
0.747444	0.0307368
0.747392	0.0308019
0.747399	0.030624
0.747381	0.0305468
0.747274	0.0308397
0.747201	0.0309906
0.747149	0.0310564
0.747131	0.0309793
0.747121	0.0308737
0.746999	0.0312248
0.747138	0.0305064
0.747086	0.0305723
0.747131	0.0302387
0.747013	0.0305755
0.746996	0.0304989
0.746989	0.0303792
0.746902	0.0305883
0.746937	0.0302983
0.746885	0.0303645
0.746735	0.03083
0.746711	0.0307828
0.746659	0.0308496
0.746641	0.0307742
0.746617	0.0307273
0.746617	0.0305806
0.746617	0.0304337
0.746433	0.0310429
0.746367	0.0311676
0.746377	0.0309786
0.746367	0.0308754
0.74636	0.0307579
0.746367	0.0305834
0.746332	0.0305799
0.746322	0.0304768
0.746225	0.0307301
0.746221	0.0305988
0.746232	0.0304102
0.746204	0.0303789
0.746034	0.0309321
0.746089	0.0305588
0.746027	0.03067
0.745895	0.0310669
0.745843	0.0311361
0.745853	0.0309489
0.745839	0.0308612
0.745797	0.0308878
0.74586	0.0304868
0.745832	0.0304561
0.745797	0.0304541
0.745738	0.0305522
0.74571	0.0305221
0.74561	0.0307914
0.745551	0.0308899
0.745457	0.0311312
0.745471	0.0309307
0.745394	0.031101
0.745408	0.0309006
0.745394	0.0308144
0.745387	0.0306996
0.745412	0.0304565
0.745335	0.0306268
0.745304	0.0306121
0.745151	0.0310959
0.745141	0.0309967
0.745005	0.0314102
0.74504	0.0311253
0.745016	0.0310828
0.744908	0.0313828
0.744932	0.0311411
0.745016	0.0306568
0.74479	0.0314416
0.744759	0.031428
0.744811	0.0310727
0.744856	0.030746
0.744755	0.0310177
0.744714	0.0310474
0.744634	0.031234
0.744613	0.0311782
0.744616	0.0310229
0.744505	0.0313383
0.744401	0.0316248
0.74437	0.0316129
0.744335	0.0316153
0.744272	0.0317316
0.744338	0.0313206
0.744186	0.0318078
0.744203	0.0315965
0.744067	0.0320126
0.744168	0.0314595
0.744113	0.0315481
0.744088	0.0315081
0.743942	0.0319674
0.744026	0.0314859
0.743908	0.0318314
0.743859	0.031892
0.743803	0.0319812
0.743765	0.0319991
0.743762	0.0318748
0.743546	0.03262
0.743526	0.0325677
0.743522	0.0324437
0.743699	0.0315784
0.743515	0.032196
0.743515	0.032058
0.743515	0.0319199
0.743473	0.0319531
0.743338	0.0323714
0.743366	0.0321199
0.743335	0.0321104
0.743199	0.0325291
0.743157	0.0325631
0.743084	0.0327257
0.743084	0.0325889
0.742956	0.0329798
0.742945	0.0328861
0.743088	0.0321653
0.742932	0.0326698
0.742928	0.032548
0.743022	0.0320266
0.742925	0.0322892
0.74289	0.0322954
0.7428	0.0325302
0.742824	0.0322942
0.742716	0.0326002
0.742678	0.0326214
0.74264	0.0326426
0.742588	0.0327209
0.742546	0.0327568
0.742695	0.0320083
0.742643	0.0320867
0.742376	0.0330492
0.742414	0.0327574
0.742261	0.0332497
0.742442	0.0323739
0.742476	0.0320966
0.742167	0.0332304
0.742362	0.0322977
0.742226	0.0327192
0.742202	0.0326845
0.742216	0.0324932
0.742091	0.0328721
0.742119	0.0326242
0.742028	0.0328609
0.742032	0.0327129
0.742042	0.032536
0.741862	0.0331439
0.741882	0.0329252
0.741869	0.0328487
0.74198	0.032259
0.741848	0.0326674
0.741865	0.0324626
0.741851	0.0323864
0.74181	0.0324241
0.741719	0.0326613
0.74173	0.0324861
0.741695	0.0324957
0.741695	0.0323628
0.741605	0.0326007
0.741601	0.0324825
0.741445	0.0329916
0.741476	0.0327309
0.741386	0.0329694
0.741441	0.0326094
0.741445	0.0324631
0.741295	0.0329437
0.741292	0.0328267
0.741309	0.0326234
0.741295	0.0325488
0.741292	0.0324311
0.741288	0.0323138
0.741288	0.0321821
0.741229	0.0322929
0.741118	0.0326173
0.741153	0.0323435
0.741038	0.0326827
0.741018	0.0326373
0.740913	0.0329342
0.740948	0.0326609
0.740931	0.0326013
0.740917	0.0325279
0.740806	0.0328532
0.740965	0.032067
0.740886	0.0322642
0.74076	0.032647
0.740868	0.0320747
0.740795	0.0322436
0.740622	0.0328263
0.740653	0.0325682
0.740625	0.0325521
0.740583	0.0325935
0.740635	0.03225
0.740545	0.0324907
0.740476	0.0326462
0.74043	0.0327021
0.740406	0.0326727
0.740292	0.033014
0.740354	0.0326283
0.740232	0.0329984
0.740166	0.0331404
0.740222	0.0327838
0.740094	0.0331826
0.740149	0.0328262
0.740173	0.032598
0.740059	0.0329398
0.739878	0.033553
0.740059	0.0326838
0.740045	0.0326125
0.739857	0.0332543
0.739899	0.0329554
0.739913	0.0327707
0.739774	0.0332131
0.739823	0.0328861
0.739736	0.0331148
0.739795	0.0327452
0.739663	0.0331595
0.739729	0.0327614
0.739718	0.0326767
0.739527	0.0333338
0.739378	0.0338202
0.739385	0.0336653
0.739388	0.0335244
0.739378	0.033441
0.739381	0.0333003
0.739354	0.0332881
0.739302	0.0333756
0.739302	0.0332495
0.739239	0.0333799
0.739204	0.0333968
0.739142	0.0335273
0.738992	0.034015
0.73894	0.0341033
0.738919	0.034064
0.738878	0.0341098
0.73901	0.0334432
0.738919	0.0336887
0.738826	0.0339481
0.738801	0.0339235
0.738864	0.0335422
0.738846	0.0334884
0.738794	0.0335776
0.738548	0.0344649
0.738635	0.0339847
0.738631	0.0338747
0.738555	0.0340641
0.738544	0.0339825
0.738398	0.0344577
0.738562	0.0336639
0.73853	0.0336681
0.738398	0.0340859
0.738395	0.0339765
0.738395	0.033853
0.738405	0.0336867
0.738284	0.034062
0.738266	0.0340101
0.738138	0.0344145
0.738131	0.03432
0.73812	0.0342398
0.738079	0.0342883
0.738023	0.0343936
0.737968	0.0344993
0.737988	0.0342911
0.737988	0.0341689
0.737759	0.0349873
0.737811	0.0346517
0.737745	0.0348006
0.737752	0.0346502
0.737822	0.0342432
0.737749	0.0344208
0.737742	0.0343273
0.737718	0.0343054
0.737589	0.0347114
0.737652	0.0343334
0.73762	0.03434
0.737478	0.0348033
0.737558	0.0343544
0.737335	0.0351458
0.737346	0.0349822
0.737328	0.0349329
0.737276	0.0350261
0.737214	0.0351622
0.737242	0.0349277
0.737328	0.034451
0.737297	0.0344587
0.737176	0.0348375
0.737252	0.0344033
0.737162	0.0346537
0.737176	0.0344766
0.737155	0.0344419
0.737103	0.0345355
0.737096	0.0344442
0.736988	0.0347662
0.736922	0.0349175
0.736908	0.0348548
0.736825	0.0350777
0.736853	0.0348444
0.736846	0.0347537
0.736693	0.0352619
0.736787	0.0347579
0.7367	0.0349954
0.736693	0.0349051
0.736582	0.0352423
0.736505	0.0354373
0.736752	0.0343069
0.736721	0.0343161
0.736668	0.034411
0.736498	0.0349911
0.736495	0.034887
0.736502	0.0347402
0.736509	0.0345929
0.736359	0.035088
0.736359	0.0349702
0.736453	0.0344673
0.736453	0.034349
0.736384	0.0345161
0.736349	0.0345409
0.736345	0.0344371
0.736318	0.0344331
0.73614	0.0350423
0.736092	0.0351251
0.736095	0.0349936
0.736318	0.0339637
0.736272	0.0340315
0.736123	0.0345269
0.73597	0.0350369
0.735953	0.0349913
0.735932	0.0349602
0.735942	0.0348005
0.735922	0.0347695
0.735942	0.0345672
0.735942	0.0344505
0.735942	0.0343337
0.735873	0.0345022
0.735807	0.0346565
0.735817	0.0344974
0.735738	0.0347089
0.735741	0.0345785
0.735689	0.0346762
0.735689	0.03456
0.735588	0.0348575
0.735567	0.0348273
0.735543	0.0348113
0.735644	0.0342824
0.735668	0.0340666
0.735272	0.0355761
0.735585	0.0341777
0.735279	0.035317
0.735279	0.0352021
0.735276	0.0351015
0.735286	0.0349437
0.735279	0.0348574
0.735258	0.0348278
0.735286	0.034599
0.735133	0.0351114
0.735143	0.0349541
0.735147	0.0348254
0.735119	0.034825
0.735091	0.0348245
0.734945	0.035309
0.734897	0.0353947
0.734876	0.0353664
0.734873	0.0352667
0.735015	0.0345685
0.734866	0.0350675
0.734873	0.0349252
0.734841	0.0349396
0.734859	0.0347547
0.734803	0.0348692
0.734761	0.0349266
0.734636	0.0353264
0.734706	0.0349282
0.734688	0.0348861
0.734508	0.0355145
0.734615	0.0349595
0.734421	0.035645
0.734449	0.0354185
0.734345	0.0357337
0.734324	0.0357067
0.734296	0.0357086
0.734285	0.0356394
0.734285	0.0355273
0.734292	0.0353864
0.734275	0.0353456
0.73431	0.035091
0.734202	0.0354208
0.734157	0.0354942
0.734129	0.0354965
0.734157	0.0352708
0.733997	0.0358149
0.733959	0.0358603
0.733931	0.0358632
0.733886	0.0359369
0.733757	0.036354
0.733896	0.0356728
0.73381	0.0359182
0.733664	0.0364063
0.733855	0.0355114
0.733629	0.0363276
0.733817	0.0354474
0.733632	0.0360921
0.733626	0.03601
0.733639	0.0358429
0.733626	0.0357897
0.733504	0.0361786
0.733494	0.0361113
0.733428	0.0362721
0.73341	0.0362338
0.733337	0.0364235
0.733233	0.0367418
0.733216	0.0367035
0.733229	0.0365376
0.733139	0.0367991
0.73324	0.0362767
0.733132	0.0366094
0.733084	0.0367003
0.733063	0.036677
0.733059	0.0365825
0.733077	0.0364024
0.733056	0.0363793
0.73308	0.0361706
0.733004	0.0363756
0.732906	0.0366662
0.732833	0.0368573
0.732816	0.0368205
0.732708	0.0371547
0.732771	0.0367901
0.732743	0.0367962
0.732677	0.0369593
0.732788	0.0363954
0.732788	0.0362873
0.732583	0.0370207
0.732483	0.0373271
0.732542	0.0369775
0.732403	0.0374404
0.732399	0.0373478
0.732406	0.0372125
0.732413	0.037077
0.732406	0.0369985
0.732413	0.0368632
0.732399	0.0368132
0.732392	0.0367348
0.732354	0.0367847
0.73226	0.0370629
0.732267	0.036928
0.732278	0.0367787
0.732212	0.0369429
0.732222	0.0367939
0.732114	0.0371295
0.732132	0.0369521
0.732257	0.0363325
0.732014	0.0372241
0.732184	0.0364197
0.73192	0.0373971
0.731944	0.0371916
0.732062	0.0366013
0.73209	0.0363812
0.731871	0.0371735
0.731958	0.0367116
0.73185	0.0370477
0.731854	0.0369282
0.731854	0.0368229
0.731847	0.036746
0.731836	0.0366834
0.73184	0.0365639
0.731843	0.0364443
0.731652	0.037123
0.731684	0.03689
0.731593	0.0371558
0.7316	0.0370227
0.73152	0.0372458
0.731461	0.0373839
0.731479	0.0372082
0.731468	0.0371466
0.731444	0.0371417
0.731572	0.0365103
0.731444	0.0369334
0.731461	0.0367577
0.731517	0.0364252
0.731444	0.0366202
0.73144	0.0365302
0.731388	0.0366399
0.731399	0.036493
0.731336	0.0366454
0.731319	0.036613
0.731194	0.0370223
0.731156	0.0370756
0.731197	0.0368012
0.731027	0.0373962
0.73111	0.0369508
0.731041	0.0371326
0.731044	0.0370154
0.731062	0.036841
0.731034	0.0368519
0.731041	0.0367201
0.730909	0.0371588
0.731027	0.0365712
0.731041	0.0364111
0.730787	0.0373488
0.730777	0.0372892
0.730794	0.0371157
0.730791	0.0370274
0.730819	0.0368107
0.730784	0.036851
0.730708	0.0370621
0.730749	0.0367889
0.730711	0.0368433
0.730711	0.0367412
0.730645	0.0369098
0.730659	0.0367508
0.730492	0.037333
0.730499	0.037203
0.730541	0.0369302
0.730444	0.0372278
0.730364	0.0374541
0.730364	0.037353
0.730381	0.0371804
0.730252	0.0376067
0.730322	0.0372203
0.730225	0.0375186
0.730228	0.0374034
0.730221	0.0373311
0.730221	0.0372303
0.730225	0.0371151
0.730214	0.037057
0.730221	0.0369277
0.730072	0.0374398
0.730159	0.036983
0.730027	0.0374241
0.729975	0.0375377
0.72995	0.0375372
0.729909	0.0376084
0.729829	0.0378361
0.729825	0.0377507
0.729846	0.0375654
0.729808	0.0376224
0.729777	0.037651
0.729822	0.037366
0.729693	0.0377937
0.729815	0.0371953
0.729568	0.038108
0.729568	0.038009
0.729704	0.0373537
0.729554	0.0378675
0.729537	0.0378398
0.729492	0.0379261
0.729516	0.0377275
0.729454	0.0378852
0.729408	0.0379719
0.729422	0.0378162
0.729311	0.0381736
0.729294	0.0381467
0.729249	0.0382337
0.729408	0.0374798
0.729151	0.0384361
0.729113	0.0384951
0.729103	0.0384399
0.728992	0.0387986
0.729047	0.0384731
0.728981	0.0386463
0.729176	0.0377505
0.729158	0.0377238
0.729009	0.0382389
0.729009	0.0381414
0.728957	0.0382578
0.728974	0.0380888
0.728974	0.0379916
0.728832	0.0384788
0.728787	0.0385672
0.728787	0.0384704
0.728679	0.0388153
0.728689	0.0386761
0.728599	0.03895
0.728627	0.0387398
0.728582	0.0388287
0.728533	0.0389319
0.728672	0.0382654
0.72862	0.0383827
0.728446	0.038999
0.728373	0.0392026
0.728623	0.0380802
0.728477	0.0385827
0.728325	0.0391139
0.728338	0.0389614
0.728318	0.0389512
0.728345	0.0387415
0.7283	0.0388311
0.728338	0.0385788
0.728286	0.0386971
0.728262	0.0387013
0.728252	0.0386486
0.728186	0.0388241
0.728182	0.0387432
0.7282	0.0385767
0.728165	0.0386239
0.728182	0.0384575
0.727932	0.0393888
0.727932	0.0392942
0.728179	0.0381873
0.727918	0.0391616
0.728134	0.038183
0.727925	0.0389435
0.727929	0.0388346
0.727915	0.0387971
0.727922	0.0386742
0.727918	0.0385939
0.727835	0.0388415
0.727887	0.0385335
0.727824	0.0386958
0.727824	0.0386016
0.727807	0.0385783
0.727776	0.0386127
0.727738	0.0386754
0.727592	0.0391804
0.727654	0.03883
0.727585	0.0390214
0.727567	0.038999
0.727533	0.0390481
0.727508	0.0390544
0.727533	0.0388613
0.727519	0.0388249
0.727442	0.0390451
0.72739	0.0391658
0.727428	0.038916
0.727383	0.0390082
0.727491	0.0384732
0.727512	0.0382941
0.727352	0.0388567
0.72747	0.038279
0.727352	0.0386705
0.727342	0.0386203
0.727352	0.0384847
0.727324	0.0385058
0.727352	0.0382989
0.727206	0.0388048
0.727216	0.0386694
0.727196	0.0386625
0.727192	0.0385842
0.727095	0.0388906
0.727112	0.0387274
0.72705	0.0388918
0.727022	0.0389136
0.727005	0.0388929
0.726973	0.0389296
0.726966	0.038866
0.726949	0.0388454
0.726942	0.0387819
0.726831	0.0391465
0.726942	0.0385988
0.726946	0.0384928
0.726761	0.0391565
0.726779	0.0389939
0.726942	0.0382326
0.726914	0.0382547
0.726873	0.038334
0.726692	0.0389839
0.726699	0.0388641
0.726685	0.0388302
0.726692	0.0387105
0.726657	0.038762
0.726543	0.0391416
0.726678	0.0384948
0.726556	0.0389026
0.726522	0.0389545
0.726497	0.0389636
0.726511	0.038816
0.726508	0.0387396
0.72639	0.0391338
0.726313	0.0393571
0.726286	0.0393811
0.726299	0.0392341
0.726268	0.0392724
0.726226	0.0393536
0.726143	0.039606
0.726289	0.0389174
0.726147	0.0394121
0.72615	0.0393083
0.726261	0.0387623
0.726133	0.0391999
0.726143	0.0390675
0.726154	0.0389351
0.726133	0.0389311
0.726087	0.0390268
0.725903	0.039693
0.725834	0.0398894
0.72591	0.0394868
0.725886	0.0394976
0.725883	0.0394231
0.725848	0.0394767
0.725789	0.0396303
0.725893	0.0391138
0.725692	0.0398521
0.725865	0.0390507
0.725598	0.0400598
0.725778	0.0392301
0.725789	0.0390987
0.725483	0.0402648
0.725685	0.0393502
0.725702	0.0391904
0.72573	0.038988
0.72549	0.0398833
0.725584	0.0394106
0.725487	0.0397217
0.725476	0.0396768
0.7254	0.0399026
0.725348	0.0400288
0.725368	0.0398558
0.725327	0.0399396
0.725268	0.0400945
0.725209	0.0402498
0.72533	0.0396635
0.72516	0.0402749
0.725278	0.0397032
0.725014	0.0406997
0.725011	0.0406273
0.725031	0.0404554
0.72515	0.039884
0.72507	0.040125
0.724941	0.040566
0.724917	0.0405794
