Prel		liquid_fraction
0.71921	0.633948
0.719631	0.634972
0.719787	0.63552
0.720197	0.635165
0.720513	0.634177
0.720853	0.633054
0.721263	0.634322
0.721392	0.634635
0.721642	0.634183
0.722139	0.634948
0.722528	0.635495
0.722879	0.633801
0.723024	0.632094
0.72341	0.632689
0.723737	0.632657
0.724087	0.635037
0.724341	0.634135
0.724668	0.635527
0.725053	0.63414
0.725491	0.635361
0.725741	0.635377
0.725915	0.635548
0.726314	0.63467
0.726616	0.637904
0.727075	0.638027
0.727342	0.634822
0.727547	0.637233
0.727801	0.635521
0.728228	0.633284
0.728586	0.635465
0.728912	0.635445
0.72935	0.635839
0.729566	0.635005
0.729805	0.636648
0.730236	0.636931
0.730364	0.63661
0.730826	0.637265
0.731129	0.636623
0.731549	0.638094
0.731799	0.630804
0.732011	0.633185
0.732393	0.634667
0.732674	0.637447
0.733084	0.637548
0.733227	0.63753
0.73363	0.638317
0.734047	0.638561
0.734314	0.638314
0.734554	0.638366
0.734891	0.638021
0.735228	0.637937
0.735551	0.638769
0.735912	0.638256
0.73612	0.637751
0.736534	0.639471
0.736909	0.639664
0.737117	0.631181
0.737618	0.635908
0.73775	0.635632
0.73818	0.637079
0.738413	0.63547
0.738833	0.634933
0.738997	0.636114
0.73942	0.632911
0.739698	0.6328
0.739917	0.637183
0.740306	0.630052
0.740515	0.631571
0.740963	0.636145
0.741164	0.636614
0.74147	0.63643
0.741737	0.637501
0.742175	0.637615
0.742377	0.63763
0.742602	0.636321
0.742932	0.636761
0.743162	0.637884
0.743519	0.636805
0.743776	0.63797
0.744145	0.636522
0.744523	0.639278
0.744829	0.636906
0.745017	0.637621
0.745402	0.637056
0.745756	0.638067
0.746118	0.63771
0.746211	0.637128
0.746625	0.637688
0.746819	0.63629
0.747163	0.635278
0.747441	0.63592
0.747809	0.635179
0.747973	0.633521
0.74839	0.635943
0.74865	0.635663
0.749143	0.635766
0.749254	0.635389
0.74948	0.637957
0.74997	0.636359
0.750036	0.63718
0.750397	0.63447
0.750689	0.634676
0.751096	0.633561
0.751283	0.633217
0.751648	0.633197
0.751933	0.633879
0.752218	0.634541
0.752499	0.635185
0.752818	0.634302
0.752978	0.636267
0.753364	0.633988
0.753617	0.634994
0.753954	0.636768
0.754402	0.634762
0.754534	0.63744
0.75493	0.636082
0.755226	0.637056
0.755372	0.637877
0.755726	0.635291
0.755896	0.637019
0.756299	0.636688
0.756532	0.636334
0.756935	0.637064
0.757088	0.63504
0.757414	0.634331
0.757668	0.636027
0.758092	0.632979
0.758241	0.634379
0.758574	0.634582
0.75889	0.635495
0.759012	0.633988
0.759429	0.634501
0.759821	0.633371
0.760197	0.63374
0.760499	0.631281
0.760683	0.631098
0.760947	0.631816
0.761089	0.634169
0.761621	0.628237
0.761739	0.633391
0.762173	0.635611
0.762281	0.634465
0.76268	0.635344
0.762937	0.630604
0.763111	0.631867
0.763476	0.633971
0.763861	0.631876
0.764007	0.632045
0.764452	0.634748
0.76474	0.635605
0.765029	0.634782
0.765157	0.636101
0.765532	0.635789
0.765786	0.636428
0.766085	0.635233
0.766338	0.632715
0.76672	0.63376
0.767106	0.634271
0.767172	0.635622
0.767533	0.63509
0.767828	0.627877
0.76796	0.633719
0.768346	0.634718
0.76861	0.635405
0.76894	0.634502
0.769173	0.634624
0.769465	0.63346
0.76984	0.635144
0.770006	0.634429
0.770253	0.635633
0.7706	0.634485
0.770781	0.635249
0.77116	0.635575
0.771451	0.636517
0.771715	0.634687
0.772118	0.635052
0.772257	0.637049
0.772664	0.635219
0.77282	0.635408
0.773042	0.635368
0.773352	0.635732
0.773609	0.636409
0.774025	0.636365
0.774286	0.636146
0.774477	0.634833
0.7748	0.637211
0.774956	0.631813
0.775453	0.636434
0.775592	0.63987
0.775974	0.63877
0.776044	0.638832
0.776474	0.638358
0.776718	0.638552
0.777041	0.639377
0.777253	0.639028
0.777638	0.637023
0.777784	0.638569
0.778076	0.637717
0.778378	0.637788
0.778663	0.63825
0.77893	0.634178
0.779309	0.636291
0.779354	0.638576
0.779768	0.636933
0.780056	0.636532
0.780316	0.636194
0.780566	0.637461
0.780806	0.638148
0.781164	0.636399
0.781282	0.637423
0.781668	0.638188
0.781779	0.63996
0.782192	0.641813
0.782446	0.642038
0.782744	0.639805
0.783008	0.64006
0.783269	0.638363
0.783404	0.637756
0.783825	0.63801
0.784127	0.639333
0.784235	0.640971
0.784485	0.640957
0.784797	0.639799
0.785044	0.639877
0.785364	0.639636
0.785673	0.63951
0.785749	0.639635
0.786242	0.639747
0.786277	0.639458
0.786691	0.638585
0.786882	0.639077
0.787208	0.639175
0.787396	0.638453
0.787684	0.639281
0.788139	0.639285
0.788177	0.638158
0.788608	0.637286
0.788747	0.638598
0.789077	0.637963
0.789185	0.63783
0.789543	0.635682
0.789921	0.637185
0.79015	0.638042
0.790352	0.637956
0.790647	0.637158
0.79081	0.638154
0.791074	0.638523
0.791481	0.637303
0.791616	0.637504
0.791939	0.63804
0.792026	0.639472
0.792453	0.635262
0.792714	0.635372
0.79286	0.63665
0.79327	0.636884
0.793433	0.639261
0.793683	0.637109
0.794048	0.638961
0.794322	0.636321
0.794465	0.637456
0.794784	0.639057
0.795128	0.639981
0.795198	0.638239
0.795542	0.63852
0.795684	0.638331
0.796011	0.638182
0.796323	0.6377
0.796535	0.637485
0.796757	0.638549
0.797021	0.639672
0.79732	0.63841
0.797477	0.639371
0.79773	0.638794
0.79798	0.637959
0.798282	0.637439
0.798536	0.637402
0.798821	0.63747
0.799206	0.638091
0.799286	0.636361
0.799613	0.634231
0.799727	0.634594
0.800155	0.634055
0.800231	0.635043
0.800585	0.635282
0.800825	0.633216
0.801047	0.633552
0.801374	0.63273
0.801624	0.635466
0.801965	0.633915
0.8021	0.634503
0.802385	0.633108
0.802645	0.631251
0.802923	0.631381
0.80308	0.629338
0.803392	0.635108
0.803722	0.634014
0.803882	0.637316
0.804146	0.634521
0.804292	0.63362
0.804653	0.636552
0.804862	0.636078
0.80507	0.635412
0.805365	0.632399
0.805605	0.635522
0.805938	0.635895
0.806175	0.630843
0.806397	0.633283
0.806755	0.63563
0.806953	0.6355
0.807158	0.634618
0.8073	0.6337
0.807734	0.636361
0.807877	0.636397
0.808217	0.636762
0.808391	0.636165
0.808669	0.636757
0.808787	0.635768
0.809051	0.636909
0.809475	0.635959
0.809624	0.635313
0.809843	0.635951
0.810218	0.635417
0.810343	0.634173
0.810774	0.630194
0.810798	0.635046
0.811069	0.638771
0.811305	0.637161
0.811576	0.635692
0.811694	0.635261
0.812045	0.636121
0.812202	0.634424
0.812538	0.635733
0.812837	0.635173
0.813139	0.63467
0.813264	0.636538
0.813522	0.634333
0.81389	0.636576
0.814095	0.636116
0.814275	0.637606
0.814477	0.636763
0.814748	0.63537
0.815071	0.634423
0.815147	0.637191
0.815474	0.637637
0.815818	0.636241
0.815984	0.637246
0.816252	0.636493
0.816471	0.635961
0.81678	0.636887
0.81687	0.636327
0.817158	0.636525
0.817263	0.636623
0.817634	0.633879
0.817937	0.636408
0.818058	0.63705
0.818416	0.637794
0.818562	0.637694
0.818854	0.637204
0.819163	0.638194
0.819298	0.638085
0.81958	0.636375
0.81975	0.63862
0.820066	0.639595
0.820333	0.63795
0.820577	0.638811
0.820688	0.638114
0.820976	0.637921
0.821244	0.639027
0.821396	0.639778
0.82165	0.638951
0.821796	0.63807
0.822091	0.638206
0.822366	0.638216
0.822574	0.637312
0.822841	0.637742
0.823029	0.637722
0.823234	0.637844
0.823467	0.637234
0.823741	0.63669
0.824057	0.636688
0.824161	0.636476
0.824453	0.63842
0.824589	0.637792
0.82486	0.63751
0.824999	0.636412
0.825273	0.637881
0.825429	0.637667
0.825739	0.637451
0.825836	0.634328
0.826121	0.634169
0.826364	0.636581
0.826663	0.636961
0.826854	0.635596
0.827128	0.635462
0.827395	0.635112
0.827545	0.63503
0.827785	0.634929
0.827996	0.634017
0.828267	0.636271
0.828365	0.636732
0.828604	0.633366
0.82892	0.636226
0.829025	0.636496
0.829372	0.636847
0.829615	0.635621
0.829761	0.636156
0.830035	0.635876
0.83015	0.636073
0.830432	0.638175
0.83073	0.63622
0.8308	0.635829
0.83097	0.634607
0.831401	0.631422
0.831519	0.633345
0.831585	0.637244
0.831967	0.63596
0.832301	0.636252
0.832498	0.634268
0.832655	0.636138
0.832756	0.637985
0.833093	0.638535
0.833231	0.638371
0.833575	0.639118
0.833739	0.637434
0.833954	0.638768
0.834232	0.639831
0.834364	0.63752
0.834656	0.639024
0.834763	0.639224
0.835093	0.638926
0.835173	0.639385
0.835451	0.637492
0.835621	0.636433
0.835885	0.63714
0.836115	0.636305
0.836431	0.637217
0.836504	0.636391
0.836768	0.638303
0.837167	0.637397
0.837171	0.638648
0.837504	0.637144
0.837664	0.638131
0.837782	0.634979
0.838122	0.63519
0.838293	0.635838
0.838498	0.63609
0.83873	0.634958
0.838901	0.635007
0.839224	0.633672
0.839303	0.634418
0.839592	0.633561
0.839953	0.634757
0.840075	0.635695
0.840366	0.634075
0.840387	0.633395
0.840717	0.633924
0.840953	0.633805
0.841211	0.634627
0.841381	0.633526
0.841641	0.634469
0.841777	0.632925
0.842062	0.633359
0.842194	0.63423
0.842472	0.632773
0.842621	0.634904
0.842913	0.634749
0.843191	0.632867
0.843441	0.633642
0.843573	0.633453
0.843805	0.634795
0.844094	0.634831
0.84417	0.636325
0.844538	0.634641
0.84467	0.635913
0.844903	0.637637
0.84507	0.636176
0.845271	0.635671
0.845494	0.636077
0.845692	0.636624
0.84589	0.635272
0.84624	0.635961
0.846209	0.636469
0.846564	0.636237
0.846685	0.635897
0.84698	0.634267
0.847151	0.633904
0.847373	0.636386
0.847602	0.635644
0.847845	0.635293
0.84788	0.63579
0.848227	0.636085
0.848286	0.636104
0.848564	0.635698
0.848849	0.637043
0.849106	0.637646
0.849346	0.637906
0.849495	0.637644
0.84978	0.63701
0.849884	0.637814
0.85019	0.638599
0.85035	0.638258
0.850562	0.6388
0.850808	0.638232
0.851006	0.636976
0.851288	0.637249
0.851472	0.638433
0.851555	0.6376
0.851823	0.63847
0.851955	0.640163
0.852201	0.637802
0.852385	0.637377
0.852514	0.637732
0.852802	0.640383
0.853073	0.640234
0.853167	0.640964
0.853348	0.640529
0.853633	0.638759
0.853806	0.63792
0.854049	0.639536
0.854306	0.638749
0.854386	0.638277
0.854713	0.638893
0.854925	0.63872
0.855126	0.639385
0.855289	0.640147
0.855411	0.640219
0.855672	0.639057
0.855949	0.638577
0.856012	0.639236
0.856245	0.638495
0.856512	0.639191
0.856599	0.640446
0.856849	0.638531
0.857183	0.63801
0.857329	0.639193
0.857443	0.636172
0.857593	0.638986
0.857738	0.638941
0.858048	0.640103
0.858405	0.641778
0.858423	0.638971
0.858655	0.637628
0.858805	0.641691
0.858965	0.638132
0.859309	0.638876
0.859507	0.638689
0.859618	0.639275
0.85976	0.641166
0.860055	0.638676
0.860111	0.639294
0.860365	0.639146
0.860587	0.63986
0.860695	0.639561
0.861	0.639224
0.86132	0.639007
0.861316	0.639762
0.86166	0.639971
0.861799	0.639464
0.86182	0.640881
0.862098	0.639443
0.862226	0.639408
0.862463	0.639336
0.862622	0.640047
0.862886	0.638951
0.86298	0.637365
0.863282	0.637616
0.863439	0.638965
0.863557	0.63755
0.863814	0.637981
0.863849	0.638159
0.864116	0.636963
0.864377	0.636989
0.864627	0.638255
0.864682	0.639614
0.86495	0.639142
0.865183	0.639602
0.865426	0.637838
0.86545	0.63758
0.865749	0.640013
0.865902	0.637577
0.866055	0.637226
0.866312	0.636593
0.866319	0.637645
0.866596	0.637232
0.86685	0.637074
0.866958	0.635925
0.867111	0.637102
0.867388	0.635998
0.867534	0.63832
0.867652	0.637911
0.867871	0.638867
0.868205	0.634967
0.868239	0.635112
0.868524	0.635391
0.868719	0.637706
0.868764	0.636593
0.869035	0.635872
0.869143	0.635948
0.869372	0.632872
0.869528	0.633533
0.86982	0.633772
0.869869	0.633784
0.870233	0.633277
0.870372	0.632921
0.870421	0.633398
0.870709	0.632594
0.870942	0.632638
0.871032	0.631501
0.87122	0.631465
0.87147	0.632198
0.871567	0.631933
0.871762	0.630628
0.871967	0.631874
0.872217	0.631292
0.872266	0.630581
0.872391	0.631746
0.872637	0.632308
0.87278	0.630778
0.873092	0.629386
0.873124	0.630568
0.873398	0.635492
0.873575	0.635792
0.873853	0.634991
0.873947	0.634711
0.874159	0.636806
0.874381	0.636334
0.874409	0.636407
0.87468	0.633283
0.874923	0.635705
0.875048	0.634449
0.875201	0.629685
0.875493	0.637464
0.875604	0.63608
0.87575	0.634845
0.87585	0.636183
0.876007	0.637468
0.876305	0.634442
0.876455	0.634317
0.876681	0.635802
0.876795	0.632919
0.876986	0.634057
0.877212	0.635357
0.877302	0.63291
0.877556	0.636308
0.877712	0.63341
0.877896	0.636614
0.878042	0.636256
0.878317	0.637927
0.878435	0.635921
0.878546	0.634908
0.878859	0.637367
0.879088	0.636788
0.879209	0.63632
0.879289	0.635543
0.879519	0.636813
0.879633	0.635631
0.879904	0.634529
0.880081	0.635783
0.880071	0.636723
0.880345	0.636554
0.880484	0.636431
0.880856	0.637127
0.880856	0.637944
0.881078	0.638487
0.881301	0.638948
0.881311	0.638712
0.881617	0.639685
0.881707	0.639275
0.881968	0.638961
0.882072	0.639597
0.882367	0.640409
0.88252	0.641406
0.882572	0.640977
0.882808	0.640205
0.882826	0.64025
0.883065	0.641021
0.883298	0.641463
0.8836	0.641689
0.883618	0.640898
0.883753	0.640952
0.883965	0.641291
0.884083	0.641648
0.884319	0.641612
0.884528	0.640876
0.884722	0.642802
0.884753	0.640707
0.884976	0.640253
0.885129	0.639933
0.885368	0.641413
0.885375	0.641597
0.885664	0.642223
0.885771	0.637503
0.886028	0.639011
0.886108	0.641645
0.886205	0.640945
0.886438	0.641486
0.886518	0.640795
0.886661	0.64072
0.886914	0.638784
0.886886	0.634339
0.887112	0.63918
0.88731	0.640431
0.887387	0.64
0.887675	0.640276
0.887835	0.640006
0.888081	0.640105
0.888185	0.639228
0.888234	0.640997
0.888446	0.639907
0.88863	0.639739
0.888627	0.635745
0.888922	0.637655
0.889037	0.638965
0.889304	0.638439
0.889332	0.639332
0.889457	0.637864
0.889697	0.639814
0.889756	0.639502
0.889936	0.639515
0.890117	0.638839
0.890225	0.640531
0.89052	0.638489
0.890575	0.639101
0.890773	0.639171
0.890996	0.636571
0.891086	0.639173
0.891145	0.637926
0.891388	0.638581
0.891513	0.638329
0.89176	0.636278
0.891777	0.637076
0.891906	0.637102
0.892166	0.639551
0.892316	0.637586
0.89233	0.63917
0.892673	0.638741
0.892767	0.634612
0.892757	0.63438
0.893038	0.639649
0.893118	0.639815
0.89317	0.639515
0.89341	0.640662
0.893507	0.641745
0.893716	0.639219
0.893834	0.639307
0.89399	0.639851
0.894167	0.639316
0.894299	0.638629
0.89441	0.636109
0.894657	0.634705
0.894782	0.632005
0.89506	0.637379
0.89522	0.634961
0.895223	0.632398
0.895348	0.63733
0.895633	0.635935
0.895807	0.638388
0.895751	0.636158
0.896026	0.637205
0.896185	0.638123
0.89629	0.637864
0.896446	0.637164
0.896609	0.63638
0.896797	0.634433
0.896786	0.633935
0.896908	0.630098
0.897182	0.636135
0.897276	0.635353
0.897394	0.633846
0.897547	0.632452
0.897863	0.631862
0.897954	0.636087
0.897995	0.633065
0.898096	0.636637
0.898419	0.635896
0.898478	0.633184
0.898732	0.635002
0.89878	0.636285
0.898999	0.637006
0.899138	0.636692
0.899208	0.636874
0.899287	0.638377
0.89951	0.638701
0.899673	0.638268
0.899697	0.639299
0.899857	0.637099
0.900034	0.638348
0.900076	0.638707
0.900337	0.6376
0.900378	0.638465
0.900569	0.637901
0.900792	0.637237
0.900792	0.639788
0.900979	0.638545
0.901188	0.637297
0.901306	0.639931
0.901288	0.640066
0.901476	0.640115
0.901761	0.638136
0.901973	0.639282
0.902112	0.638971
0.902105	0.638902
0.902257	0.641649
0.902501	0.638888
0.90256	0.641867
0.902803	0.640201
0.902827	0.640538
0.902959	0.639669
0.903241	0.639289
0.903383	0.637673
0.903317	0.640013
0.90363	0.640257
0.903623	0.640843
0.903678	0.64194
0.903862	0.643117
0.904026	0.64265
0.904199	0.641365
0.904192	0.643251
0.904387	0.645045
0.904477	0.643273
0.904734	0.642679
0.904894	0.643165
0.904859	0.645015
0.904998	0.646343
0.905109	0.637609
0.905346	0.639633
0.905516	0.643971
0.905422	0.643712
0.905669	0.64684
0.905721	0.64449
0.905867	0.64226
0.90612	0.642919
0.906127	0.64442
0.906186	0.643382
0.906377	0.644766
0.906554	0.64273
0.906659	0.645326
0.906867	0.642195
0.906829	0.644086
0.906985	0.642689
0.907086	0.64181
0.907069	0.639389
0.907333	0.640463
0.907385	0.639934
0.907496	0.643051
0.90767	0.641515
0.90776	0.642112
0.907833	0.641587
0.907874	0.642107
0.908031	0.643631
0.908232	0.641559
0.908319	0.641491
0.908309	0.640924
0.908434	0.641231
0.908583	0.639825
0.908642	0.640196
0.908812	0.638663
0.908698	0.637805
0.908986	0.638607
0.908996	0.638707
0.909156	0.638
0.909236	0.638685
0.909434	0.634907
0.909389	0.636818
0.909521	0.635314
0.909778	0.63474
0.909788	0.633591
0.909841	0.635477
0.910007	0.633261
0.909927	0.634167
0.910188	0.633366
0.910348	0.633559
0.910334	0.630751
0.910348	0.632737
0.910633	0.62975
0.910594	0.630263
0.910688	0.629565
0.910765	0.626008
0.910928	0.626194
0.911081	0.619681
0.911115	0.621955
0.911174	0.620513
0.911154	0.622049
0.911428	0.620501
0.911334	0.617914
0.911546	0.618973
0.911577	0.616926
0.91157	0.616563
0.911577	0.614812
0.911828	0.611506
0.911855	0.610463
0.912001	0.610493
0.912095	0.607056
0.912231	0.601309
0.912283	0.60532
0.912314	0.603115
0.912328	0.5984
0.912394	0.598367
0.912418	0.592566
0.912654	0.593386
0.912734	0.590604
0.912887	0.58851
0.912804	0.58456
0.913068	0.583104
0.913061	0.581464
0.913082	0.577507
0.913214	0.573924
0.913168	0.571566
0.913227	0.566279
0.913425	0.566843
0.913516	0.560079
0.91362	0.55926
0.913766	0.556747
0.91361	0.5548
0.913627	0.552419
0.913755	0.549891
0.91387	0.546705
0.913995	0.541615
0.914026	0.538449
0.914033	0.534255
0.914023	0.530327
0.914224	0.52791
0.914318	0.523755
0.91437	0.520671
0.914461	0.51711
0.914527	0.512228
0.914547	0.509484
0.91469	0.504344
0.91469	0.50059
0.914836	0.497076
0.914825	0.493
0.914818	0.48908
0.914877	0.484971
0.914968	0.480442
0.915138	0.477304
0.915207	0.47222
0.915214	0.468999
0.915235	0.464391
0.91528	0.460436
0.915485	0.457185
0.91552	0.454539
0.91553	0.449064
0.915586	0.444632
0.915732	0.440133
0.915788	0.437155
0.915913	0.433103
0.915892	0.422867
0.915913	0.423726
0.916055	0.419304
0.916041	0.411431
0.916069	0.411898
0.916184	0.408405
0.916305	0.405026
0.916368	0.398873
0.916402	0.394723
0.916468	0.389507
0.916406	0.382837
0.916482	0.38059
0.916646	0.375886
0.916722	0.371496
0.916719	0.367057
0.916857	0.363242
0.916885	0.358596
0.916937	0.352886
0.916986	0.348989
0.916885	0.343058
0.917142	0.338917
0.917132	0.334446
0.917156	0.329371
0.91717	0.323142
0.917181	0.318245
0.91725	0.312989
0.917313	0.308049
0.917382	0.302982
0.91749	0.296976
0.917514	0.293807
0.917497	0.288932
0.917542	0.283143
0.917552	0.278814
0.917549	0.273624
0.91757	0.269197
0.917656	0.265261
0.917677	0.260652
0.91782	0.256164
0.917847	0.251711
0.917955	0.247729
0.917938	0.243878
0.918004	0.238866
0.918063	0.234674
0.917966	0.229909
0.918087	0.225574
0.918105	0.220972
0.918115	0.217459
0.918111	0.21381
0.918115	0.209959
0.918275	0.206336
0.918257	0.202512
0.918369	0.197652
0.918428	0.195366
0.918448	0.192188
0.918455	0.188448
0.918514	0.18432
0.918612	0.182471
0.918629	0.17851
0.918667	0.174563
0.918744	0.171757
0.918744	0.168882
0.918778	0.165988
0.918716	0.162556
0.918782	0.158799
0.918824	0.15559
0.918831	0.152995
0.918862	0.149893
0.918837	0.146332
0.918897	0.143895
0.919032	0.14093
0.919022	0.137649
0.919133	0.135231
0.919126	0.132746
0.919185	0.129835
0.919227	0.127655
0.919161	0.125398
0.919261	0.12229
0.919341	0.119096
0.919331	0.116716
0.919258	0.114035
0.919317	0.111676
0.919306	0.109145
0.919359	0.107442
0.919456	0.10504
0.91956	0.103069
0.919636	0.100931
0.919602	0.0988626
0.919612	0.0967564
0.919668	0.0946204
0.919671	0.0924909
0.919706	0.0909655
0.919706	0.0887164
0.919741	0.0870417
0.919949	0.085539
0.919897	0.083309
0.919959	0.0818423
0.919994	0.0804401
0.919998	0.0784966
0.919838	0.0769239
0.920008	0.0756015
0.920019	0.074345
0.920161	0.073027
0.920126	0.0713523
0.920171	0.0697074
0.920171	0.0681459
0.920303	0.066506
0.920317	0.0649632
0.920251	0.0636419
0.920359	0.0621762
0.920394	0.0611561
0.920498	0.0600293
0.920411	0.0586947
0.920557	0.0575192
0.920553	0.0561559
0.920477	0.0550732
0.920553	0.0540097
0.920533	0.0527283
0.920553	0.0517616
0.920682	0.0506107
0.920713	0.0498967
0.920817	0.0488566
0.920838	0.0478783
0.920887	0.0470371
0.92089	0.0462634
0.920977	0.0452045
0.920956	0.0443667
0.921088	0.043486
0.920963	0.0427824
0.921182	0.0418386
0.921047	0.0411937
0.921147	0.0404089
0.921227	0.039354
0.921231	0.0386207
0.921262	0.0378913
0.921325	0.0369444
0.921352	0.0363502
0.921391	0.035627
0.921366	0.0349727
0.921533	0.0343497
0.921359	0.0335065
0.921606	0.0328307
0.921603	0.0322516
0.921609	0.0316278
0.921634	0.0309506
0.921606	0.0303661
0.921662	0.0297887
0.921714	0.0291967
0.921741	0.0287315
0.921738	0.0279811
0.921797	0.0274797
0.921933	0.0266513
0.921957	0.0263508
0.922009	0.0257472
0.92212	0.025332
0.922016	0.0248371
0.922012	0.0244315
0.922012	0.0239104
0.922096	0.023562
0.922082	0.0230382
0.922158	0.0226444
0.922176	0.0222248
0.922217	0.0218878
0.92229	0.0214483
0.922263	0.0210159
0.922349	0.0205237
0.922415	0.0201163
0.922429	0.0197024
0.922419	0.0192811
0.922422	0.0189109
0.922544	0.0185868
0.922572	0.0183067
0.92261	0.01804
0.922565	0.017594
0.922659	0.0173169
0.922572	0.0169824
0.922832	0.0166576
0.922617	0.0163372
0.922822	0.0160474
0.922784	0.0157519
0.92277	0.0154102
0.922811	0.0151203
0.922818	0.0148986
0.922912	0.0146768
0.92294	0.014458
0.922933	0.0141693
0.922954	0.0138795
0.922964	0.0136345
0.92303	0.0133515
0.923121	0.0131445
0.92319	0.0129028
0.923121	0.0127326
0.923228	0.0124674
0.923124	0.0122312
0.923225	0.0119619
0.923273	0.0117152
0.923239	0.0115251
0.923284	0.0114207
0.923343	0.0111704
0.923228	0.0109606
0.923246	0.0108046
0.923249	0.0106171
0.923385	0.0104167
0.92335	0.0102005
0.923378	0.0100869
0.923388	0.00988534
0.923464	0.00970855
0.923527	0.0095469
0.923482	0.00944853
0.923534	0.00920223
0.923572	0.00902276
0.923662	0.00898188
0.923652	0.0087657
0.92368	0.00862159
0.923694	0.00849564
0.923739	0.00834148
0.923704	0.00812623
0.923753	0.00803062
0.923694	0.00786486
0.92377	0.00776862
0.923784	0.00762415
0.923777	0.00751065
0.923777	0.00736385
0.923892	0.00726669
0.923895	0.0071756
0.924006	0.00701147
0.923777	0.00689635
0.923812	0.00680548
0.923944	0.00671624
0.924027	0.00662063
0.924052	0.00644554
0.924045	0.00640361
0.924031	0.00632624
0.924086	0.00624874
0.924041	0.00613411
0.924111	0.00603978
0.924086	0.00591086
0.924145	0.00583074
0.924166	0.00575713
0.924298	0.00568783
0.924288	0.00559795
0.924333	0.0055179
0.924371	0.00542335
0.924427	0.0053554
0.924437	0.00527627
0.924447	0.00518462
0.924486	0.00509983
0.92443	0.00501936
0.924416	0.00495586
0.924343	0.00487566
0.92459	0.00479929
0.924597	0.00472504
0.924597	0.004651
0.924458	0.00456289
0.924593	0.00451077
0.924586	0.00443341
0.924534	0.00437458
0.92459	0.00432218
0.924507	0.00426059
0.924576	0.0041944
0.924569	0.00414829
0.924597	0.00407503
0.924701	0.00402291
0.924781	0.00396761
0.924823	0.00388968
0.924857	0.00385334
0.924843	0.00376268
0.924889	0.00368991
0.92485	0.00365314
0.92485	0.00360732
0.924923	0.00355358
0.92492	0.00350075
0.924996	0.00341335
0.924854	0.00336378
0.924864	0.00333761
0.924854	0.00327291
0.925007	0.00320375
0.925003	0.00316408
0.925017	0.00316683
0.925	0.00307349
0.925028	0.00303615
0.925125	0.00300822
0.925146	0.00296183
0.925163	0.00295356
0.925191	0.00292739
0.925309	0.00285597
0.925302	0.00281163
0.925309	0.00280286
0.925351	0.00277069
0.925337	0.00268335
0.925538	0.00266681
0.925424	0.00266942
0.925486	0.00260168
0.925556	0.00255593
0.925514	0.00251251
0.925389	0.00248047
0.925608	0.00247764
0.925649	0.00246202
0.925646	0.00240686
0.925656	0.00241824
0.925576	0.00239774
0.925653	0.00237893
0.925667	0.00232384
0.925729	0.00231549
0.925712	0.0022382
0.925757	0.00220532
0.925802	0.00221784
0.925816	0.00218177
0.92584	0.00215101
0.925917	0.00209458
0.925906	0.00207966
0.926042	0.00209741
0.92607	0.00204296
0.926066	0.00202323
0.92608	0.00199226
0.926226	0.00197274
0.926094	0.00195089
0.926111	0.0019354
0.926226	0.00193024
0.926216	0.00189693
0.926174	0.00189573
0.926216	0.0018521
0.926257	0.00183619
0.926368	0.00182113
0.926379	0.00180691
0.926473	0.00179963
0.92641	0.00178959
0.926483	0.00177163
0.926511	0.00177007
0.926431	0.00175423
0.92657	0.00170261
0.926598	0.00171972
0.926719	0.00169136
0.926612	0.00166159
0.926643	0.00167602
0.926692	0.00162383
0.926605	0.00160523
0.926796	0.00159816
0.926629	0.00158543
0.926879	0.00157171
0.926869	0.00156549
0.926872	0.00156344
0.926778	0.00156337
0.926862	0.00156351
0.926983	0.00153841
0.926876	0.00152469
0.926886	0.00150722
0.926851	0.00149824
0.926896	0.00146571
0.926907	0.00145199
0.926869	0.00143679
0.926848	0.00142463
0.926893	0.00140384
0.926914	0.00140468
0.926949	0.00139592
0.926949	0.00139669
0.926994	0.00137732
0.927028	0.00136706
0.927129	0.00135844
0.927147	0.00135151
0.927088	0.00134069
0.927101	0.0013247
0.927178	0.00131042
0.927129	0.00129974
0.927209	0.00130787
0.927251	0.00129826
0.927258	0.00127923
0.927258	0.00126488
0.927268	0.00126078
0.927268	0.00123666
0.927261	0.00125116
0.927272	0.00122005
0.927407	0.00123384
0.927414	0.00120244
0.927268	0.00119473
0.927407	0.00118893
0.9274	0.00118426
0.927265	0.00116652
0.927317	0.00115336
0.927404	0.00115336
0.927372	0.00115364
0.927411	0.00113264
0.927407	0.00113137
0.92731	0.0011378
0.927393	0.00111051
0.927407	0.00110768
0.927418	0.00109884
0.927484	0.00111793
0.927515	0.00109877
0.927445	0.0011086
0.927553	0.00107621
0.927657	0.00108611
0.927581	0.00108597
0.927675	0.00107635
0.927675	0.00106858
0.927671	0.00106362
0.927626	0.00105783
0.927702	0.00104941
0.92773	0.00104969
0.927706	0.00103301
0.927751	0.00101957
0.927779	0.00102897
0.92781	0.00100005
0.927817	0.00100041
0.927918	0.00100698
0.927807	0.00100387
0.927817	0.00100175
0.927817	0.000972049
0.927758	0.000965685
0.927817	0.000957623
0.927848	0.000959815
0.928074	0.000958047
0.927817	0.000965401
0.927855	0.00094645
0.927814	0.000935277
0.927928	0.000945106
0.928077	0.000946097
0.927921	0.000946167
0.927949	0.000930327
0.927977	0.000916608
0.928067	0.000927215
0.928043	0.000931742
0.928081	0.000925589
0.928077	0.000922054
0.928154	0.000914345
0.928112	0.000905506
0.928126	0.000900132
0.928133	0.000893696
0.928133	0.000887898
0.928168	0.000891858
0.92821	0.000859471
0.928234	0.000867249
0.928265	0.000874533
0.92822	0.000876725
0.928213	0.000868451
0.92822	0.000861097
0.92823	0.000872199
0.928289	0.000857137
0.928282	0.00084257
0.928477	0.000845328
0.92847	0.00084165
0.92848	0.000834296
0.92848	0.000833377
0.92854	0.000848014
0.928543	0.000855581
0.928512	0.000839741
0.928585	0.00083267
0.928546	0.000839104
0.928623	0.000818031
0.928658	0.000819022
0.928678	0.000811313
0.928672	0.000808627
0.928797	0.000813506
0.928821	0.000818315
0.928786	0.000798797
0.9288	0.000801272
0.928758	0.000807495
0.9288	0.000807212
0.928887	0.000801555
0.928922	0.000785644
0.928897	0.000779987
0.928894	0.00079512
0.928984	0.000788331
0.928887	0.000791513
0.928904	0.000794413
0.928918	0.000774047
0.92904	0.000781048
0.929047	0.000776946
0.928991	0.000778572
0.928929	0.000767894
0.9293	0.000769521
0.929054	0.000753539
0.92914	0.000754812
0.929179	0.00075262
0.929206	0.000751913
0.929255	0.000748095
0.929262	0.000757853
0.92929	0.000754812
0.929325	0.00075948
0.929318	0.000747033
0.929321	0.000749721
0.929338	0.000748589
0.929377	0.00073084
0.92938	0.000730698
0.929391	0.000727375
0.929516	0.000732396
0.92945	0.000725324
0.929446	0.000736144
0.929696	0.000725395
0.92946	0.000735507
0.929623	0.000723202
0.9297	0.00072985
0.929585	0.000731264
0.92971	0.000735224
0.929717	0.000716131
0.92971	0.000726668
0.92971	0.000708211
0.929696	0.000723486
0.929728	0.000703615
0.929707	0.000710898
0.929728	0.000711888
0.929731	0.000707716
0.929714	0.000708565
0.92978	0.000711393
0.929818	0.000719031
0.929762	0.00071507
0.929769	0.000717192
0.929818	0.000707928
0.92987	0.000706585
0.929898	0.000703119
0.929939	0.000697958
0.929936	0.000685582
0.929891	0.000683107
0.930082	0.00069428
0.929915	0.00068933
0.930099	0.000688694
0.930071	0.000694704
0.930037	0.000693219
0.930016	0.00068537
0.930064	0.000687774
0.930117	0.000698382
0.93011	0.000696473
0.930124	0.000696543
0.930117	0.00068141
0.930103	0.000672358
0.930193	0.000679925
0.930117	0.000676955
0.9302	0.000679642
0.930103	0.000687209
0.930117	0.000671227
0.930117	0.000674339
0.930113	0.000660196
0.930106	0.000658711
0.930242	0.000676248
0.930124	0.00067554
0.930252	0.000665924
0.930144	0.00066458
0.930262	0.00067151
0.930259	0.000661822
0.930259	0.000652912
0.930249	0.000663943
0.930221	0.000655245
0.930273	0.000650508
0.930262	0.000645133
0.930252	0.000641456
0.930252	0.000645416
0.930269	0.000642729
0.930245	0.000643294
0.930315	0.000642305
0.930256	0.00064584
0.93037	0.000641244
0.930266	0.000642234
0.930499	0.000643719
0.930485	0.000648669
0.930367	0.000636011
0.930516	0.000642658
0.93052	0.00063495
0.930526	0.000636223
0.930568	0.000627879
0.930526	0.000632687
0.930554	0.000642093
0.930592	0.000631697
0.930648	0.00063693
0.930613	0.000633182
0.930665	0.000634384
0.930655	0.000637638
0.930599	0.000639052
0.930662	0.000636789
0.930679	0.000637991
0.930655	0.000637496
0.930554	0.000636789
0.930676	0.000631839
0.930672	0.000616352
0.930669	0.000627313
0.930665	0.000620948
0.93069	0.000616918
0.930756	0.000616777
0.930669	0.000618474
0.930669	0.000620242
0.930679	0.000617484
0.930909	0.000624131
0.930665	0.000627101
0.930665	0.000619676
0.930763	0.000614372
0.930916	0.000620948
0.930714	0.000607725
0.930787	0.000617484
0.930933	0.000620383
0.93094	0.000619181
0.93087	0.000618262
0.930954	0.00061911
0.930919	0.000614231
0.930919	0.000618827
0.931006	0.000614867
0.930978	0.000621444
0.931006	0.000615504
0.931068	0.000609281
0.931086	0.000612392
0.931117	0.000612533
0.931103	0.000610978
0.931145	0.00060624
0.931232	0.000598886
0.931232	0.000600653
0.931284	0.000589975
0.931336	0.00058849
0.931343	0.000587217
0.931343	0.000602068
0.931329	0.000599381
0.931482	0.000600936
0.931339	0.000596269
0.931485	0.000602987
0.931357	0.000606311
0.931395	0.00059832
0.931385	0.000601148
0.931485	0.000602422
0.931437	0.000596269
0.931506	0.000582904
0.931398	0.000591107
0.931492	0.0005904
0.931402	0.000591037
0.931482	0.000588208
0.931475	0.000601714
0.931496	0.000595774
0.931579	0.000601148
0.931683	0.000598178
0.931704	0.000601007
0.931749	0.000599098
0.93176	0.000599734
0.931767	0.000594784
0.93184	0.000595067
0.931788	0.000596623
0.931746	0.000588349
0.931756	0.000589551
0.931888	0.000593016
0.931892	0.000586581
0.931892	0.000582126
0.931767	0.000587995
0.931805	0.000593935
0.931892	0.000594501
0.931899	0.000594007
0.931867	0.000597896
0.931944	0.000589339
0.931958	0.000589127
0.931902	0.000588561
0.931961	0.000587642
0.932131	0.000592238
0.932156	0.000595492
0.932142	0.000590612
0.932149	0.000595138
0.932197	0.000594643
0.932204	0.000594219
0.932281	0.000588349
0.932239	0.000585732
0.932229	0.000578449
0.932295	0.000583258
0.932277	0.00058446
0.932284	0.000586086
0.932291	0.000584601
0.932298	0.000589905
0.932305	0.000591461
0.932298	0.000591178
0.932354	0.000588773
0.932305	0.000587005
0.932288	0.000590824
0.93251	0.00058948
0.932493	0.000586086
0.932291	0.000585096
0.932322	0.000586369
0.932548	0.000590046
0.932298	0.000586793
0.932538	0.000584177
0.932312	0.000584247
0.932371	0.00058842
0.932559	0.000588066
0.932555	0.000586723
0.932336	0.000593723
0.932559	0.000588986
0.932385	0.000589834
0.932371	0.000590541
0.932576	0.000592309
0.932552	0.00059238
0.932562	0.000594643
0.932541	0.000596623
0.932642	0.000594289
0.932555	0.000594855
0.932562	0.000596198
0.932663	0.000596198
0.932694	0.000597896
0.932607	0.000594855
0.932618	0.000593794
0.932625	0.000596905
0.932677	0.00059542
0.932659	0.000588137
0.932725	0.000588066
0.932677	0.000587359
0.932767	0.000591037
0.932798	0.000591178
0.932732	0.000590258
0.932871	0.000597542
0.932771	0.000596764
0.932743	0.000584531
0.932882	0.000587713
0.932903	0.000595562
0.93291	0.000593653
0.932826	0.000593087
0.932854	0.000586298
0.932948	0.000592592
0.932934	0.000590329
0.932934	0.00058446
0.932944	0.00058552
0.932948	0.000586157
0.932944	0.00058842
0.932937	0.000589622
0.932972	0.000589693
0.933	0.00058743
0.932962	0.000590824
0.932965	0.000593441
0.932955	0.000586581
0.932969	0.000590824
0.932965	0.000586935
0.932923	0.000584884
0.933042	0.000592663
0.933042	0.000587217
0.932958	0.000587076
0.932951	0.000589198
0.932951	0.000588208
0.933104	0.000584319
0.933094	0.000590117
0.932989	0.000592946
0.933111	0.000584106
0.932976	0.000590541
0.933108	0.000592592
0.933028	0.000592804
0.933017	0.00058651
0.933042	0.000590541
0.933059	0.000585662
0.933048	0.000591319
0.933187	0.000593299
0.933097	0.000587217
0.933246	0.000593299
0.933194	0.000597683
0.933208	0.000592522
0.933302	0.000595492
0.933299	0.000591673
0.933351	0.000590895
0.933358	0.000587217
0.933389	0.000587501
0.93342	0.000599734
0.933431	0.000591531
0.933441	0.000593723
0.933476	0.00058644
0.933451	0.000595492
0.933444	0.000597401
0.933396	0.000594007
0.933524	0.000588561
0.93349	0.000593582
0.933531	0.000599239
0.933549	0.000598108
0.933545	0.000599027
0.933531	0.000599098
0.933528	0.000588702
0.933517	0.000595208
0.933469	0.000598956
0.933524	0.000600653
0.933552	0.000594572
0.933625	0.000599593
0.933792	0.000595279
0.93367	0.000594501
0.933781	0.000600017
0.933726	0.000601644
0.933799	0.000602987
0.933792	0.000601714
0.933827	0.000604967
0.933851	0.000599027
0.933913	0.000599027
0.933924	0.000601785
0.933893	0.000601219
0.933896	0.000607018
0.933917	0.000607584
0.933997	0.000605745
0.934032	0.000602987
0.934098	0.000607442
0.934091	0.000608644
0.934125	0.000607725
0.934177	0.000605816
0.934118	0.000607725
0.934184	0.000606664
0.934209	0.000602846
0.934198	0.00060822
0.93425	0.000608715
0.934181	0.000607301
0.934195	0.000603129
0.934302	0.000604543
0.934334	0.000602704
0.934223	0.000610978
0.934344	0.000605886
0.934226	0.000609988
0.93424	0.000610341
0.934348	0.000610483
0.934337	0.000609917
0.934323	0.000610695
0.934351	0.000606523
0.934372	0.00061218
0.934438	0.000611685
0.934455	0.000612463
0.93448	0.000614443
0.93449	0.000618827
0.934632	0.000616281
0.934532	0.000612392
0.934612	0.000614584
0.934619	0.000614231
0.934612	0.000619393
0.93465	0.00062208
0.934636	0.000622505
0.934671	0.000621656
0.934657	0.000625262
0.934709	0.000629081
0.934657	0.000619817
0.934629	0.000625899
0.934705	0.000622151
0.934712	0.000617837
0.934737	0.000625404
0.934768	0.000633253
0.934931	0.000633182
0.934761	0.000636789
0.934771	0.000638769
0.934917	0.000632405
0.934768	0.000636718
0.934758	0.000627313
0.934768	0.000632193
0.934775	0.000635304
0.934956	0.000635021
0.93499	0.000633748
0.934758	0.000637708
0.934754	0.000634384
0.935025	0.000641102
0.934744	0.00064782
0.935011	0.000647326
0.934858	0.000648103
0.934883	0.000645275
0.935035	0.000645557
0.935008	0.000636577
0.935028	0.000634172
0.935015	0.000638698
0.935025	0.00064584
0.935039	0.000643153
0.935108	0.000648811
0.935084	0.000652417
0.935105	0.000653054
0.935143	0.000649305
0.935091	0.000651427
0.935136	0.000655104
0.935028	0.000648315
0.935133	0.000658357
0.935164	0.0006527
0.935143	0.000662317
0.93516	0.000660903
0.93524	0.000665428
0.935265	0.000665924
0.935226	0.000666984
0.935157	0.000667974
0.935174	0.00067745
0.93516	0.00067646
0.935164	0.000677804
0.935164	0.00067646
0.935272	0.000670096
0.935164	0.000672358
0.935171	0.000680633
0.935167	0.00068438
0.935167	0.000686219
0.935174	0.000688977
0.935202	0.000689542
0.93516	0.000692583
0.935414	0.000691876
0.935171	0.000693715
0.935424	0.000694068
0.935428	0.000695129
0.935466	0.000687138
0.935355	0.000701705
0.935428	0.000699089
0.9354	0.000701634
0.935424	0.000713586
0.935421	0.000716838
0.935421	0.000713798
0.935435	0.000708635
0.93549	0.000721435
0.935452	0.000718677
0.935532	0.000722778
0.935529	0.00072299
0.935501	0.000730981
0.935577	0.000731477
0.935574	0.00072992
0.935574	0.000731405
0.935605	0.000730416
0.935591	0.000734022
0.935661	0.000737134
0.935647	0.000740457
0.935734	0.000742862
0.935741	0.000749226
0.935723	0.000741659
0.935824	0.000746751
0.935775	0.000752054
0.935772	0.000749367
0.935876	0.000767046
0.935834	0.000761177
0.935876	0.000760965
0.935852	0.00077136
0.935834	0.000768178
0.935841	0.000767682
0.935845	0.000772633
0.93597	0.000776522
0.935862	0.000775815
0.935869	0.000776522
0.935991	0.000783027
0.935932	0.000786493
0.935994	0.000788473
0.935994	0.000790594
0.935998	0.000800282
0.936008	0.000805161
0.936126	0.000814779
0.935998	0.000803394
0.936161	0.000807283
0.93621	0.000812445
0.936248	0.000816405
0.936178	0.000815415
0.936244	0.000824042
0.93631	0.000825881
0.936342	0.000828992
0.936401	0.000831255
0.936335	0.000838044
0.93638	0.00084165
0.936366	0.000849288
0.936387	0.00085749
0.936411	0.000855864
0.936411	0.000857349
0.936404	0.000855723
0.936411	0.000870997
0.936661	0.000868875
0.936435	0.000872411
0.936449	0.000890727
0.93663	0.000889029
0.936519	0.000890161
0.936661	0.000900273
0.936658	0.000905506
0.936713	0.00089801
0.936685	0.000905506
0.936717	0.000910881
0.936724	0.000915052
0.936727	0.000916679
0.936731	0.000921134
0.936783	0.000924528
0.936755	0.000926084
0.936738	0.000934075
0.936824	0.000934852
0.936949	0.000946804
0.937022	0.000961583
0.936981	0.000964695
0.936988	0.000968371
0.937057	0.000969574
0.937085	0.000989232
0.937127	0.00099001
0.937061	0.000990789
0.937227	0.00098598
0.937213	0.000999274
0.937099	0.00100415
0.93722	0.00100677
0.937113	0.00101625
0.937186	0.00102261
0.937147	0.00102346
0.937189	0.00103576
0.937175	0.00104764
0.937196	0.00105556
0.937196	0.00104969
0.937213	0.00105535
0.93722	0.00107183
0.9372	0.00107381
0.937266	0.00109248
0.937234	0.00110061
0.937207	0.00109707
0.937217	0.00110139
0.937391	0.00110938
0.937422	0.00112621
0.937328	0.00112465
0.937342	0.00114212
0.937481	0.00114573
0.937484	0.00115761
0.937464	0.00116708
0.937491	0.00116892
0.937592	0.00118137
0.937547	0.0011924
0.937491	0.00119961
0.937543	0.00120831
0.937554	0.00121658
0.937519	0.0012298
0.937547	0.00123504
0.937599	0.00124713
0.937613	0.0012518
0.937561	0.00125067
0.937641	0.00126919
0.937592	0.00126127
0.937602	0.00128376
0.937547	0.00129889
0.937797	0.00130667
0.93762	0.00132265
0.937794	0.00131954
0.937613	0.00132371
0.937547	0.00133149
0.93762	0.00134302
0.937606	0.00135497
0.937672	0.00136091
0.937766	0.0013904
0.937679	0.00140299
0.9378	0.0014155
0.93786	0.00141741
0.937762	0.0014148
0.93786	0.00142321
0.937762	0.00143573
0.937762	0.00145114
0.937863	0.00147356
0.93787	0.00146854
0.937873	0.00148339
0.937842	0.00149046
0.93786	0.00150708
0.937922	0.00151146
0.937926	0.00153013
0.937926	0.00154215
0.937919	0.00155474
0.937929	0.00157737
0.937901	0.00160933
0.938009	0.00162645
0.937964	0.00162503
0.937981	0.00162892
0.938012	0.00164278
0.93796	0.00169066
0.937981	0.00170989
0.937985	0.00171159
0.938082	0.00171194
0.937985	0.00174878
0.938023	0.0017724
0.938044	0.00177969
0.938214	0.00178393
0.938151	0.00180352
0.938231	0.00180804
0.938263	0.00183195
0.938276	0.00182226
0.938297	0.00184234
0.938026	0.00185769
0.938266	0.00186454
0.93828	0.00188456
0.938332	0.00189375
0.938276	0.0019074
0.938276	0.00194516
0.938273	0.00197543
0.938273	0.001989
0.938266	0.00200407
0.938301	0.0020279
0.938328	0.00201092
0.938419	0.0020303
0.938318	0.0020402
0.938422	0.00209331
0.938415	0.00210066
0.938426	0.00210625
0.938464	0.00214656
0.938391	0.00218107
0.938516	0.00218898
0.938516	0.00219097
0.938502	0.00221232
0.938579	0.0022382
0.938537	0.00224393
0.938641	0.00222434
0.938676	0.00227158
0.938676	0.00229421
0.938672	0.00232214
0.93869	0.00232702
0.938735	0.00235835
0.938683	0.0023691
0.938683	0.00240078
0.938693	0.00240785
0.938752	0.00244214
0.938836	0.00247022
0.938749	0.00248337
0.938714	0.0024961
0.938836	0.00253521
0.938808	0.00257452
0.938818	0.00261639
0.938922	0.00259178
0.938919	0.00262289
0.938999	0.00268993
0.93895	0.0026627
0.939107	0.00267296
0.939138	0.00269424
0.939124	0.00274799
0.93911	0.00277592
0.939246	0.00276991
0.939225	0.00277196
0.939235	0.00276432
0.939409	0.00284897
0.939246	0.0028873
0.939312	0.00291749
0.939242	0.00293828
0.939325	0.00293397
0.939246	0.00291226
0.939232	0.00300879
0.93935	0.00305037
0.939249	0.003016
0.939249	0.00304025
0.939478	0.00307738
0.939305	0.00316089
0.93951	0.00319059
0.939496	0.00320106
0.939489	0.00322928
0.939527	0.00328797
0.939562	0.00329836
0.939544	0.00334242
0.939523	0.00336243
0.93951	0.00340677
0.93961	0.00337848
0.939746	0.00336547
0.939652	0.00339411
0.939822	0.00349672
0.93968	0.00355258
0.939725	0.00355853
0.939864	0.00359671
0.939885	0.00364282
0.939902	0.00364501
0.939926	0.00365456
0.939902	0.00366078
0.940003	0.00368079
0.939913	0.00371389
0.939906	0.00373404
0.939944	0.00383177
0.939923	0.00381077
0.939888	0.00385121
0.939892	0.00398748
0.939895	0.00400884
0.939829	0.00395545
0.939902	0.00400537
0.940065	0.00406237
0.939906	0.00411824
0.939909	0.00412842
0.939947	0.00420698
0.939909	0.0042975
0.940062	0.00435506
0.940055	0.00438038
0.93993	0.00444225
0.939913	0.00441835
0.939909	0.0043948
0.940062	0.0044361
0.939985	0.00447754
0.940062	0.00452442
0.940058	0.00465694
0.940069	0.00472617
0.940086	0.00473572
0.94019	0.00471627
0.940145	0.00473289
0.940305	0.00477567
0.940284	0.00485912
0.940288	0.00498167
0.940211	0.00498626
0.940197	0.00499362
0.940315	0.00502212
0.940319	0.00502113
0.940322	0.00507063
0.940336	0.00516729
0.940326	0.0051325
0.940409	0.00528079
0.940402	0.00528553
0.940423	0.00542187
0.940468	0.00534691
0.940444	0.00542844
0.940479	0.00540398
0.940486	0.00561549
0.9405	0.0055063
0.940475	0.00559222
0.940566	0.00564639
0.940486	0.00572191
0.940621	0.00588484
0.940475	0.00583145
0.940475	0.00589651
0.940486	0.0060291
0.940611	0.00606736
0.940465	0.00605562
0.940472	0.00603829
0.940652	0.00627236
0.940472	0.00630397
0.940472	0.00635036
0.940479	0.00638437
0.940472	0.00636365
0.940739	0.00641414
0.940506	0.00645813
0.940579	0.00655663
0.940621	0.0066352
0.940722	0.006704
0.940691	0.00676319
0.940604	0.00675195
0.940739	0.00680647
0.940701	0.00704294
0.940677	0.00697824
0.940642	0.00700058
0.940718	0.00703036
0.940795	0.0071481
0.940757	0.00724109
0.940715	0.00730006
0.940767	0.00737545
0.940812	0.00742954
0.940771	0.00745903
0.940788	0.00744623
0.940864	0.00749884
0.940871	0.00757055
0.940875	0.0077257
0.940885	0.00783764
0.940909	0.00784733
0.941028	0.00785199
0.941094	0.0080058
0.941031	0.00806173
0.941135	0.00820833
0.941097	0.00812305
0.941132	0.00816356
0.941177	0.00825585
0.941097	0.00847393
0.941135	0.00851891
0.941125	0.00854316
0.941003	0.00855943
0.941125	0.00867554
0.941118	0.00871684
0.941285	0.00882864
0.941125	0.00898775
0.941135	0.00898655
0.941132	0.00896894
0.941219	0.00885268
0.941194	0.0089891
0.941229	0.00889087
0.941239	0.00925371
0.941191	0.00921213
0.941278	0.00939274
0.941264	0.00954598
0.941264	0.00948389
0.941455	0.00967836
0.941448	0.00966648
0.941521	0.00967171
0.941531	0.00982198
0.941542	0.00988124
0.941594	0.00999127
0.94159	0.0101976
0.94167	0.010142
0.941611	0.0102895
0.941597	0.0102101
0.941691	0.0101529
0.941663	0.0105492
0.941646	0.0106161
0.941688	0.0107626
0.941764	0.0108544
0.941792	0.0109186
0.941851	0.0109727
0.941674	0.0108425
0.941663	0.0108948
0.941688	0.0112634
0.94174	0.0114725
0.941938	0.0113966
0.941712	0.0115818
0.941858	0.0116358
0.941948	0.0117756
0.941938	0.0118639
0.941976	0.0118598
0.941938	0.0119407
0.942007	0.011944
0.942063	0.0119738
0.942063	0.0120919
0.942084	0.0120996
0.942108	0.0123942
0.942087	0.0123114
0.942108	0.0124727
0.942195	0.0125225
0.942344	0.012614
0.942104	0.0127912
0.942146	0.0127841
0.942139	0.0128378
0.94209	0.0129042
0.942115	0.013038
0.94225	0.0134541
0.942226	0.0132308
0.942205	0.0135151
0.942302	0.0137315
0.942275	0.0138551
0.942344	0.0139727
0.942341	0.013978
0.942358	0.0138909
0.942389	0.0142987
0.942351	0.014546
0.942355	0.0146597
0.942386	0.0147782
0.942355	0.0145349
0.942407	0.0148326
0.942448	0.0147786
0.94241	0.0149039
0.942375	0.0152938
0.942414	0.0155375
0.942431	0.0154043
0.942441	0.0156914
0.942445	0.0157014
0.942497	0.0159318
0.942466	0.0160066
0.942462	0.0161133
0.942487	0.0162758
0.942553	0.0163782
0.94249	0.0165227
0.94249	0.0167948
0.942584	0.0167746
0.942542	0.0169281
0.942695	0.0171986
0.942587	0.0173782
0.942514	0.0174212
0.942615	0.0176418
0.942702	0.017806
0.94265	0.018131
0.942653	0.0180686
0.942664	0.0181498
0.942674	0.0184487
0.94273	0.0187208
0.9425	0.0185
0.942594	0.0184211
0.942698	0.0188356
0.94266	0.0190062
0.942841	0.0185308
0.942761	0.019302
0.942771	0.0194675
0.942858	0.0195924
0.942747	0.0196491
0.942757	0.0201394
0.942813	0.0199446
0.942799	0.0200063
0.942858	0.0202397
0.9429	0.0198826
0.942837	0.0209385
0.942837	0.0210501
0.9429	0.0212782
0.9429	0.0213742
0.942855	0.0215627
0.942924	0.0213106
0.942907	0.0217692
0.942907	0.0220988
0.942896	0.0222237
0.942931	0.0225259
0.942907	0.0225994
0.942924	0.0228356
0.943011	0.0230989
0.942942	0.023042
0.942949	0.0229481
0.942983	0.0234813
0.942962	0.022831
0.943074	0.0239985
0.943049	0.023903
0.942987	0.0241284
0.942903	0.0245701
0.943133	0.0245143
0.943164	0.0247661
0.943153	0.0250533
0.943098	0.0250654
0.943185	0.025098
0.943226	0.0252421
0.943237	0.0260631
0.943174	0.0259791
0.943237	0.0261955
0.943272	0.0259457
0.943306	0.0261714
0.943334	0.0268595
0.943327	0.0270011
0.94332	0.0270834
0.943313	0.0271475
0.943317	0.0272895
0.943317	0.0279209
0.943324	0.0280219
0.943324	0.0283923
0.943327	0.0283197
0.943393	0.0282359
0.943362	0.0283482
0.943515	0.0294211
0.943529	0.0286328
0.943522	0.0293119
0.943525	0.0298297
0.943591	0.0298984
0.943633	0.0297421
0.943709	0.0302345
0.943678	0.0306608
0.943681	0.0305568
0.943761	0.0303498
0.943723	0.0309219
0.943813	0.031533
0.943831	0.0317696
0.943779	0.0317088
0.943866	0.0317555
0.943869	0.0315811
0.943987	0.0321591
0.943827	0.0322642
0.944001	0.0330787
0.943987	0.0328779
0.944032	0.0328728
0.944001	0.0335985
0.943991	0.0343692
0.944001	0.0338128
0.94405	0.0338857
0.944119	0.0343425
0.944116	0.0352389
0.944119	0.0354399
0.943991	0.0352925
0.944147	0.0359131
0.94415	0.0361839
0.944064	0.0364595
0.94405	0.0368573
0.944046	0.0367249
0.944143	0.0366763
0.944147	0.0368845
0.944154	0.0369048
0.944119	0.0371697
0.944209	0.0375842
0.944154	0.0385061
0.944213	0.0380344
0.944216	0.0384276
0.944407	0.0387188
0.944446	0.0385864
0.944428	0.0391585
0.944491	0.0392879
0.944539	0.039455
0.944484	0.0401517
0.944553	0.0408801
0.94455	0.0403729
0.944571	0.0403452
0.944522	0.0408662
0.944619	0.0411856
0.944703	0.0417452
0.944557	0.0417459
0.944557	0.0421748
0.944557	0.0426453
0.94456	0.043769
0.944567	0.0438366
0.944543	0.0443929
0.944546	0.044849
0.944553	0.0447189
0.944546	0.0448743
0.944539	0.0460115
0.944699	0.046359
0.944533	0.0465752
0.944807	0.0466647
0.944578	0.0472498
0.944539	0.0471676
0.944803	0.0476806
0.944779	0.0482308
0.944769	0.0485951
0.944873	0.0488388
0.94481	0.0491982
0.944807	0.0481993
0.944807	0.0501279
0.944863	0.0490842
0.944845	0.0506799
0.944824	0.0507157
0.944901	0.0515298
0.944845	0.0520282
0.944817	0.0520252
0.944866	0.0529208
0.944946	0.0533167
0.944925	0.0531682
0.944949	0.0527732
0.944876	0.0546349
0.944925	0.0549625
0.945026	0.055452
0.945008	0.0555043
0.945102	0.0562028
0.944939	0.0551506
0.945029	0.0557409
0.944984	0.0563861
0.944991	0.0578595
0.944984	0.0575002
0.94497	0.0580931
0.945106	0.0587868
0.945095	0.0594364
0.945227	0.0595576
0.945182	0.0597209
0.945213	0.0608762
0.944956	0.0604644
0.94521	0.0607822
0.945199	0.0613423
0.945234	0.062353
0.945217	0.0628684
0.945269	0.0625572
0.945255	0.0629201
0.945252	0.0623415
0.94529	0.0627448
0.945234	0.0639664
0.945227	0.0640225
0.945161	0.0644426
0.945241	0.06582
0.945224	0.0670572
0.945245	0.0673203
0.945293	0.067334
0.945234	0.0688944
0.945234	0.0675746
0.94538	0.0670886
0.945269	0.0697765
0.945224	0.0677049
0.94538	0.0682126
0.945304	0.0712937
0.945328	0.071108
0.945328	0.0723069
0.945373	0.0730347
0.945474	0.0734675
0.945401	0.0737051
0.945397	0.0744113
0.945432	0.0742624
0.945377	0.0742769
0.945415	0.0749126
0.945488	0.0754633
0.945443	0.0758873
0.945585	0.0765832
0.945585	0.0773923
0.945484	0.0782791
0.945463	0.0792352
0.945637	0.0787456
0.94562	0.079463
0.945644	0.0809714
0.945675	0.0805568
0.945644	0.0808879
0.945661	0.0809884
0.945731	0.0816577
0.945644	0.0820723
0.945655	0.0828987
0.945668	0.0832984
0.945651	0.0835609
0.945679	0.0851549
0.945714	0.0852737
0.945748	0.0849773
0.945807	0.0849433
0.945731	0.0875243
0.945787	0.0855298
0.945832	0.0882381
0.945811	0.0880591
0.945846	0.0889959
0.945891	0.0885501
0.945891	0.0895873
0.945894	0.092094
0.94604	0.0907886
0.946068	0.0928963
0.946061	0.0925057
0.946085	0.0919539
0.946134	0.0916476
0.946148	0.0942752
0.946176	0.0960114
0.946217	0.0942441
0.946068	0.0971299
0.946346	0.0962986
0.946207	0.0969198
0.946231	0.0975346
0.946235	0.0975771
0.946224	0.0983666
0.946481	0.0984926
0.946301	0.0996182
0.946255	0.0986836
0.946436	0.0993097
0.946464	0.100468
0.946485	0.102075
0.946516	0.103703
0.946453	0.104141
0.946419	0.103668
0.946478	0.102942
0.946467	0.106205
0.946506	0.106265
0.946526	0.106756
0.946582	0.106212
0.946568	0.106995
0.946721	0.106973
0.946634	0.108479
0.946714	0.111288
0.946638	0.110081
0.946711	0.111518
0.946773	0.110048
0.946822	0.113794
0.946797	0.111528
0.946919	0.112395
0.946881	0.112898
0.946863	0.114049
0.946888	0.114534
0.946884	0.117131
0.946888	0.115829
0.946888	0.118798
0.946957	0.120726
0.946954	0.121731
0.946895	0.120424
0.946877	0.120443
0.946891	0.122861
0.946877	0.122702
0.946881	0.123764
0.946898	0.124576
0.946912	0.125645
0.947041	0.12811
0.946929	0.128899
0.946915	0.129567
0.94695	0.129559
0.946929	0.132034
0.946978	0.130769
0.946988	0.133067
0.94702	0.134241
0.946968	0.133227
0.947051	0.136245
0.947034	0.134937
0.947041	0.137568
0.947124	0.137337
0.947068	0.140003
0.947232	0.14055
0.947211	0.140979
0.947131	0.142303
0.947214	0.143315
0.947207	0.143075
0.947197	0.143574
0.947218	0.14502
0.947204	0.143749
0.947228	0.147177
0.947249	0.145959
0.947228	0.147095
0.947235	0.149328
0.947332	0.148457
0.947339	0.150675
0.947291	0.150303
0.947315	0.151051
0.947325	0.154307
0.94735	0.153498
0.94745	0.153933
0.947353	0.157774
0.947416	0.15744
0.947311	0.158821
0.947364	0.158795
0.947374	0.161047
0.947405	0.164461
0.94745	0.164135
0.94744	0.167086
0.947294	0.167597
0.947461	0.168344
0.947457	0.169856
0.947492	0.170874
0.94745	0.168996
0.947586	0.16995
0.947569	0.170534
0.947457	0.17277
0.947371	0.17567
0.947454	0.176982
0.947454	0.175772
0.947527	0.175491
0.947464	0.177694
0.947655	0.180389
0.947569	0.182626
0.947509	0.182692
0.947492	0.183406
0.947548	0.178451
0.947572	0.184061
0.947614	0.180973
0.947513	0.181923
0.947596	0.189087
0.947669	0.183928
0.947697	0.192285
0.947641	0.19303
0.947735	0.191714
0.947763	0.193088
0.94776	0.194073
0.947725	0.196295
0.947742	0.196523
0.947829	0.197206
0.947808	0.198557
0.947801	0.202387
0.947773	0.201881
0.947839	0.203148
0.947853	0.204055
0.947857	0.203811
0.94777	0.206383
0.94786	0.206807
0.947926	0.211192
0.948027	0.209701
0.948027	0.211479
0.948093	0.214822
0.948027	0.210306
0.948117	0.216866
0.948128	0.215413
0.948201	0.218781
0.948114	0.219537
0.948114	0.220089
0.948201	0.222353
0.948121	0.220449
0.948124	0.219546
0.948277	0.220719
0.948131	0.223155
0.948166	0.223651
0.948256	0.230068
0.948235	0.228646
0.948218	0.229043
0.94826	0.230575
0.948225	0.230813
0.94826	0.23031
0.948315	0.233532
0.948256	0.234023
0.948458	0.234734
0.948374	0.236687
0.948354	0.237455
0.948312	0.238222
0.948479	0.24036
0.948527	0.241405
0.94852	0.242998
0.948548	0.243991
0.948541	0.247613
0.948586	0.249265
0.948631	0.248739
0.948656	0.246738
0.948677	0.249598
0.948743	0.254169
0.948687	0.255463
0.948687	0.256196
0.948687	0.254725
0.948684	0.259626
0.948659	0.260327
0.94868	0.257806
0.948784	0.257308
0.94893	0.261876
0.948927	0.26626
0.948816	0.266042
0.948889	0.263092
0.948829	0.264945
0.948927	0.266051
0.948819	0.272878
0.948965	0.27493
0.948913	0.268929
0.94893	0.272726
0.94901	0.27475
0.948944	0.277191
0.949038	0.275845
0.949045	0.277603
0.949066	0.280919
0.949021	0.281449
0.949097	0.281825
0.949083	0.288869
0.949111	0.291675
0.949128	0.292053
0.949097	0.292146
0.9491	0.291413
0.949097	0.293795
0.949104	0.293428
0.949107	0.297832
0.949107	0.298286
0.949354	0.300015
0.949357	0.305633
0.94934	0.309046
0.949357	0.305127
0.949135	0.307963
0.949354	0.310078
0.949194	0.308214
0.949267	0.310606
0.949205	0.313453
0.949371	0.316311
0.949271	0.319399
0.949371	0.31801
0.949364	0.320678
0.949326	0.32178
0.949354	0.325432
0.949347	0.328342
0.949357	0.329737
0.949378	0.331961
0.949403	0.334956
0.949403	0.33441
0.94943	0.341474
0.949472	0.336079
0.94943	0.338131
0.949427	0.339392
0.94941	0.341914
0.949476	0.346832
0.949413	0.351479
0.949479	0.353196
0.949507	0.352871
0.949389	0.354619
0.949486	0.358258
0.9495	0.357375
0.949583	0.36076
0.949469	0.361811
0.949493	0.362871
0.949635	0.363349
0.949618	0.368087
0.94958	0.370128
0.949639	0.372802
0.949694	0.37025
0.949771	0.370637
0.94967	0.375835
0.949785	0.378584
0.949743	0.381797
0.949767	0.383992
0.94974	0.386247
0.949729	0.391047
0.949792	0.393659
0.949767	0.392297
0.949781	0.393156
0.949764	0.396524
0.949611	0.40004
0.94976	0.4036
0.94976	0.403406
0.949785	0.403737
0.949767	0.406633
0.949774	0.409237
0.949764	0.413626
0.949771	0.414994
0.949917	0.417962
0.949771	0.417175
0.949778	0.420835
0.949767	0.421568
0.949767	0.423666
0.949774	0.424515
0.949764	0.428516
0.949767	0.426554
0.949823	0.427522
0.949844	0.432351
0.949892	0.437046
0.949917	0.439256
0.949844	0.440641
0.949924	0.447539
0.949917	0.44713
0.949969	0.443371
0.949983	0.448315
0.950052	0.448243
0.949945	0.454835
0.950017	0.45635
0.950059	0.456307
0.949979	0.458528
0.950049	0.455487
0.950163	0.459749
0.950149	0.458479
0.950163	0.463421
0.950198	0.476014
0.950285	0.476338
0.950288	0.472274
0.950229	0.473315
0.950292	0.478775
0.950341	0.481556
0.95032	0.4874
0.950334	0.482002
0.950334	0.486789
0.95033	0.494846
0.950327	0.494788
0.950577	0.492843
0.950313	0.49591
0.950431	0.497329
0.950431	0.49962
0.950469	0.50714
0.950486	0.506494
0.950476	0.504304
0.950545	0.505293
0.950549	0.514174
0.95058	0.518153
0.950594	0.513803
0.950677	0.511257
0.950695	0.521852
0.950709	0.524391
0.950684	0.524644
0.950646	0.530312
0.95066	0.533771
0.950691	0.539755
0.950705	0.539102
0.950709	0.541014
0.950761	0.548368
0.950889	0.549427
0.950768	0.549702
0.95091	0.542479
0.950959	0.554831
0.950935	0.553104
0.950966	0.557782
0.95106	0.560479
0.950952	0.568001
0.951098	0.569293
0.950959	0.571777
0.950959	0.577116
0.951008	0.578374
0.951115	0.579285
0.951094	0.579098
0.951108	0.580506
0.951119	0.586245
0.951098	0.588573
0.951219	0.591885
0.951251	0.582836
0.951251	0.585162
0.951365	0.598125
0.9514	0.605424
0.951403	0.600942
0.951456	0.61091
0.951501	0.613847
0.951539	0.60913
0.951518	0.605382
0.951556	0.606829
0.951515	0.620699
0.951536	0.623617
0.951518	0.633309
0.951772	0.631353
0.951529	0.637807
0.95174	0.639111
0.951619	0.641749
0.951532	0.646395
0.951532	0.644377
0.951664	0.651086
0.951688	0.654446
0.95165	0.666237
0.951793	0.669663
0.951633	0.669236
0.951695	0.677531
0.951723	0.680149
0.951754	0.683052
0.951775	0.684429
0.951789	0.685393
0.951789	0.695136
0.951793	0.696367
0.951817	0.701624
0.951789	0.703712
0.951862	0.704538
0.951883	0.71389
0.951904	0.711819
0.951963	0.720103
0.951987	0.725992
0.952018	0.730771
0.952109	0.73417
0.952119	0.736854
0.952102	0.741171
0.952136	0.747542
0.952161	0.749362
0.952182	0.75237
0.952195	0.752997
0.952213	0.755071
0.952182	0.765883
0.952189	0.767498
0.952157	0.769644
0.952178	0.771889
0.952185	0.78373
0.952202	0.789426
0.952237	0.794619
0.952324	0.794392
0.952327	0.799083
0.952255	0.799692
0.952251	0.801927
0.952314	0.809689
0.952282	0.819367
0.952307	0.822629
0.952345	0.823605
0.952414	0.827999
0.952491	0.832357
0.952442	0.839942
0.952501	0.84193
0.952557	0.846047
0.952564	0.852974
0.952574	0.852974
0.952664	0.861528
0.952571	0.864478
0.952588	0.865857
0.952571	0.877156
0.952598	0.875416
0.95263	0.886538
0.952685	0.890019
0.952703	0.89471
0.952741	0.89761
0.952849	0.893663
0.952981	0.904749
0.952988	0.912503
0.952991	0.915142
0.953047	0.91868
0.953144	0.926547
0.953137	0.932872
0.953133	0.937393
0.953133	0.941893
0.953224	0.942799
0.953217	0.951904
0.953363	0.955675
0.953443	0.958788
0.953467	0.961597
0.953727	0.963974
0.953783	0.968842
0.95379	0.969344
0.953793	0.969295
0.954016	0.969464
0.954026	0.973717
0.954196	0.977339
0.954262	0.976957
0.954367	0.975025
0.954401	0.979716
0.954526	0.981372
0.954641	0.980551
0.954731	0.983699
0.954947	0.986197
0.955034	0.986862
0.955047	0.986536
0.95512	0.987145
0.955273	0.989536
0.955423	0.988433
0.955555	0.989388
0.955617	0.983423
0.955624	0.98561
0.955909	0.985985
0.956003	0.989161
0.956072	0.989713
0.956086	0.988539
0.956239	0.987761
0.956381	0.9874
0.956513	0.989006
0.956663	0.991524
0.956677	0.994814
0.956784	0.991779
0.956857	0.987944
0.957104	0.994163
0.957229	0.992961
0.957229	0.998239
0.957354	0.999739
0.957528	0.998323
0.957604	0.997998
0.95783	0.995798
0.957979	0.995005
0.958083	0.999512
0.95808	0.99098
0.958174	0.998217
0.958386	1.00033
0.958486	1.00149
0.958733	1.00156
0.958695	1.00122
0.958837	1.00146
0.9589	0.998217
0.95906	1.00333
0.959233	1.0013
0.959209	1.00301
0.959303	1.00153
0.959476	1.00096
0.959556	1.00229
0.959615	1.00155
0.95972	1.00316
0.959886	1.00262
0.960084	1.00127
0.96006	1.0055
0.960129	1.00618
0.960317	1.00671
0.960484	1.00674
0.960657	1.0093
0.960765	1.00833
0.960789	1.01068
0.960859	1.01188
0.961001	1.01029
0.961185	1.01151
0.961265	1.01115
0.961373	1.00996
0.961609	1.0109
0.961561	1.01042
0.961689	1.00966
0.961755	1.00051
0.961762	1.00829
0.962012	1.00811
0.962047	1.00983
0.962162	1.004
0.962307	1.0112
0.962471	1.00991
0.962686	1.00578
0.962617	1.00605
0.962801	1.00865
0.96295	1.00865
0.962985	1.00908
0.962992	1.01218
0.963124	1.00858
0.963256	1.01008
0.96335	0.999661
0.963461	1.01045
0.963405	1.01148
0.963669	1.01223
0.9637	1.01295
0.963825	1.00676
0.963857	1.00347
0.964023	1.01269
0.964208	1.01163
0.964142	1.00964
0.964239	1.01164
0.964444	1.01162
0.964555	1.01196
0.964604	1.01134
0.964781	1.01114
0.964882	1.00803
0.964889	1.00887
0.964941	1.01112
0.965027	1.01189
0.96517	1.00833
0.965298	1.01126
0.965403	1.01071
0.965371	1.01086
0.965423	1.01131
0.965701	1.01191
0.965747	1.01238
0.96576	1.00835
0.965927	1.01253
0.965983	1.01065
0.966115	1.01116
0.966149	1.01088
0.966261	1.01131
0.96625	1.00899
0.966441	1.00635
0.966587	1.01046
0.966677	1.01057
0.96666	1.00836
0.966653	1.01008
0.966882	1.01068
0.966938	1.00962
0.966994	1.01201
0.967066	1.01092
0.967091	0.996505
0.967324	1.00442
0.967452	1.00083
0.967469	1.00686
0.967473	1.00577
0.96756	1.0093
0.967744	1.01004
0.96789	1.00489
0.967824	1.00681
0.968032	1.00787
0.968185	1.00363
0.968237	1.00197
0.968307	1.0057
0.968307	1.00487
0.96831	1.00371
0.968571	1.00425
0.968581	1.00775
0.968762	1.00715
0.968883	1.00699
0.96896	1.00803
0.968967	1.00981
0.969123	1.00872
0.969126	1.00801
0.969255	1.00727
0.969429	0.998408
0.969512	1.00899
0.969526	1.00975
0.969641	1.00953
0.969786	1.00922
0.969905	1.00932
0.969943	1.00885
0.970123	1.0087
0.970193	1.00905
0.97021	1.00341
0.970287	1.00248
0.970405	1.00164
0.970519	1.00105
0.970606	1.00541
0.970613	1.00829
0.970693	0.996725
0.970898	1.00387
0.971013	1.00393
0.971093	1.0005
0.971155	1.00553
0.971402	1.00434
0.971325	1.00521
0.971478	1.00298
0.971513	1.00257
0.971551	1.00448
0.971812	1.00259
0.971784	1.00342
0.971989	1.00286
0.972034	1.00274
0.972145	1.0029
0.97235	1.0032
0.972374	1.00286
0.972312	1.00466
0.972527	1.00575
0.972642	1.00621
0.972746	1.00748
0.972812	1.00557
0.972982	1.00491
0.973038	1.0059
0.973208	1.0054
0.973156	1.00378
0.973274	1.00773
0.973486	1.00724
0.973448	1.00766
0.973597	1.0064
0.973621	1.00575
0.973726	1.0065
0.973875	1.00635
0.973969	1.00657
0.973997	1.00705
0.974024	1.00586
0.974254	1.00832
0.974274	1.00539
0.974413	1.00773
0.974413	1.00758
0.97467	1.00292
0.974674	1.00317
0.974729	1.00995
0.974806	1.01118
0.974976	1.00178
0.975139	1.00037
0.975188	1.01165
0.975376	1.00904
0.975212	1.01027
0.975216	1.00925
0.975567	1.00973
0.97557	1.00722
0.97574	1.01085
0.975862	1.0089
0.975876	1.01204
0.975935	0.998274
0.975984	1.00611
0.976102	1.01111
0.976254	1.0126
0.976268	1.01153
0.976348	1.01218
0.976331	1.01156
0.976411	1.01037
0.976671	1.01059
0.976605	1.00558
0.976744	1.0102
0.976814	1.01037
0.976835	1.01216
0.977085	1.01405
0.97689	1.01213
0.977088	1.00941
0.977196	1.00919
0.977192	1.00413
0.977359	1.00572
0.977491	1.00899
0.977495	1.00306
0.977522	1.00387
0.977661	1.01032
0.977658	1.01098
0.977658	1.00677
0.977804	1.00442
0.977967	1.00981
0.978036	1.01031
0.97805	1.0142
0.978036	1.00981
0.978033	1.00973
0.978189	1.00993
0.978314	1.00918
0.978373	1.00857
0.978422	1.00856
0.97846	1.00917
0.978464	1.01079
0.978512	1.00881
0.978696	1.00864
0.978707	1.0109
0.978721	1.00967
0.978822	1.01094
0.97887	1.00918
0.97903	1.01069
0.979075	1.01041
0.979172	1.01053
0.979228	1.00738
0.979245	1.00395
0.979238	1.00113
0.979495	1.00959
0.97928	1.00159
0.979388	1.00594
0.979537	1.00771
0.979586	1.00463
0.979666	1.00443
0.979805	1.00393
0.979666	1.00553
0.979919	1.00709
0.979832	1.00908
0.979926	1.00816
0.979985	1.00791
0.980051	0.997184
0.980065	1.0071
0.980218	1.00614
0.980298	1.00442
0.980339	1.00569
0.980308	1.00839
0.980343	1.00648
0.980447	1.0069
0.980458	1.00418
0.980517	1.00504
0.980663	1.00774
0.980645	1.01078
0.980798	1.00853
0.980829	1.00564
0.980722	1.00735
0.980878	1.00712
0.980868	1.00654
0.980913	1.0049
0.981013	1.00616
0.981083	1.00581
0.981166	1.00125
0.981215	1.00856
0.98127	1.00603
0.981465	1.00996
0.981489	1.00498
0.981462	1.00093
0.981534	1.007
0.981673	1.00696
0.981673	1.00168
0.981653	1.00535
0.981726	1.00606
0.981934	1.00426
0.981927	1.00486
0.982052	1.00524
0.981951	1.00476
0.982087	1.00557
0.982344	1.00495
0.982344	1.00198
0.982309	1.00772
0.982399	1.00388
0.982403	1.00353
0.982445	1.00768
0.98249	1.00917
0.982716	1.00487
0.982743	1.00628
0.982747	1.00599
0.982788	1.00594
0.982851	1.00514
0.982914	1.00669
0.983007	1.00863
0.983146	1.00272
0.983209	1.00537
0.983285	1.0079
0.983202	1.00296
0.983313	1.00625
0.983285	1.0064
0.983438	1.00626
0.983483	1.00611
0.983574	1.00741
0.983601	1.00403
0.983716	1.00947
0.983862	1.01063
0.98397	1.01035
0.983789	1.00675
0.983973	1.01128
0.984004	1.00444
0.984053	1.00767
0.984105	1.00912
0.984192	1.00776
0.984366	1.00856
0.984362	1.0079
0.984359	1.01021
0.984383	1.00935
0.984414	1.00747
0.984498	1.01054
0.98456	1.01003
0.984734	1.00873
0.984741	1.00847
0.984894	1.0083
0.984928	1.01328
0.984775	1.01128
0.985008	1.01085
0.984918	1.01158
0.985046	1.01173
0.985144	1.00831
0.985171	1.00974
0.985286	1.01274
0.985296	1.01339
0.985303	1.01188
0.985467	1.00969
0.985613	1.01136
0.985571	1.00875
0.985543	1.0121
0.985585	1.01086
0.985637	1.00714
0.985738	1.01121
0.985745	1.01088
0.985863	1.01092
0.98587	1.01185
0.98596	1.01187
0.986071	1.01323
0.986064	1.01375
0.986141	1.01353
0.986248	1.01334
0.986165	1.01388
0.986137	1.01078
0.986283	1.01238
0.986339	1.01282
0.986408	1.01627
0.986439	1.0135
0.986495	1.01346
0.98653	1.01095
0.986533	1.01153
0.986561	1.01054
0.986571	1.01137
0.986801	1.00957
0.986828	1.01183
0.986596	1.01152
0.986828	1.01195
0.986783	1.0124
0.986835	1.00993
0.986853	1.01139
0.986905	1.01196
0.986953	1.01235
0.986985	1.0138
0.98695	1.01099
0.987047	1.01131
0.987151	1.01114
0.987217	1.01302
0.98719	1.01462
0.987294	1.00948
0.987294	1.00988
0.987266	1.01195
0.987318	1.01288
0.987402	1.01216
0.987412	1.01129
0.987408	1.01271
0.987419	1.00318
0.987405	1.00691
0.987405	1.00255
0.987408	1.00891
0.987485	1.00845
0.987547	1.00935
0.987579	1.0026
0.987631	1.00902
0.987655	1.00928
0.987732	1.01261
0.987676	1.0114
0.987732	1.00913
0.987805	1.0116
0.987811	1.01412
0.987815	1.01111
0.987822	1.0105
0.987801	1.01227
0.987811	1.01307
0.987815	1.01294
0.988048	1.01421
0.987846	1.0131
0.988062	1.01353
0.988062	1.01203
0.988009	1.0108
0.988062	1.01236
0.988058	1.01199
0.988093	1.00881
0.988058	1.01054
0.988207	1.00985
0.988134	1.00805
0.988211	1.00734
0.988218	1.00807
0.988273	1.00724
0.988218	1.00807
0.988468	1.00672
0.988458	1.00557
0.988471	1.00529
0.988458	1.00543
0.988426	1.00914
0.988475	1.0039
0.988485	1.00381
0.988548	1.00574
0.988524	1.00425
0.988583	1.00631
0.988669	1.00614
0.988767	1.00729
0.988774	1.00507
0.988694	1.00924
0.988878	1.00748
0.988913	1.01058
0.988874	1.00855
0.988885	1.00976
0.988979	1.00854
0.98902	1.00763
0.989013	1.00949
0.988944	0.998203
0.988961	1.00489
0.989024	1.00505
0.989031	1.0003
0.989024	1.01135
0.989093	1.01136
0.989177	1.00896
0.989267	1.00994
0.989281	1.0087
0.98934	1.00923
0.989375	1.00158
0.98942	1.00281
0.98943	1.0099
0.98943	1.00432
0.989427	1.00138
0.989451	1.00963
0.98968	1.01157
0.989475	1.01254
0.989694	1.01192
0.989684	1.01169
0.989691	1.01115
0.989701	1.00927
0.989778	1.01375
0.989823	1.01122
0.98985	1.0122
0.989941	1.01066
0.989934	1.01196
0.989937	1.01155
0.990007	0.999696
0.990087	1.01024
0.99008	1.01368
0.99009	1.01503
0.990212	1.0146
0.99009	1.01525
0.99025	1.01516
0.990153	1.01473
0.990229	1.01472
0.990246	1.01253
0.990271	1.01346
0.990413	1.01287
0.99042	1.01254
0.990483	1.01189
0.990517	1.01495
0.990507	1.01658
0.990531	1.01456
0.990576	1.01508
0.990629	1.01667
0.990615	1.01674
0.99067	1.01431
0.990684	1.01828
0.990785	1.01458
0.990743	1.01903
0.990639	1.01963
0.990636	1.01828
0.990903	1.01564
0.990691	1.01559
0.990893	1.01825
0.9909	1.01365
0.99092	1.01599
0.990917	1.01652
0.990823	1.0166
0.990889	1.01603
0.990945	1.01554
0.99092	1.0197
0.990997	1.01882
0.990997	1.01678
0.990973	1.01767
0.99099	1.0175
0.991011	1.01822
0.991028	1.01782
0.991045	1.01554
0.991091	1.02012
0.991101	1.01707
0.991198	1.01968
0.99125	1.02049
0.991212	1.01833
0.991309	1.01922
0.991309	1.01934
0.991299	1.01692
0.991299	1.01932
0.991313	1.02152
0.991302	1.02168
0.991299	1.01733
0.991313	1.01858
0.991327	1.01601
0.991348	1.01863
0.991334	1.02033
0.991362	1.01846
0.991351	1.01896
0.991365	1.02211
0.991306	1.02098
0.991355	1.02067
0.991351	1.02045
0.991417	1.01963
0.991417	1.01844
0.991424	1.01967
0.991473	1.01918
0.991466	1.01965
0.991501	1.01901
0.991462	1.01704
0.991462	1.01789
0.991494	1.02121
0.991535	1.02059
0.991452	1.01774
0.991577	1.019
0.991584	1.0187
0.991591	1.01864
0.991737	1.01833
0.991723	1.02098
0.991678	1.02057
0.993085	1.02731
0.993064	1.02384
0.992939	1.02346
0.992866	1.02302
0.992939	1.02062
0.992855	1.02159
0.992852	1.0205
0.992772	1.02258
0.992772	1.02212
0.992682	1.02278
0.992661	1.02125
0.992689	1.02417
0.992706	1.02457
0.992584	1.02213
0.992626	1.02363
0.992557	1.02623
0.992553	1.02062
0.992581	1.02357
0.992584	1.02517
0.992539	1.01975
0.992477	1.02524
0.992543	1.02147
0.992557	1.01806
0.992543	1.01661
0.99256	1.01886
0.992546	1.02193
0.992557	1.02109
0.992563	1.01877
0.992536	1.021
0.992491	1.02055
0.992584	1.01783
0.992445	1.01813
0.992529	1.01695
0.992539	1.01315
0.992539	1.01607
0.992449	1.01557
0.992539	1.01457
0.992532	1.01664
0.992539	1.01364
0.992543	1.01776
0.992675	1.01685
0.992543	1.01296
0.992529	1.01823
0.992543	1.01908
0.992445	1.01788
0.992546	1.01479
0.99247	1.01477
0.992372	1.01421
0.99255	1.01554
0.992355	1.01559
0.992522	1.01495
0.992487	1.0162
0.992442	1.01553
0.992491	1.01663
0.992532	1.01697
0.992407	1.01698
0.992539	1.01795
0.992536	1.01844
0.992543	1.01733
0.992431	1.0179
0.992557	1.019
0.99255	1.02045
0.992379	1.02002
0.992404	1.02035
0.992411	1.01967
0.992522	1.017
0.992557	1.01782
0.992546	1.01672
0.992536	1.01803
0.992508	1.01876
0.992543	1.01797
0.99255	1.01663
0.992473	1.01441
0.992557	1.01813
0.992546	1.01963
0.992491	1.01948
0.992532	1.02124
0.992557	1.02246
0.992546	1.02128
0.992525	1.02248
0.992536	1.02235
0.992508	1.0234
0.99257	1.02223
0.992546	1.02228
0.99255	1.01707
0.992574	1.02092
0.992532	1.019
0.992574	1.02252
0.992487	1.02265
0.992543	1.01711
0.992567	1.02014
0.992543	1.02186
0.992543	1.02444
0.99248	1.02538
0.992553	1.02678
0.992557	1.02798
0.992532	1.02624
0.992529	1.0251
0.992532	1.02401
0.992543	1.02487
0.992557	1.02552
0.992543	1.0266
0.992421	1.02401
0.992518	1.02355
0.992456	1.01997
0.992536	1.02333
0.992529	1.02477
0.992303	1.02427
0.992543	1.02207
0.992431	1.02205
0.992365	1.02449
0.992536	1.02485
0.992539	1.02287
0.992372	1.02124
0.992522	1.02274
0.992362	1.02202
0.992306	1.01528
0.992543	1.02189
0.992536	1.02216
0.992279	1.01176
0.992477	1.01425
0.992268	1.02197
0.992265	1.01219
0.992438	1.02161
0.992522	1.02109
0.992289	1.02228
0.992206	1.01934
0.992286	1.02043
0.992352	1.02084
0.992282	1.02114
0.992289	1.02147
0.992477	1.02228
0.992383	1.02016
0.992289	1.01983
0.992279	1.02032
0.992393	1.01716
0.99231	1.01842
0.992272	1.01634
0.992279	1.01797
0.992275	1.01732
0.992272	1.01624
0.992272	1.01599
0.992279	1.02092
0.992237	1.01771
0.99223	1.01881
0.99222	1.01703
0.992206	1.0158
0.992251	1.02069
0.992206	1.01821
0.992157	1.01698
0.992181	1.01762
0.992167	1.01868
0.992178	1.01808
0.992133	1.01668
0.992112	1.01578
0.992136	1.01907
0.992147	1.01756
0.991976	1.01793
0.992032	1.02123
0.992122	1.01769
0.992053	1.01829
0.99206	1.0166
0.991942	1.01717
0.992056	1.01284
0.992001	1.00851
0.991959	1.01436
0.991893	1.01739
0.991917	1.0183
0.99191	1.01496
0.991963	1.01011
0.991883	1.01442
0.991945	1.0164
0.991865	1.01638
0.991851	1.0191
0.99181	1.01734
0.991855	1.0184
0.991848	1.01629
0.991844	1.01565
0.991921	1.01623
0.991858	1.01753
0.991903	1.01493
0.991952	1.01349
0.991865	1.01319
0.991893	1.01503
0.991879	1.01252
0.991942	1.01461
0.991872	1.01667
0.991855	1.01644
0.991869	1.01441
0.991886	1.01382
0.991813	1.0132
0.991897	1.01225
0.991865	1.01257
0.991813	1.01009
0.991858	1.00865
0.991858	1.01218
0.991858	1.0093
0.991883	1.01075
0.991806	1.01343
0.991813	1.0117
0.991883	1.01141
0.991869	1.01206
0.990632	1.00822
0.990764	1.01262
0.990792	1.01219
0.990896	1.0126
0.990886	1.01398
0.990886	1.01154
0.990986	1.01166
0.990983	1.0122
0.991004	1.01286
0.991042	1.01319
0.99115	1.01133
0.991087	1.0123
0.991091	1.01242
0.991226	1.01339
0.991209	1.01379
0.991174	1.01636
0.991316	1.01576
0.991309	1.01271
0.991205	1.01593
0.991309	1.01413
0.991316	1.01417
0.991309	1.01405
0.991358	1.01284
0.991386	1.0126
0.991438	1.01508
0.991462	1.01472
0.991487	1.01588
0.991487	1.01597
0.991546	1.01472
0.99166	1.01508
0.991626	1.01613
0.991712	1.0184
0.991817	1.01673
0.991782	1.0167
0.991834	1.01581
0.991709	1.0157
0.991726	1.01868
0.991862	1.01723
0.991744	1.01799
0.991862	1.01774
0.991768	1.01408
0.991869	1.01594
0.991862	1.02219
0.991862	1.01489
0.991851	1.01974
0.991876	1.02034
0.991865	1.02369
0.991858	1.02259
0.991883	1.02142
0.991851	1.02212
0.991973	1.02304
0.992029	1.02331
0.991942	1.02352
0.992136	1.02202
0.992032	1.00933
0.992119	1.01979
0.992147	1.01936
0.992178	1.01714
0.992161	1.02069
0.992161	1.01395
0.992233	1.02036
0.992188	1.01419
0.992202	1.01664
0.992251	1.01921
0.992202	1.01955
0.992268	1.01851
0.992206	1.01883
0.992223	1.01452
0.992282	1.02053
0.992338	1.02026
0.992293	1.02022
0.992352	1.01961
0.992383	1.01914
0.992275	1.02002
0.992296	1.01664
0.992425	1.01944
0.992379	1.01949
0.992195	1.01573
0.992275	1.02105
0.992511	1.02039
0.992431	1.02244
0.992539	1.02102
0.992306	1.0229
0.992539	1.02067
0.992525	1.02067
0.992543	1.01864
0.992459	1.02241
0.992515	1.02332
0.992539	1.02071
0.992536	1.0241
0.99255	1.02401
0.992536	1.02431
0.992449	1.02634
0.992449	1.02563
0.992529	1.02491
0.992581	1.02475
0.992567	1.02549
0.992546	1.027
0.992574	1.02474
0.992574	1.02462
0.992567	1.02595
0.992598	1.02578
0.992557	1.02747
0.992567	1.02646
0.992598	1.02802
0.992664	1.02679
0.99265	1.02691
0.992647	1.02669
0.992643	1.02773
0.992626	1.02792
0.992675	1.0253
0.992682	1.02518
0.992682	1.02686
0.992765	1.02638
0.992727	1.02568
0.992727	1.02828
0.992817	1.02594
0.992709	1.02883
0.992734	1.02533
0.99281	1.02449
0.992789	1.0247
0.992824	1.0258
0.992807	1.02447
0.992827	1.02369
0.992841	1.02328
0.992893	1.0228
0.992918	1.0234
0.992939	1.02032
0.992953	1.0214
0.992953	1.02012
0.992949	1.0183
0.992956	1.02111
0.992994	1.01778
0.992942	1.01942
0.992741	1.01817
0.993085	1.0178
0.992939	1.02138
0.993025	1.01735
0.992946	1.02045
0.992949	1.02099
0.99306	1.0214
0.99298	1.02331
0.992984	1.02275
0.993088	1.0213
0.993053	1.01634
0.993043	1.01469
0.993071	1.01808
0.993032	1.01889
0.993064	1.01252
0.993112	1.0185
0.993078	1.02154
0.993091	1.01123
0.993171	1.01945
0.993196	1.02083
0.993164	1.02139
0.993196	1.02213
0.993293	1.02527
0.993338	1.02587
0.993321	1.02426
0.993244	1.02327
0.993331	1.02336
0.993394	1.02335
0.993349	1.02345
0.993397	1.01579
0.993432	1.02197
0.993404	1.02335
0.993411	1.02157
0.993446	1.02427
0.993477	1.0264
0.993467	1.02966
0.993467	1.02977
0.993574	1.02807
0.993498	1.02938
0.993508	1.0287
0.993477	1.02605
0.993446	1.02695
0.993307	1.02766
0.993178	1.02982
0.993095	1.02954
0.993001	1.02729
0.993008	1.02841
0.993085	1.02493
0.993036	1.02368
0.993095	1.0238
0.993088	1.0242
0.993105	1.02585
0.993272	1.02441
0.993223	1.0272
0.993283	1.02798
0.993425	1.02633
0.993449	1.02598
0.993498	1.02639
0.993519	1.02904
0.993505	1.03115
0.993748	1.0306
0.993588	1.028
0.993665	1.03216
0.993581	1.03191
0.993758	1.02952
0.993783	1.03001
0.9938	1.03006
0.993873	1.03411
0.993849	1.02825
0.993856	1.02805
0.993866	1.02991
0.993904	1.03045
0.993908	1.02999
0.993897	1.03175
0.993901	1.03229
0.993915	1.03066
0.994009	1.02922
0.994022	1.03235
0.993929	1.03347
0.993949	1.03239
0.993956	1.03267
0.993915	1.03063
0.993988	1.03291
0.993988	1.03455
0.994085	1.03425
0.994144	1.03319
0.994071	1.03233
0.994068	1.03168
0.994127	1.032
0.994019	1.03467
0.99413	1.03543
0.994175	1.03339
0.994068	1.03662
0.99405	1.0355
0.994165	1.03618
0.994127	1.03487
0.994158	1.0365
0.994168	1.03514
0.994064	1.03896
0.993911	1.02657
0.994168	1.03359
0.994193	1.03651
0.994286	1.03714
0.994154	1.0374
0.994172	1.03798
0.994179	1.03764
0.994168	1.03867
0.994168	1.0368
0.994161	1.03533
0.994172	1.03829
0.994175	1.03243
0.994245	1.03396
0.994248	1.03401
0.994158	1.03458
0.994168	1.03547
0.994172	1.03338
0.994179	1.03435
0.994279	1.03465
0.994186	1.03541
0.994179	1.0362
0.994231	1.03507
0.994293	1.03231
0.994266	1.03309
0.994172	1.03529
0.994158	1.03489
0.994266	1.036
0.994311	1.03682
0.994325	1.02874
0.994321	1.03551
0.994179	1.0363
0.994286	1.03308
0.994182	1.03368
0.994325	1.03379
0.994179	1.03767
0.994189	1.03552
0.994179	1.03956
0.994335	1.0284
0.994182	1.03054
0.994186	1.03642
0.994339	1.03472
0.99422	1.03448
0.994179	1.03529
0.994339	1.03476
0.994213	1.03315
0.994325	1.03439
0.994245	1.0341
0.994339	1.03765
0.994241	1.03484
0.9942	1.02968
0.994283	1.03059
0.994241	1.02876
0.994352	1.03094
0.994335	1.03048
0.994332	1.03073
0.994321	1.02979
0.994321	1.03
0.994328	1.03163
0.994366	1.02609
0.994422	1.03085
0.994387	1.02949
0.994408	1.03047
0.994411	1.03044
0.99454	1.02931
0.994578	1.03004
0.994446	1.02859
0.994575	1.02909
0.994585	1.0271
0.99462	1.03158
0.994578	1.02793
0.994575	1.02937
0.994585	1.03165
0.994582	1.03369
0.994637	1.032
0.994585	1.03023
0.994589	1.03368
0.994616	1.03307
0.994599	1.03509
0.994644	1.03355
0.99462	1.03451
0.994696	1.03155
0.99463	1.03008
0.994682	1.03495
0.994724	1.03336
0.994669	1.03402
0.994728	1.03567
0.994724	1.03721
0.994724	1.03492
0.994721	1.03659
0.994745	1.03508
0.994741	1.03639
0.994714	1.0338
0.994724	1.03559
0.994738	1.03823
0.994735	1.03503
0.994724	1.03652
0.994735	1.03836
0.994821	1.03686
0.99487	1.03732
0.994828	1.04113
0.994818	1.03995
0.994891	1.04283
0.994804	1.042
0.994759	1.04084
0.99487	1.04052
0.994905	1.04182
0.994828	1.041
0.994842	1.03985
0.994943	1.03755
0.994985	1.0369
0.994992	1.0384
0.994992	1.03646
0.994978	1.03847
0.994992	1.03618
0.994999	1.04004
0.995068	1.03759
0.995047	1.04172
0.994978	1.04065
0.994974	1.03944
0.994999	1.03886
0.995033	1.04065
0.994971	1.03959
0.994957	1.0414
0.995009	1.04297
0.995033	1.04366
0.994946	1.04176
0.995065	1.04156
0.995026	1.03942
0.995089	1.04266
0.995058	1.03874
0.99503	1.04609
0.995071	1.04672
0.995092	1.04529
0.995071	1.04504
0.995019	1.04365
0.995058	1.04342
0.99511	1.04463
0.995117	1.04452
0.995051	1.04308
0.995124	1.04435
0.99504	1.04378
0.995124	1.04489
0.995099	1.04489
0.995134	1.04407
0.995103	1.04625
0.995141	1.04561
0.99511	1.04521
0.995106	1.04511
0.995089	1.04569
0.995099	1.04545
0.995193	1.04316
0.995155	1.04551
0.995103	1.04658
0.995113	1.04462
0.995134	1.04585
0.995134	1.04626
0.995134	1.04642
0.995144	1.04754
0.995131	1.04339
0.995137	1.04491
0.995266	1.04392
0.995141	1.04649
0.995134	1.04569
0.995134	1.04643
0.995349	1.04723
0.995137	1.03538
0.995127	1.04666
0.995131	1.04732
0.995134	1.0471
0.995322	1.04467
0.995322	1.04295
0.995144	1.04376
0.995144	1.04456
0.995131	1.04437
0.995217	1.04471
0.995127	1.04599
0.99528	1.04547
0.995176	1.04977
0.995137	1.04549
0.995127	1.04767
0.995131	1.04728
0.995231	1.04742
0.995242	1.04578
0.995134	1.04582
0.995131	1.04948
0.995197	1.04794
0.995228	1.04812
0.995127	1.04745
0.995113	1.04554
0.995263	1.04619
0.995256	1.04608
0.995127	1.0455
0.995131	1.04539
0.995127	1.04411
0.995134	1.04515
0.995134	1.04526
0.995134	1.0463
0.995346	1.0473
0.995141	1.04676
0.995377	1.04722
0.995124	1.0474
0.995339	1.05015
0.995395	1.04833
0.995242	1.04982
0.995214	1.04849
0.995197	1.04658
0.995381	1.04854
0.995391	1.0472
0.995193	1.0448
0.995127	1.04799
0.995391	1.04652
0.995183	1.04074
0.995287	1.04273
0.995388	1.0463
0.995391	1.04428
0.995415	1.04488
0.995405	1.04186
0.995398	1.04443
0.995426	1.04669
0.995395	1.04133
0.995433	1.0457
0.995464	1.04384
0.995481	1.0415
0.995499	1.04486
0.995443	1.04433
0.995461	1.04474
0.995509	1.04256
0.99553	1.04388
0.995606	1.04386
0.99554	1.04537
0.995603	1.04571
0.995617	1.04348
0.995707	1.04512
0.995645	1.04651
0.995624	1.04318
0.995683	1.04502
0.995665	1.04646
0.995704	1.04681
0.995763	1.04969
0.995791	1.04878
0.995818	1.0469
0.995818	1.04955
0.995822	1.05104
0.995815	1.04636
0.995839	1.04775
0.995811	1.04673
0.99586	1.04577
0.995794	1.0464
0.995822	1.0393
0.995808	1.04626
0.995797	1.04746
0.995801	1.05088
0.995832	1.04606
0.995818	1.04954
0.995867	1.04378
0.995863	1.04684
0.995947	1.04273
0.995811	1.04822
0.995933	1.04933
0.995884	1.05263
0.995898	1.04699
0.995853	1.05425
0.995895	1.05262
0.995818	1.05335
0.995815	1.0539
0.995804	1.0547
0.995801	1.05215
0.995905	1.05509
0.995947	1.05539
0.995933	1.05362
0.995815	1.05506
0.995957	1.0539
0.995797	1.05466
0.995877	1.057
0.995808	1.05584
0.995957	1.05619
0.995975	1.05642
0.99595	1.05584
0.995808	1.05632
0.995836	1.05599
0.995947	1.05529
0.995954	1.05047
0.99595	1.0506
0.995954	1.0578
0.995954	1.05954
0.995794	1.0581
0.99595	1.05222
0.995968	1.05564
0.995843	1.0554
0.99585	1.05753
0.995843	1.05727
0.995846	1.05557
0.99594	1.05761
0.995853	1.05393
0.995822	1.05838
0.995964	1.05831
0.995794	1.0572
0.99595	1.05828
0.995957	1.0591
0.995825	1.05011
0.995968	1.05629
0.995822	1.05723
0.99586	1.05661
0.995853	1.05569
0.995971	1.05265
0.995863	1.05487
0.995957	1.0578
0.995829	1.05578
0.995964	1.05744
0.995846	1.05675
0.995836	1.0581
0.995975	1.05831
0.995867	1.05774
0.995968	1.05996
0.995822	1.05708
0.995843	1.06003
0.995818	1.0542
0.995975	1.05654
0.995982	1.0557
0.995829	1.05591
0.995843	1.05569
0.995985	1.05508
0.995971	1.05486
0.995964	1.05469
0.995943	1.05621
0.995895	1.0556
0.995975	1.05437
0.995947	1.0564
0.995975	1.056
0.995961	1.0571
0.995929	1.05597
0.99594	1.06004
0.995909	1.05473
0.995971	1.06007
0.995978	1.05719
0.995909	1.05318
0.995978	1.05698
0.995888	1.05469
0.995947	1.05577
0.99587	1.05685
0.995933	1.05376
0.995957	1.05831
0.995961	1.05901
0.995957	1.05661
0.995968	1.05062
0.995975	1.05724
0.996006	1.05855
0.995961	1.05577
0.995968	1.05299
0.995957	1.05289
0.996041	1.05076
0.996037	1.05505
0.996044	1.05803
0.996159	1.05392
0.99611	1.05075
0.996027	1.05178
0.996159	1.05141
0.995999	1.05252
0.996228	1.05144
0.996023	1.05117
0.996124	1.05359
0.996176	1.05614
0.996225	1.05514
0.99618	1.05316
0.996197	1.05788
0.996093	1.0535
0.996284	1.05319
0.996249	1.05286
0.996228	1.05232
0.996214	1.05338
0.996232	1.0565
0.996232	1.05509
0.996256	1.05432
0.996249	1.05379
0.996329	1.05319
0.99628	1.05533
0.996339	1.05437
0.996298	1.05364
0.996315	1.05286
0.996364	1.05426
0.996322	1.05463
0.996287	1.05652
0.996364	1.05646
0.996346	1.0579
0.996332	1.05555
0.996385	1.05729
0.99636	1.05804
0.996371	1.05758
0.996381	1.0614
0.996378	1.06055
0.996385	1.06085
0.99636	1.0593
0.99635	1.05526
0.996378	1.06123
0.996527	1.05641
0.996374	1.06261
0.996381	1.04989
0.996371	1.06325
0.996378	1.06315
0.996388	1.06311
0.996371	1.05786
0.996378	1.06094
0.996402	1.06024
0.996631	1.06185
0.996485	1.0609
0.996621	1.05686
0.996631	1.0588
0.996385	1.06426
0.996405	1.05871
0.996624	1.0622
0.996711	1.06246
0.996645	1.06262
0.996471	1.05945
0.996395	1.06348
0.996638	1.06233
0.996642	1.06519
0.996503	1.06486
0.996645	1.06019
0.996569	1.06636
0.996475	1.06663
0.996631	1.06523
0.996482	1.06578
0.996464	1.06964
0.996544	1.06386
0.996544	1.06484
0.996464	1.06508
0.996638	1.06577
0.996412	1.06625
0.996631	1.06572
0.996388	1.06727
0.996645	1.06331
0.996409	1.06258
0.99652	1.06775
0.996454	1.06397
0.996589	1.06539
0.996444	1.06408
0.996409	1.06864
0.996475	1.06833
0.996454	1.06411
0.996635	1.06436
0.996638	1.06567
0.996621	1.05939
0.996412	1.0638
0.996649	1.06647
0.99652	1.0645
0.996628	1.06293
0.996624	1.06375
0.996631	1.06477
0.996624	1.06418
0.996395	1.06373
0.996534	1.06559
0.996583	1.06493
0.996638	1.0629
0.996482	1.05958
0.996645	1.06622
0.996642	1.06787
0.996645	1.06349
0.996638	1.06815
0.996489	1.06414
0.996537	1.06012
0.996589	1.06709
0.996635	1.06544
0.996485	1.06848
0.996607	1.06941
0.99651	1.0714
0.996565	1.06882
0.996513	1.07074
0.996603	1.06013
0.996583	1.0659
0.996572	1.06322
0.996631	1.06994
0.996603	1.06586
0.996534	1.07099
0.996642	1.06649
0.996576	1.07277
0.996572	1.07028
0.996649	1.07384
0.996569	1.07072
0.996506	1.06901
0.996489	1.06987
0.996503	1.07081
0.996638	1.07175
0.996402	1.0683
0.996423	1.06708
0.996475	1.06388
0.996635	1.06817
0.99652	1.07031
0.997541	1.07752
0.997229	1.07169
0.997145	1.07086
0.997152	1.07217
0.997142	1.07294
0.997135	1.07101
0.997177	1.07214
0.997211	1.07064
0.997229	1.06496
0.997222	1.06675
0.997222	1.06943
0.997114	1.06956
0.997211	1.07097
0.997183	1.07033
0.997069	1.06917
0.997045	1.06788
0.997038	1.06584
0.997086	1.06489
0.997215	1.0578
0.997038	1.06612
0.997051	1.0686
0.997156	1.07044
0.997038	1.06914
0.997041	1.06721
0.997187	1.06704
0.997045	1.06767
0.99718	1.06803
0.997048	1.0676
0.997145	1.0666
0.997038	1.06563
0.997041	1.06486
0.997069	1.06742
0.997048	1.06878
0.997055	1.0678
0.997114	1.06873
0.997086	1.06871
0.997048	1.06843
0.997041	1.06698
0.997065	1.06841
0.99702	1.06915
0.997041	1.06959
0.997072	1.06708
0.997079	1.07014
0.997038	1.06623
0.997079	1.07072
0.997038	1.06993
0.997041	1.06581
0.997138	1.06581
0.997131	1.06854
0.997041	1.06627
0.997024	1.06811
0.997159	1.06851
0.997072	1.06351
0.997142	1.06875
0.997038	1.06765
0.997086	1.06896
0.996871	1.06483
0.997031	1.06652
0.997104	1.06702
0.99702	1.06873
0.997027	1.06175
0.997138	1.07132
0.997117	1.07382
0.997041	1.07158
0.997051	1.06316
0.997045	1.06935
0.997038	1.07286
0.996926	1.07476
0.996996	1.07337
0.996805	1.07334
0.996968	1.07219
0.996989	1.07574
0.996895	1.07212
0.996871	1.07191
0.996864	1.07103
0.996781	1.06802
0.996867	1.06756
0.996784	1.0724
0.996784	1.07401
0.996798	1.07091
0.996774	1.06737
0.996819	1.07254
0.996819	1.07452
0.996881	1.07594
0.996774	1.07675
0.996784	1.07521
0.996753	1.07294
0.996833	1.07474
0.996871	1.07002
0.996774	1.07364
0.996774	1.07576
0.996781	1.07236
0.996704	1.0764
0.996711	1.07423
0.996694	1.07523
0.996725	1.07532
0.996725	1.07591
0.996649	1.07397
0.996711	1.07347
0.996638	1.07612
0.996621	1.07839
0.996638	1.07694
0.996631	1.06494
0.996576	1.07604
0.996621	1.07882
0.996558	1.06654
0.996655	1.07475
0.996506	1.07028
0.996638	1.07793
0.996624	1.0742
0.996621	1.07669
0.996534	1.07564
0.996576	1.07877
0.996548	1.07522
0.996652	1.07352
0.996569	1.07487
0.996649	1.07808
0.996624	1.077
0.996416	1.07594
0.996638	1.08175
0.996624	1.07806
0.996628	1.07548
0.996367	1.07708
0.996385	1.07574
0.996385	1.07874
0.996635	1.0794
0.996388	1.07764
0.996385	1.07824
0.996614	1.07458
0.996385	1.07451
0.996381	1.07517
0.996381	1.07709
0.996378	1.07193
0.996388	1.07951
0.996398	1.07773
0.996534	1.08074
0.99644	1.07967
0.996385	1.07905
0.996378	1.07623
0.996218	1.07657
0.996374	1.07713
0.996378	1.07952
0.996381	1.07882
0.996374	1.07877
