-0.0102906	0.753636
-0.0102235	0.76448
-0.010174	0.751039
-0.0100116	0.764369
-0.00965137	0.769602
-0.00899454	0.770198
-0.0083165	0.761911
-0.00753605	0.761942
-0.00694985	0.765957
-0.00605286	0.753433
-0.005449	0.764958
-0.0048875	0.768346
-0.00418124	0.752686
-0.00352086	0.752218
-0.00258503	0.74816
-0.00201649	0.753002
-0.00146196	0.753671
-0.000826304	0.763841
-0.000102352	0.770714
0.000512094	0.76099
0.0012078	0.765747
0.00171984	0.761475
0.00215421	0.764715
0.00314653	0.772008
0.00371155	0.762781
0.00443551	0.770217
0.00497932	0.7716
0.00553023	0.768704
0.00611643	0.771718
0.006685	0.765877
0.00732418	0.765554
0.00794569	0.761989
0.00860256	0.756468
0.00917817	0.743683
0.00984559	0.750571
0.0104353	0.762206
0.0111416	0.763278
0.011802	0.767039
0.0124376	0.776259
0.0130274	0.772932
0.0136383	0.770882
0.0143446	0.772967
0.0147437	0.769619
0.0154535	0.746603
0.0162233	0.756699
0.0167036	0.74799
0.0173675	0.752107
0.0181303	0.760361
0.0185328	0.748426
0.0192638	0.754032
0.0197936	0.756044
0.0204045	0.754948
0.0210896	0.7625
0.0215981	0.761247
0.0220642	0.749762
0.022714	0.7625
0.0235722	0.754461
0.0240948	0.759216
0.0248117	0.763075
0.0253449	0.768612
0.0260653	0.772441
0.0266162	0.769965
0.0273225	0.768172
0.0278911	0.764432
0.0282583	0.764237
0.0290282	0.763803
0.0295085	0.762653
0.0302006	0.763052
0.0308151	0.757182
0.0315249	0.759934
0.0323371	0.753881
0.0325384	0.75685
0.0332447	0.759958
0.0337391	0.763063
0.0344206	0.756372
0.035194	0.760424
0.0357132	0.758313
0.0362252	0.761447
0.0369598	0.757484
0.0376731	0.76099
0.0382099	0.76111
0.0388526	0.770969
0.0393787	0.76534
0.0401062	0.760429
0.0407525	0.77504
0.0413175	0.772437
0.0418825	0.75701
0.0426806	0.76369
0.043009	0.759494
0.0436765	0.764145
0.0443333	0.762194
0.0448595	0.761195
0.0454351	0.760476
0.0461026	0.765373
0.046551	0.767211
0.0474974	0.772566
0.0478647	0.762079
0.0484933	0.763544
0.0490513	0.747399
0.0496975	0.760929
0.0503084	0.746284
0.0509194	0.752571
0.0513396	0.761643
0.0521483	0.747218
0.0526356	0.75906
0.053402	0.758158
0.0539387	0.768766
0.0546167	0.760142
0.0551994	0.760962
0.0558563	0.756902
0.056439	0.74345
0.0568168	0.760688
0.0576855	0.75824
0.0581305	0.772331
0.0587732	0.766077
0.059317	0.773702
0.0600233	0.775538
0.0605848	0.773728
0.0610827	0.770403
0.0617113	0.765123
0.0623082	0.759564
0.0629932	0.772811
0.0635159	0.767357
0.0641939	0.767604
0.0647695	0.758532
0.0654829	0.756449
0.0660091	0.768808
0.0666341	0.759491
0.0672381	0.765618
0.0679691	0.76407
0.0685377	0.753895
0.0690603	0.755886
0.0697984	0.754065
0.0702998	0.764275
0.071052	0.758033
0.07161	0.753417
0.0722245	0.750349
0.0725458	0.750184
0.0733545	0.753982
0.0737853	0.750889
0.0745587	0.768615
0.0751414	0.762185
0.0758053	0.757236
0.076388	0.764414
0.0770589	0.752253
0.0774898	0.766869
0.0780654	0.752142
0.0788388	0.767043
0.079312	0.762404
0.07999	0.75091
0.0806469	0.74821
0.0810035	0.763063
0.081678	0.747354
0.0822854	0.751826
0.0829423	0.750363
0.083585	0.748537
0.0841924	0.742849
0.0846868	0.748492
0.0854319	0.747684
0.085951	0.750632
0.0867703	0.752281
0.0873953	0.748869
0.0878439	0.748377
0.0883453	0.745325
0.0888962	0.76
0.0896413	0.761016
0.0902028	0.76086
0.0909656	0.765186
0.091234	0.754529
0.0918131	0.755997
0.0925653	0.760335
0.092982	0.752149
0.0937978	0.740432
0.0944688	0.744701
0.0950161	0.76136
0.0956765	0.773268
0.0962203	0.776039
0.0967642	0.776268
0.0974387	0.777105
0.0980072	0.772152
0.0986641	0.767969
0.099169	0.773337
0.0995999	0.767743
0.100165	0.773688
0.100878	0.765222
0.101397	0.758796
0.101973	0.764425
0.102732	0.762135
0.103227	0.770224
0.103742	0.771426
0.104431	0.769809
0.104971	0.768992
0.105653	0.767932
0.106147	0.762222
0.106719	0.763466
0.107351	0.762394
0.107902	0.762661
0.108746	0.767729
0.109308	0.761991
0.109816	0.773742
0.110364	0.778657
0.111013	0.774817
0.111571	0.775229
0.112038	0.776379
0.112719	0.769774
0.113379	0.768584
0.113944	0.77702
0.114527	0.774421
0.115113	0.765618
0.115618	0.766292
0.116416	0.762719
0.116921	0.748155
0.117561	0.751442
0.118108	0.753085
0.118698	0.771054
0.11933	0.767668
0.119895	0.752331
0.12058	0.753233
0.121053	0.753231
0.121809	0.751756
0.122381	0.765156
0.122773	0.772769
0.12331	0.771489
0.124178	0.770952
0.124765	0.766242
0.125227	0.756247
0.125895	0.759767
0.126463	0.757621
0.127028	0.753933
0.127664	0.768217
0.128208	0.757215
0.128628	0.75464
0.129225	0.761044
0.129977	0.767463
0.130616	0.757182
0.131033	0.767496
0.131863	0.75472
0.132421	0.770358
0.133106	0.766419
0.133431	0.767394
0.134211	0.757121
0.134879	0.767126
0.135423	0.747576
0.135825	0.749487
0.136609	0.755905
0.137248	0.758438
0.137824	0.769941
0.138371	0.767847
0.138922	0.755106
0.139508	0.767811
0.140172	0.770382
0.140706	0.771508
0.141412	0.763579
0.141737	0.772003
0.142397	0.760043
0.142895	0.771855
0.143647	0.759098
0.144064	0.764517
0.144572	0.763276
0.145243	0.771077
0.145992	0.765809
0.146546	0.763549
0.147179	0.761284
0.147811	0.769918
0.148181	0.747474
0.148686	0.750655
0.149368	0.766317
0.150106	0.754404
0.150678	0.757314
0.151113	0.753737
0.151702	0.751035
0.152218	0.749694
0.152995	0.754984
0.153563	0.747611
0.153924	0.765403
0.154697	0.763572
0.155068	0.741614
0.155778	0.748445
0.15641	0.746829
0.156819	0.762208
0.157451	0.758252
0.158041	0.763719
0.158673	0.766808
0.159284	0.769864
0.159983	0.76337
0.160319	0.759517
0.161085	0.757081
0.1614	0.755839
0.162131	0.750328
0.162696	0.753594
0.163448	0.755175
0.164119	0.76332
0.164599	0.765116
0.165047	0.765384
0.165796	0.767034
0.166269	0.766652
0.166778	0.771101
0.167421	0.762441
0.168035	0.766497
0.168448	0.768973
0.169119	0.751939
0.169653	0.753671
0.170327	0.75152
0.170828	0.75907
0.171627	0.760745
0.172029	0.77201
0.172559	0.772828
0.17323	0.77529
0.173774	0.776789
0.17454	0.770684
0.174971	0.76485
0.175525	0.755033
0.176016	0.742835
0.176917	0.761115
0.177351	0.762783
0.17787	0.774095
0.178545	0.766489
0.179201	0.768403
0.179544	0.770632
0.180102	0.754322
0.180752	0.755827
0.181264	0.759473
0.181804	0.762618
0.182486	0.755493
0.183001	0.756772
0.183679	0.756058
0.184142	0.771791
0.184954	0.765295
0.185332	0.760309
0.186179	0.752788
0.186614	0.757467
0.187175	0.753085
0.187638	0.754421
0.188277	0.760688
0.188789	0.759642
0.189531	0.765535
0.190124	0.762604
0.190509	0.765516
0.191183	0.76726
0.191773	0.768603
0.192451	0.771817
0.192992	0.745865
0.19362	0.746327
0.194104	0.772983
0.194665	0.764143
0.195326	0.768179
0.195682	0.765611
0.196336	0.750422
0.197053	0.750012
0.197529	0.749828
0.198186	0.768179
0.198702	0.771122
0.199073	0.764416
0.19985	0.769736
0.200242	0.760514
0.200962	0.753535
0.201354	0.751254
0.202092	0.756365
0.202622	0.768049
0.203293	0.759178
0.203614	0.753683
0.204472	0.750153
0.204843	0.756244
0.205574	0.749659
0.206125	0.762884
0.20658	0.753612
0.207054	0.75567
0.207728	0.770384
0.208258	0.764939
0.208897	0.769046
0.209466	0.764371
0.21008	0.751925
0.210521	0.759428
0.211087	0.761579
0.211772	0.753999
0.212266	0.766951
0.212835	0.749817
0.213502	0.752496
0.214	0.749209
0.214537	0.76681
0.215162	0.768023
0.215631	0.766157
0.216147	0.75661
0.216839	0.747943
0.217408	0.751435
0.217881	0.747609
0.218474	0.748207
0.219089	0.751883
0.219809	0.757333
0.220293	0.750985
0.220678	0.764161
0.221458	0.751157
0.221818	0.744564
0.222638	0.74234
0.223037	0.748014
0.22363	0.75776
0.224206	0.757691
0.224721	0.747097
0.225279	0.74639
0.225957	0.745012
0.226526	0.742715
0.227073	0.740495
0.227638	0.759329
0.228224	0.768754
0.228744	0.765344
0.229471	0.765618
0.229909	0.754541
0.230435	0.756089
0.230993	0.76276
0.231569	0.755399
0.232067	0.757934
0.232791	0.765554
0.233193	0.768257
0.23385	0.760794
0.23432	0.756306
0.234839	0.752029
0.235527	0.755231
0.23617	0.768045
0.236721	0.766513
0.237272	0.766499
0.237798	0.762755
0.238409	0.763865
0.239024	0.756292
0.239543	0.749447
0.239868	0.748994
0.240538	0.753603
0.240998	0.748796
0.241704	0.744802
0.242301	0.750625
0.242795	0.753019
0.243466	0.762496
0.243953	0.753342
0.244455	0.751153
0.24514	0.745443
0.245638	0.745785
0.2461	0.750677
0.246764	0.767555
0.247262	0.768349
0.247771	0.759463
0.24841	0.763301
0.24894	0.763528
0.249406	0.766181
0.250034	0.762161
0.250833	0.749614
0.251115	0.762208
0.251874	0.763301
0.252347	0.7566
0.252962	0.750787
0.253474	0.747093
0.254014	0.739944
0.254583	0.752326
0.255137	0.760999
0.255671	0.765507
0.256041	0.761327
0.256786	0.772175
0.257277	0.76451
0.257846	0.759044
0.258354	0.747825
0.258898	0.739635
0.259513	0.739284
0.260049	0.74013
0.260569	0.758403
0.261105	0.758919
0.261614	0.768952
0.262161	0.772939
0.262921	0.763744
0.263302	0.753973
0.263747	0.756391
0.264527	0.773506
0.264856	0.773346
0.265467	0.765227
0.266184	0.765281
0.266696	0.764494
0.267186	0.758657
0.267582	0.7607
0.268341	0.773563
0.268821	0.765172
0.269362	0.763349
0.269923	0.775721
0.270502	0.774633
0.271099	0.765582
0.27158	0.754861
0.272148	0.761996
0.2726	0.75279
0.27314	0.763469
0.273801	0.773653
0.274186	0.768071
0.275002	0.760545
0.275383	0.766087
0.2761	0.763332
0.276326	0.766037
0.276983	0.757901
0.277731	0.757891
0.278279	0.765292
0.278724	0.77235
0.279232	0.764918
0.27991	0.765472
0.280443	0.767003
0.28091	0.755373
0.281581	0.753301
0.28216	0.740644
0.282477	0.762941
0.283244	0.750241
0.283826	0.743106
0.284444	0.746096
0.284942	0.767644
0.285433	0.75571
0.285938	0.742767
0.286309	0.755116
0.287051	0.764392
0.287499	0.767083
0.288156	0.757295
0.288626	0.766028
0.289191	0.76205
0.289682	0.762632
0.290296	0.754096
0.290868	0.765889
0.291253	0.74444
0.291966	0.74623
0.29256	0.752437
0.292899	0.749513
0.293669	0.765724
0.294191	0.745342
0.294721	0.753879
0.295254	0.750973
0.295724	0.752277
0.296275	0.76062
0.296833	0.764291
0.297331	0.766859
0.297973	0.75894
0.298319	0.766857
0.299054	0.767491
0.299573	0.763674
0.299969	0.75845
0.300438	0.761153
0.301123	0.734948
0.301674	0.737646
0.302112	0.755653
0.30278	0.758033
0.30332	0.762345
0.30391	0.768283
0.304369	0.762734
0.305001	0.759972
0.305389	0.760191
0.305933	0.732265
0.30665	0.755858
0.306982	0.761289
0.307526	0.759506
0.30819	0.760519
0.308599	0.751442
0.309154	0.745486
0.309751	0.756885
0.310284	0.751636
0.310775	0.761164
0.311266	0.754272
0.311834	0.768591
0.312283	0.748226
0.312816	0.747168
0.313423	0.756023
0.313935	0.755014
0.314497	0.747116
0.315136	0.747562
0.315584	0.750865
0.316146	0.747232
0.316566	0.751155
0.317212	0.748636
0.317802	0.763023
0.318198	0.766303
0.318614	0.768384
0.319141	0.767976
0.319734	0.753287
0.320267	0.744487
0.320949	0.74537
0.321496	0.746056
0.321948	0.751266
0.32252	0.746758
0.323068	0.747653
0.323541	0.753985
0.324275	0.755804
0.324696	0.757731
0.325031	0.755043
0.325568	0.752359
0.326073	0.751694
0.326634	0.757868
0.327309	0.754675
0.327669	0.753071
0.328238	0.766661
0.328937	0.770274
0.329251	0.768045
0.330053	0.768224
0.33054	0.766251
0.330943	0.773068
0.331483	0.763848
0.331935	0.763872
0.332359	0.750735
0.333083	0.769859
0.333517	0.775648
0.334022	0.771864
0.334704	0.76116
0.335293	0.758221
0.335692	0.753938
0.336296	0.763085
0.336833	0.753612
0.337296	0.769334
0.337786	0.767587
0.338433	0.758613
0.339008	0.765432
0.33945	0.769675
0.339799	0.761621
0.340576	0.752932
0.341014	0.764821
0.341558	0.749282
0.34201	0.741077
0.34261	0.759296
0.343048	0.748905
0.343811	0.753078
0.344026	0.76505
0.344789	0.752465
0.345171	0.75201
0.34563	0.746784
0.346089	0.751028
0.346894	0.744838
0.347406	0.747585
0.34783	0.754246
0.348349	0.764487
0.348995	0.767067
0.349348	0.767922
0.349829	0.770375
0.350514	0.757371
0.351061	0.756664
0.351541	0.758365
0.352007	0.752644
0.352339	0.775707
0.353095	0.76713
0.353529	0.7591
0.354045	0.769432
0.35466	0.766025
0.355087	0.755366
0.355655	0.755563
0.356199	0.751487
0.356792	0.753964
0.357297	0.75874
0.357757	0.769621
0.358247	0.771391
0.358742	0.771626
0.359257	0.759539
0.359741	0.755509
0.360476	0.736143
0.360719	0.756398
0.361436	0.767255
0.361842	0.767451
0.362397	0.765387
0.362905	0.761678
0.363371	0.753721
0.363901	0.765417
0.364583	0.755208
0.365014	0.7516
0.36555	0.732218
0.365815	0.73426
0.366536	0.758476
0.367048	0.755462
0.367475	0.752588
0.368001	0.756296
0.368602	0.749699
0.36911	0.731636
0.369583	0.751084
0.369936	0.765323
0.370448	0.763874
0.370911	0.758464
0.371621	0.763221
0.372076	0.766374
0.372451	0.752481
0.373224	0.750938
0.373496	0.753561
0.374213	0.747986
0.37464	0.742524
0.375152	0.762729
0.375636	0.757093
0.376169	0.757668
0.376727	0.758471
0.377243	0.754925
0.377801	0.752566
0.378221	0.745337
0.378747	0.744817
0.379182	0.744897
0.37963	0.752203
0.38029	0.759626
0.380686	0.758358
0.381244	0.754428
0.381714	0.743455
0.382392	0.759744
0.38278	0.765269
0.383236	0.747161
0.383737	0.745957
0.384186	0.750116
0.384818	0.760844
0.385397	0.760245
0.385782	0.759981
0.386304	0.76427
0.386887	0.754553
0.387399	0.748992
0.387971	0.742486
0.3883	0.747274
0.388745	0.749692
0.389522	0.758334
0.389991	0.754491
0.390249	0.766223
0.390909	0.766376
0.391347	0.758424
0.391969	0.764317
0.392534	0.756183
0.392809	0.757724
0.393449	0.744786
0.393855	0.750575
0.394434	0.736445
0.394886	0.741287
0.395398	0.743869
0.395843	0.745052
0.396291	0.733516
0.396952	0.743382
0.39739	0.753276
0.397937	0.73045
0.398435	0.755816
0.399205	0.758219
0.399477	0.760573
0.399957	0.760629
0.400462	0.759284
0.401069	0.759859
0.401532	0.763108
0.40203	0.765189
0.402461	0.768226
0.402934	0.756838
0.403361	0.749729
0.403796	0.748019
0.404548	0.748059
0.404873	0.757248
0.405441	0.765215
0.40608	0.768099
0.406472	0.765625
0.406956	0.770999
0.407511	0.769692
0.407966	0.756068
0.408478	0.757248
0.408976	0.749729
0.409442	0.750679
0.409923	0.772413
0.410385	0.764701
0.411109	0.767913
0.411529	0.76489
0.41195	0.766341
0.412342	0.770469
0.412864	0.756636
0.413337	0.764788
0.414016	0.751871
0.414468	0.752604
0.414828	0.767543
0.415368	0.759706
0.415877	0.759084
0.416223	0.760274
0.416911	0.756937
0.417441	0.75628
0.417836	0.735618
0.418281	0.755118
0.418808	0.760377
0.419277	0.758759
0.419758	0.766874
0.420203	0.762234
0.420598	0.756362
0.421124	0.761833
0.421763	0.764944
0.422127	0.767625
0.422682	0.76127
0.42319	0.761626
0.423501	0.747623
0.42402	0.747936
0.424677	0.755912
0.42515	0.743459
0.42556	0.75083
0.426051	0.759305
0.426478	0.764755
0.426923	0.760295
0.427622	0.754831
0.428113	0.756112
0.428593	0.754715
0.429006	0.766857
0.429423	0.762043
0.430094	0.762496
0.430504	0.74329
0.430987	0.743523
0.431485	0.745069
0.431895	0.74784
0.432305	0.745752
0.432721	0.745858
0.433442	0.747957
0.433869	0.748155
0.434356	0.750066
0.435006	0.767656
0.435215	0.758459
0.435903	0.746522
0.436359	0.744489
0.436839	0.745092
0.437242	0.743207
0.437623	0.760627
0.43841	0.763075
0.438757	0.748947
0.439283	0.749911
0.439752	0.750978
0.440144	0.754967
0.440572	0.757199
0.441352	0.748799
0.441755	0.749703
0.442203	0.742453
0.442585	0.745443
0.443033	0.748726
0.44351	0.741862
0.444018	0.748565
0.444537	0.741841
0.445053	0.741164
0.445442	0.745879
0.445883	0.745005
0.446278	0.739522
0.446854	0.751171
0.447331	0.750102
0.447956	0.763177
0.448277	0.749586
0.448807	0.76452
0.449142	0.756353
0.44963	0.736433
0.450244	0.7389
0.451028	0.750483
0.451194	0.747522
0.451809	0.756209
0.452208	0.756633
0.452716	0.76292
0.453059	0.758292
0.4535	0.758351
0.45398	0.746362
0.454609	0.741075
0.455072	0.742493
0.455499	0.73767
0.45593	0.745926
0.456339	0.752722
0.456883	0.740832
0.457215	0.740509
0.457876	0.742107
0.458342	0.754711
0.45879	0.756174
0.459348	0.751127
0.459631	0.755097
0.460167	0.762069
0.460687	0.760615
0.461033	0.749948
0.461435	0.752274
0.461933	0.757559
0.462526	0.757024
0.463003	0.750493
0.46348	0.758992
0.46395	0.748506
0.46431	0.758082
0.464938	0.759925
0.465366	0.761798
0.465881	0.761018
0.466284	0.758676
0.466679	0.755912
0.467273	0.757034
0.467679	0.749866
0.468163	0.752696
0.468533	0.773876
0.468996	0.7684
0.469596	0.756961
0.470077	0.756242
0.470444	0.750724
0.470885	0.749894
0.471284	0.743158
0.471789	0.766299
0.472337	0.764093
0.472803	0.760962
0.473234	0.761513
0.473696	0.763815
0.474088	0.761094
0.474646	0.757503
0.475063	0.757899
0.475483	0.75586
0.475896	0.755776
0.476567	0.75877
0.476995	0.747851
0.477436	0.755003
0.477821	0.758912
0.478245	0.767399
0.478782	0.758975
0.479265	0.754581
0.479611	0.759553
0.480078	0.764404
0.480561	0.751077
0.481126	0.741386
0.481631	0.735415
0.482108	0.744397
0.482712	0.736586
0.482945	0.740754
0.483443	0.743101
0.483839	0.746789
0.484372	0.738466
0.484781	0.751174
0.485262	0.758841
0.485777	0.767154
0.486134	0.768073
0.486519	0.749421
0.487066	0.74459
0.487585	0.744866
0.488013	0.764128
0.488345	0.757097
0.488899	0.770915
0.489415	0.755844
0.489888	0.765995
0.490382	0.759765
0.490838	0.753042
0.491134	0.753443
0.491604	0.751751
0.492222	0.749989
0.492639	0.751327
0.493186	0.751336
0.493613	0.766756
0.494023	0.764291
0.494535	0.742962
0.494857	0.751902
0.495298	0.764025
0.495884	0.756025
0.496371	0.755321
0.496703	0.742623
0.49712	0.758928
0.497537	0.75734
0.497943	0.741433
0.498338	0.742727
0.498875	0.741831
0.499391	0.751136
0.499868	0.74971
0.50033	0.746492
0.500736	0.745801
0.501209	0.751577
0.501633	0.746947
0.502163	0.751711
0.502732	0.750759
0.502989	0.749293
0.503413	0.760875
0.503734	0.759449
0.50448	0.758648
0.504893	0.757244
0.505267	0.739786
0.505797	0.763
0.506228	0.748558
0.506605	0.756376
0.507022	0.741909
0.507418	0.754835
0.507986	0.751673
0.508445	0.766435
0.50876	0.763165
0.509416	0.765721
0.50965	0.760038
0.510268	0.755717
0.51067	0.756838
0.511112	0.744574
0.511507	0.756308
0.51191	0.755439
0.512401	0.737816
0.512821	0.733195
0.513245	0.740872
0.513746	0.751742
0.514089	0.748144
0.514548	0.742922
0.514964	0.729538
0.515388	0.753026
0.515996	0.760245
0.516479	0.76152
0.516737	0.753228
0.517341	0.755976
0.517804	0.753554
0.518164	0.749979
0.518549	0.754531
0.518958	0.754067
0.519495	0.754458
0.519912	0.758624
0.520297	0.757331
0.520915	0.756367
0.521307	0.757055
0.5216	0.755634
0.522274	0.754845
0.522423	0.7625
0.523037	0.742797
0.523337	0.740031
0.523708	0.744996
0.524316	0.745773
0.524743	0.741902
0.525149	0.754225
0.525545	0.763693
0.525975	0.755248
0.526434	0.741779
0.526777	0.748
0.527236	0.758671
0.527752	0.755509
0.528101	0.751878
0.528518	0.756256
0.528942	0.763488
0.529341	0.764993
0.52981	0.763631
0.530266	0.758375
0.530647	0.744809
0.531265	0.753499
0.531463	0.753118
0.531922	0.730219
0.532466	0.752884
0.532968	0.751947
0.533381	0.755264
0.533949	0.757496
0.534214	0.768594
0.534747	0.76796
0.535097	0.763506
0.535514	0.765759
0.535899	0.760191
0.536418	0.765153
0.536753	0.764284
0.537188	0.75497
0.537569	0.737668
0.538127	0.756544
0.538491	0.762507
0.53889	0.767884
0.539296	0.755144
0.540006	0.756303
0.540207	0.768499
0.540602	0.755637
0.54128	0.752152
0.541581	0.753711
0.542026	0.752463
0.54229	0.75123
0.542707	0.758563
0.543382	0.763243
0.543604	0.762015
0.544282	0.762041
0.544639	0.756475
0.54507	0.749652
0.545465	0.753782
0.545882	0.7514
0.54633	0.767611
0.546722	0.754927
0.547114	0.753763
0.547669	0.750446
0.548068	0.753389
0.548407	0.746317
0.548965	0.747338
0.549375	0.748073
0.549802	0.764508
0.55013	0.755634
0.5506	0.750073
0.550865	0.755257
0.551402	0.754317
0.551839	0.749958
0.552168	0.748122
0.552655	0.753959
0.553037	0.753375
0.553467	0.757015
0.554057	0.762896
0.554287	0.753879
0.554714	0.757873
0.555314	0.756197
0.555685	0.749934
0.556081	0.747413
0.556409	0.749117
0.557091	0.750215
0.557246	0.753389
0.55774	0.745754
0.558196	0.743089
0.558673	0.751744
0.559019	0.750087
0.559337	0.740931
0.55976	0.74107
0.560121	0.741824
0.560717	0.740351
0.561272	0.745681
0.56142	0.746259
0.561925	0.75787
0.562243	0.757727
0.562667	0.757809
0.563271	0.751466
0.563634	0.743964
0.563987	0.745959
0.564574	0.736004
0.56474	0.753485
0.565245	0.739461
0.565591	0.738339
0.566166	0.744977
0.566498	0.738834
0.566844	0.740132
0.567222	0.740731
0.567815	0.743283
0.56807	0.743601
0.568483	0.748676
0.568818	0.746843
0.569394	0.741885
0.569744	0.741864
0.570316	0.736459
0.570581	0.743829
0.570955	0.749416
0.571393	0.738396
0.571831	0.740877
0.572254	0.736115
0.572608	0.737354
0.573155	0.745811
0.573434	0.735764
0.574048	0.737903
0.574292	0.747333
0.574712	0.750092
0.57503	0.7596
0.575514	0.75439
0.575909	0.737352
0.576319	0.736857
0.576573	0.736358
0.577103	0.751218
0.577576	0.749095
0.577887	0.762368
0.578343	0.758261
0.578749	0.758987
0.579162	0.752416
0.579614	0.753909
0.579865	0.757545
0.580278	0.76075
0.580677	0.758544
0.581097	0.75243
0.58162	0.74877
0.581828	0.745479
0.582333	0.750653
0.582753	0.75234
0.583223	0.751598
0.583318	0.757752
0.584018	0.761619
0.584392	0.760295
0.584632	0.755
0.585211	0.757248
0.585515	0.743997
0.585808	0.745139
0.586394	0.739008
0.586797	0.744475
0.587319	0.737738
0.587471	0.753165
0.587771	0.756544
0.588315	0.762729
0.588817	0.76112
0.589138	0.755036
0.589544	0.761914
0.590053	0.76751
0.590356	0.762357
0.590738	0.767048
0.59119	0.761261
0.5916	0.761511
0.591977	0.756348
0.592306	0.744845
0.592814	0.74103
0.593167	0.74366
0.593542	0.740441
0.594036	0.749524
0.594471	0.759619
0.594785	0.743466
0.595184	0.764996
0.595594	0.766065
0.595911	0.763481
0.596197	0.752213
0.596681	0.745995
0.597066	0.739103
0.597688	0.752161
0.598027	0.747465
0.59826	0.744209
0.598705	0.744411
0.599189	0.74713
0.599513	0.750017
0.600033	0.739998
0.600364	0.742064
0.600728	0.742418
0.60112	0.760495
0.601608	0.749121
0.601887	0.74664
0.60231	0.765693
0.602727	0.767074
0.603161	0.759291
0.603518	0.759833
0.603942	0.748956
0.604366	0.765615
0.604556	0.761709
0.605181	0.755943
0.605453	0.761925
0.605718	0.741336
0.606142	0.741652
0.606601	0.759444
0.606922	0.764157
0.60741	0.756148
0.607752	0.763719
0.608134	0.758947
0.608596	0.748071
0.608963	0.746744
0.609348	0.753134
0.609617	0.750512
0.610178	0.752161
0.610478	0.766494
0.611005	0.751294
0.61128	0.746744
0.611619	0.760318
0.612212	0.751958
0.612488	0.728386
0.612852	0.72779
0.613272	0.743365
0.613632	0.751963
0.613996	0.760969
0.61448	0.754892
0.614769	0.761619
0.615182	0.759025
0.615634	0.752847
0.615956	0.760747
0.616365	0.747227
0.616598	0.746259
0.617252	0.747357
0.617651	0.756944
0.61793	0.753349
0.61823	0.751412
0.61858	0.735931
0.619077	0.755146
0.619314	0.740194
0.619724	0.758483
0.620186	0.757241
0.620472	0.756633
0.620967	0.745792
0.621384	0.752639
0.621557	0.758092
0.622206	0.750966
0.622436	0.758337
0.623075	0.733582
0.623068	0.755208
0.62358	0.745132
0.623891	0.759001
0.624375	0.743316
0.624728	0.742915
0.625049	0.744418
0.625286	0.755726
0.625858	0.740931
0.62608	0.737738
0.626578	0.736869
0.626921	0.737606
0.62727	0.734548
0.627638	0.73795
0.628104	0.737335
0.628446	0.737484
0.628831	0.74791
0.629033	0.735257
0.629389	0.745695
0.62982	0.74242
0.630198	0.741084
0.630618	0.739376
0.631007	0.762618
0.631324	0.736546
0.631829	0.740648
0.632175	0.730846
0.632638	0.756447
0.632938	0.755879
0.633348	0.753099
0.6335	0.75337
0.633902	0.755415
0.634252	0.735559
0.634753	0.747771
0.635078	0.740834
0.635428	0.735321
0.635908	0.742293
0.636131	0.738078
0.636452	0.747001
0.636865	0.750054
0.637229	0.751124
0.637617	0.753028
0.638045	0.752974
0.638331	0.758678
0.638709	0.761348
0.639072	0.758613
0.639383	0.760627
0.639976	0.758045
0.640216	0.76107
0.640538	0.758502
0.640976	0.758075
0.641385	0.755029
0.64165	0.765637
0.642106	0.764623
0.642395	0.751713
0.642851	0.750116
0.64313	0.765877
0.643684	0.764852
0.643988	0.761112
0.644214	0.764687
0.644691	0.760554
0.645076	0.759447
0.645351	0.753547
0.645771	0.732404
0.646188	0.748615
0.646414	0.755118
0.646792	0.734039
0.647142	0.732651
0.647587	0.74885
0.647904	0.737717
0.648258	0.751084
0.648731	0.738978
0.649003	0.752995
0.649282	0.741956
0.649794	0.734131
0.650348	0.752533
0.650504	0.761308
0.650807	0.765823
0.651213	0.760446
0.651662	0.758292
0.652029	0.757088
0.652177	0.748412
0.652605	0.743968
0.652979	0.749103
0.653438	0.747993
0.653809	0.752269
0.654109	0.756056
0.654572	0.764918
0.654939	0.745882
0.655144	0.749004
0.655691	0.761718
0.655942	0.760851
0.656369	0.758704
0.656765	0.752979
0.657012	0.752448
0.657489	0.744906
0.657789	0.749675
0.658188	0.757974
0.658386	0.760014
0.658813	0.754623
0.659205	0.761447
0.659509	0.756466
0.659883	0.757632
0.660317	0.750519
0.660487	0.74702
0.660893	0.731431
0.661274	0.74541
0.66174	0.733217
0.661988	0.75168
0.662383	0.743073
0.662814	0.742258
0.663029	0.750587
0.663404	0.744616
0.663842	0.740783
0.664205	0.740076
0.66452	0.747046
0.664933	0.73619
0.665339	0.749517
0.665491	0.755396
0.665932	0.758579
0.66619	0.751018
0.666646	0.746605
0.666999	0.756942
0.667412	0.760069
0.667687	0.760217
0.668196	0.738313
0.66839	0.733516
0.668817	0.737993
0.669223	0.747239
0.669506	0.735823
0.669707	0.727698
0.670205	0.743544
0.670495	0.738544
0.670837	0.738146
0.67118	0.742887
0.671434	0.748848
0.67195	0.754713
0.672158	0.748938
0.672628	0.750523
0.672833	0.751301
0.673366	0.739661
0.673641	0.729275
0.674054	0.737182
0.674386	0.732562
0.674521	0.728601
0.675075	0.729645
0.675396	0.747444
0.675562	0.753325
0.67611	0.750278
0.676318	0.744722
0.676714	0.755123
0.677046	0.745785
0.677392	0.74094
0.677808	0.745764
0.677946	0.75513
0.678366	0.747144
0.678702	0.755606
0.679044	0.755966
0.679503	0.745962
0.679881	0.741541
0.680047	0.753217
0.680393	0.752236
0.680849	0.754564
0.681096	0.745877
0.681513	0.745302
0.681923	0.740863
0.682064	0.752267
0.682477	0.755137
0.682781	0.754343
0.683208	0.755045
0.68354	0.755064
0.68372	0.750439
0.683999	0.746871
0.684433	0.745653
0.684882	0.747722
0.685203	0.741103
0.685366	0.737915
0.685743	0.740151
0.686061	0.735792
0.686535	0.740554
0.686761	0.753992
0.687237	0.741553
0.687403	0.746767
0.687806	0.734915
0.688198	0.73836
0.688487	0.748297
0.688908	0.742917
0.689137	0.754105
0.689466	0.75534
0.689843	0.755545
0.690295	0.748217
0.690567	0.751178
0.690963	0.747119
0.691157	0.756852
0.691454	0.756871
0.691786	0.760516
0.692093	0.758266
0.692435	0.748558
0.692785	0.742064
0.693114	0.74709
0.69358	0.763212
0.693806	0.753707
0.694053	0.749213
0.694505	0.741937
0.694823	0.750794
0.695222	0.765142
0.695501	0.749835
0.69597	0.75091
0.696087	0.747208
0.696525	0.760271
0.696822	0.761332
0.697185	0.765509
0.697567	0.753111
0.69775	0.746994
0.698163	0.744694
0.698446	0.742939
0.698845	0.746897
0.699205	0.748952
0.699421	0.752679
0.699774	0.754571
0.700088	0.744447
0.700501	0.740872
0.700777	0.742993
0.70102	0.750427
0.701476	0.741325
0.701755	0.72902
0.702172	0.753165
0.702345	0.763247
0.702758	0.750601
0.703107	0.746023
0.703489	0.742102
0.703662	0.756301
0.704004	0.750179
0.704456	0.757934
0.704735	0.759444
0.705187	0.760175
0.705526	0.760549
0.705777	0.757979
0.706045	0.760634
0.706363	0.758768
0.706688	0.746753
0.707183	0.75426
0.707522	0.756063
0.707638	0.75894
0.708065	0.759897
0.708461	0.761461
0.708623	0.751975
0.708998	0.755073
0.709471	0.759899
0.709711	0.74844
0.710089	0.757062
0.710294	0.747512
0.710545	0.751838
0.710958	0.760648
0.711099	0.75152
0.711618	0.737345
0.711763	0.738219
0.712409	0.743403
0.712501	0.744117
0.712741	0.744576
0.713151	0.756454
0.713574	0.749762
0.713843	0.737135
0.714076	0.756923
0.714517	0.738653
0.714821	0.736021
0.715164	0.748532
0.7154	0.745985
0.715767	0.753997
0.716047	0.748259
0.716333	0.743768
0.716696	0.748961
0.716915	0.737623
0.717254	0.741079
0.717728	0.734774
0.718035	0.746169
0.718434	0.737679
0.7186	0.753115
0.718893	0.741944
0.719038	0.733881
0.719419	0.733627
0.719843	0.744237
0.720161	0.741702
0.72051	0.741984
0.720666	0.752762
0.721093	0.746758
0.721354	0.74094
0.721877	0.737712
0.722004	0.73488
0.72241	0.743202
0.722671	0.736016
0.722862	0.728598
0.723254	0.746256
0.72353	0.7296
0.723907	0.727616
0.724179	0.741263
0.724681	0.723662
0.724766	0.744435
0.725094	0.741567
0.72544	0.74529
0.725663	0.753627
0.72603	0.755264
0.726319	0.748747
0.726658	0.736346
0.726881	0.747889
0.727241	0.722319
0.727566	0.737154
0.727909	0.737248
0.728082	0.748306
0.728421	0.744343
0.728696	0.746447
0.729173	0.748664
0.729547	0.750976
0.729717	0.749088
0.729971	0.753294
0.730243	0.754324
0.730642	0.740672
0.730893	0.735596
0.731246	0.733952
0.731719	0.734449
0.73179	0.74411
0.732132	0.757783
0.73251	0.74403
0.732835	0.74127
0.733107	0.746829
0.733382	0.745799
0.733654	0.742573
0.733944	0.74341
0.734265	0.744934
0.734699	0.74702
0.734929	0.748134
0.735437	0.741676
0.73549	0.745601
0.735727	0.740611
0.735988	0.741294
0.736342	0.742342
0.73667	0.742825
0.736892	0.749322
0.737295	0.745844
0.73757	0.742474
0.737984	0.756211
0.738083	0.744048
0.738584	0.746367
0.738821	0.741911
0.739128	0.746702
0.739336	0.754906
0.739696	0.761124
0.74	0.761186
0.740364	0.756077
0.740639	0.759331
0.740809	0.754581
0.74118	0.756138
0.741335	0.753525
0.741738	0.747467
0.742013	0.747797
0.742352	0.757934
0.742574	0.757305
0.742977	0.761572
0.743249	0.752484
0.743595	0.752031
0.744029	0.756044
0.744114	0.760413
0.744291	0.746812
0.744817	0.741631
0.745054	0.74205
0.745407	0.761617
0.745739	0.753832
0.745898	0.74989
0.746237	0.745038
0.7466	0.74894
0.74672	0.74546
0.747059	0.749091
0.747402	0.749739
0.747815	0.752927
0.747963	0.759678
0.748274	0.761153
0.748652	0.754402
0.748882	0.746068
0.749206	0.746871
0.749531	0.749032
0.749782	0.740768
0.750096	0.735208
0.750354	0.748349
0.750668	0.734322
0.750849	0.742062
0.751279	0.7416
0.751551	0.736383
0.751887	0.743836
0.75212	0.754767
0.752452	0.751383
0.752614	0.751744
0.75296	0.735399
0.753257	0.732877
0.753624	0.734901
0.753769	0.748278
0.754158	0.73513
0.754415	0.728575
0.754744	0.743026
0.755026	0.747041
0.755284	0.748257
0.755478	0.750382
0.755874	0.751711
0.756181	0.749124
0.756471	0.750929
0.756697	0.742514
0.757085	0.743485
0.757396	0.734442
0.75759	0.723038
0.757971	0.743959
0.758028	0.741153
0.758667	0.725877
0.758798	0.749996
0.75907	0.756541
0.759373	0.754527
0.75955	0.751032
0.759938	0.751431
0.760122	0.748697
0.760475	0.749548
0.760867	0.748848
0.761037	0.747243
0.761397	0.741841
0.761701	0.736553
0.762015	0.73722
0.762149	0.733012
0.762552	0.739322
0.762813	0.735547
0.763078	0.73611
0.763311	0.745486
0.763632	0.732545
0.763777	0.742128
0.764176	0.736289
0.764346	0.74385
0.764692	0.732345
0.764875	0.746504
0.765006	0.750905
0.765578	0.750919
0.765751	0.736273
0.766027	0.752913
0.766362	0.753396
0.766521	0.745771
0.766842	0.756426
0.7671	0.757703
0.767446	0.732663
0.767771	0.745005
0.767969	0.751167
0.768329	0.73959
0.768559	0.739416
0.768929	0.744447
0.769099	0.741435
0.769438	0.733511
0.769579	0.728188
0.769985	0.730003
0.770208	0.72566
0.770476	0.725168
0.770734	0.726435
0.770978	0.741678
0.771264	0.745333
0.771543	0.756534
0.771995	0.75394
0.772094	0.746259
0.77238	0.753502
0.772768	0.757708
0.772938	0.746782
0.773202	0.74721
0.773683	0.757079
0.773767	0.751664
0.774106	0.742658
0.774347	0.745241
0.774583	0.744348
0.775003	0.743669
0.77501	0.753089
0.775441	0.756826
0.775699	0.757465
0.775854	0.752788
0.776359	0.756987
0.77654	0.745509
0.77684	0.74923
0.777048	0.745808
0.777359	0.742734
0.777776	0.742997
0.777896	0.748643
0.778252	0.7282
0.77833	0.754873
0.778715	0.748648
0.779008	0.750399
0.779234	0.761334
0.779474	0.752708
0.779841	0.760842
0.780004	0.752677
0.780343	0.749098
0.780657	0.757922
0.780897	0.758994
0.781222	0.750413
0.781469	0.74259
0.781819	0.744842
0.78195	0.753313
0.782328	0.757222
0.782497	0.761386
0.782847	0.759817
0.782963	0.755592
0.783316	0.750156
0.783553	0.746591
0.783885	0.745538
0.784136	0.742578
0.784415	0.744331
0.784574	0.745394
0.784987	0.75058
0.78529	0.75009
0.785393	0.744715
0.785644	0.74259
0.785877	0.742215
0.78629	0.762719
0.786488	0.759421
0.786774	0.755542
0.787031	0.756645
0.787328	0.749633
0.787678	0.74317
0.787844	0.743509
0.78813	0.748862
0.788306	0.741791
0.788652	0.744447
0.788917	0.757006
0.789143	0.755601
0.789479	0.756379
0.789599	0.756921
0.789818	0.752295
0.790181	0.752842
0.79033	0.755674
0.790637	0.738643
0.790987	0.745448
0.791086	0.744531
0.791467	0.727936
0.791728	0.742988
0.791947	0.755644
0.792212	0.749838
0.792562	0.754503
0.792812	0.749802
0.793042	0.752847
0.793342	0.743198
0.793508	0.735787
0.793875	0.739555
0.794034	0.745358
0.794306	0.748158
0.794483	0.748085
0.794854	0.752793
0.795115	0.750695
0.795253	0.746018
0.795574	0.745137
0.795916	0.748443
0.796075	0.74242
0.796467	0.748667
0.796549	0.755111
0.796888	0.740615
0.797117	0.75541
0.797301	0.744138
0.797583	0.741341
0.797943	0.741124
0.797996	0.74099
0.798328	0.744051
0.798569	0.745919
0.798851	0.738438
0.799208	0.736169
0.799352	0.723561
0.79966	0.742024
0.799995	0.740415
0.800136	0.738921
0.800373	0.747649
0.800596	0.751709
0.800903	0.749048
0.801051	0.740073
0.801404	0.742359
0.801542	0.741539
0.801877	0.737267
0.802146	0.739784
0.802365	0.736932
0.802676	0.740644
0.803022	0.733294
0.803135	0.732123
0.803488	0.738118
0.803548	0.752882
0.803791	0.755342
0.804021	0.752979
0.804367	0.742366
0.804547	0.742309
0.804798	0.748033
0.805045	0.750271
0.805419	0.751101
0.805607	0.752543
0.805896	0.740156
0.806232	0.750702
0.80644	0.736131
0.806588	0.74136
0.806719	0.758148
0.807054	0.758066
0.807298	0.758949
0.807563	0.758561
0.807856	0.7587
0.808107	0.745344
0.808379	0.750841
0.808524	0.755698
0.808803	0.751972
0.809198	0.758978
0.809378	0.750344
0.809618	0.758405
0.809724	0.759494
0.810092	0.749751
0.810413	0.75054
0.810536	0.755608
0.810812	0.744143
0.810992	0.743016
0.811349	0.738886
0.811465	0.758247
0.811751	0.749805
0.81214	0.75386
0.812168	0.752531
0.812588	0.753271
0.812938	0.747385
0.81298	0.733561
0.813351	0.735446
0.813478	0.746435
0.813736	0.747159
0.813958	0.755521
0.814262	0.735267
0.814407	0.748909
0.814711	0.752783
0.815078	0.739088
0.815212	0.74001
0.815498	0.730337
0.815922	0.733407
0.816014	0.753125
0.816317	0.758137
0.816402	0.760066
0.816709	0.746216
0.816872	0.761784
0.817183	0.759143
0.817349	0.737366
0.817606	0.740674
0.81791	0.753384
0.81803	0.758452
0.818362	0.755257
0.818493	0.748721
0.818786	0.741603
0.819174	0.74681
0.819287	0.740905
0.819393	0.739692
0.819757	0.743268
0.820036	0.759788
0.820435	0.763594
0.820484	0.760832
0.820841	0.761032
0.820947	0.761072
0.821233	0.743539
0.821311	0.748087
0.821678	0.745278
0.821918	0.76012
0.82213	0.754096
0.822501	0.740851
0.822582	0.742929
0.822946	0.743546
0.823235	0.752599
0.82343	0.753191
0.823613	0.756718
0.823811	0.754927
0.824062	0.762133
0.824362	0.759762
0.824574	0.751148
0.824814	0.74685
0.825121	0.744701
0.825277	0.739147
0.825563	0.754628
0.825623	0.755757
0.825993	0.755714
0.826223	0.757239
0.826407	0.747731
0.826774	0.747498
0.827071	0.749235
0.827127	0.74471
0.827321	0.742837
0.827561	0.738787
0.827939	0.747496
0.828003	0.736489
0.828296	0.739817
0.828543	0.752112
0.828787	0.757425
0.829013	0.749289
0.829214	0.751383
0.829398	0.756687
0.82979	0.743158
0.830044	0.753992
0.830044	0.734713
0.830411	0.751591
0.830514	0.753162
0.830867	0.750222
0.830969	0.755446
0.831411	0.74616
0.831365	0.744169
0.831672	0.742293
0.832018	0.743612
0.83211	0.754319
0.832396	0.750999
0.832495	0.749663
0.832742	0.750707
0.833	0.750073
0.833332	0.750519
0.833484	0.75054
0.833784	0.752526
0.833879	0.739755
0.834186	0.75689
0.834419	0.740151
0.8346	0.754004
0.834931	0.73796
0.835002	0.73751
0.835232	0.733978
0.835433	0.732778
0.835617	0.733827
0.835952	0.735026
0.836252	0.733078
0.83633	0.748167
0.836679	0.74169
0.836803	0.745594
0.837036	0.733537
0.83734	0.736211
0.837492	0.734647
0.837661	0.746692
0.837915	0.750399
0.838099	0.745893
0.838431	0.748059
0.838502	0.749091
0.83882	0.738379
0.839134	0.729718
0.839233	0.739237
0.839565	0.734152
0.83972	0.737031
0.83983	0.738716
0.840126	0.726214
0.840395	0.728217
0.840536	0.740719
0.840815	0.730295
0.840963	0.738707
0.841221	0.725505
0.841359	0.747222
0.841606	0.746833
0.841761	0.746749
0.842111	0.744098
0.842263	0.742251
0.842577	0.743683
0.842626	0.74697
0.842965	0.744392
0.843258	0.745189
0.843336	0.74213
0.843679	0.750212
0.843824	0.762013
0.844067	0.754753
0.844364	0.76258
0.844463	0.759817
0.844728	0.736994
0.844752	0.748174
0.845052	0.746185
0.84537	0.74344
0.845459	0.757762
0.845773	0.752182
0.846066	0.752147
0.84608	0.745651
0.846391	0.744612
0.846557	0.748238
0.846712	0.749984
0.847034	0.746124
0.847358	0.747036
0.847415	0.752149
0.847807	0.757333
0.847934	0.758752
0.848128	0.746167
0.848273	0.743146
0.84852	0.747703
0.848729	0.739399
0.848856	0.733198
0.849124	0.736539
0.849449	0.740757
0.849601	0.744593
0.849859	0.745022
0.850074	0.755186
0.850173	0.757314
0.850406	0.763608
0.850745	0.761598
0.850812	0.751292
0.851119	0.742298
0.851483	0.739449
0.851501	0.742599
0.851759	0.746541
0.85185	0.736843
0.852038	0.743935
0.852348	0.745375
0.852433	0.747719
0.852864	0.745995
0.853132	0.747208
0.853175	0.756226
0.853376	0.745622
0.853592	0.748973
0.853726	0.748794
0.854075	0.740333
0.8544	0.741876
0.854436	0.742375
0.854732	0.757915
0.854986	0.754614
0.855103	0.759612
0.855347	0.746353
0.85546	0.758787
0.855781	0.758855
0.855809	0.741664
0.856088	0.74705
0.856371	0.738754
0.856505	0.740158
0.856664	0.746193
0.856996	0.757903
0.857314	0.738686
0.857356	0.753676
0.857667	0.75783
0.857882	0.75444
0.857974	0.751737
0.85814	0.740571
0.858285	0.757481
0.858571	0.745149
0.858701	0.745366
0.858956	0.742658
0.859122	0.747038
0.859383	0.747144
0.859538	0.756249
0.859793	0.754878
0.859952	0.737437
0.860209	0.750639
0.860365	0.751461
0.860633	0.75676
0.860774	0.736857
0.86106	0.739567
0.861198	0.743636
0.861339	0.74325
0.86158	0.742218
0.86164	0.757691
0.862	0.750667
0.862141	0.752213
0.862321	0.748066
0.862544	0.755766
0.862837	0.754359
0.862865	0.752632
0.863133	0.747896
0.863412	0.756812
0.863617	0.749529
0.863758	0.74444
0.864048	0.749298
0.864133	0.747866
0.86438	0.742359
0.864557	0.730022
0.864786	0.738657
0.864927	0.74165
0.865192	0.734887
0.865206	0.739583
0.865468	0.739013
0.865789	0.738068
0.865846	0.742851
0.866068	0.752811
0.866315	0.752686
0.866481	0.75541
0.866619	0.747232
0.866944	0.738181
0.86706	0.753231
0.867315	0.757632
0.867541	0.75131
0.867756	0.737538
0.867805	0.755893
0.868095	0.755318
0.868289	0.754597
0.868328	0.752778
0.868695	0.750589
0.868731	0.75098
0.868981	0.757317
0.869126	0.759147
0.869384	0.758881
0.869529	0.755785
0.869804	0.747538
0.869953	0.75821
0.870161	0.758853
0.870337	0.758752
0.870623	0.756428
0.870691	0.755255
0.870888	0.754136
0.87115	0.750877
0.871439	0.733106
0.871489	0.751275
0.871768	0.749732
0.871732	0.764616
0.871994	0.764781
0.872089	0.765481
0.872368	0.751365
0.872633	0.764541
0.872831	0.750384
0.873103	0.763509
0.873177	0.763323
0.873456	0.757043
0.873558	0.757903
0.873805	0.756042
0.87407	0.746558
0.874363	0.747309
0.87442	0.75025
0.87466	0.746155
0.874699	0.738615
0.874953	0.746079
0.875119	0.756049
0.875338	0.746619
0.875543	0.743235
0.875748	0.762196
0.875864	0.764833
0.87603	0.761673
0.876157	0.767599
0.876429	0.76128
0.876736	0.758464
0.876881	0.758716
0.877019	0.755102
0.877284	0.745592
0.87745	0.748806
0.877549	0.761645
0.877792	0.762104
0.878103	0.753565
0.878265	0.749871
0.878435	0.743082
0.878552	0.748068
0.878862	0.743898
0.879003	0.756094
0.879106	0.74837
0.879367	0.742795
0.879509	0.744253
0.879742	0.742795
0.879957	0.758855
0.879999	0.758073
0.880268	0.749366
0.880515	0.76205
0.880642	0.762507
0.880755	0.767595
0.881119	0.762595
0.881186	0.766223
0.88137	0.769157
0.881596	0.758834
0.881666	0.760203
0.881952	0.760917
0.882009	0.760203
0.882425	0.758723
0.882443	0.752368
0.88275	0.747964
0.882853	0.759873
0.882895	0.757154
0.883231	0.757371
0.883262	0.7528
0.883503	0.747642
0.883891	0.74403
0.883965	0.750837
0.884043	0.751216
0.884343	0.750505
0.88446	0.744357
0.884767	0.745248
0.884869	0.743257
0.885127	0.75009
0.885169	0.760172
0.885335	0.752015
0.885646	0.756958
0.885734	0.755443
0.885826	0.75595
0.886038	0.754906
0.886292	0.75513
0.886356	0.753978
0.886547	0.751998
0.886843	0.753101
0.88696	0.755912
0.887136	0.752708
0.887302	0.7539
0.887521	0.747896
0.88773	0.746852
0.887754	0.741779
0.888058	0.754119
0.888249	0.745071
0.888284	0.743516
0.888549	0.743718
0.888733	0.740641
0.888913	0.741336
0.889015	0.745771
0.889075	0.744011
0.889488	0.743681
0.889485	0.748108
0.889746	0.747814
0.889792	0.74869
0.889983	0.747123
0.890149	0.747774
0.890392	0.747988
0.89058	0.742441
0.890714	0.751588
0.89094	0.74795
0.891138	0.753841
0.891399	0.760535
0.891374	0.75616
0.891646	0.758648
0.891593	0.750316
0.891886	0.750575
0.892056	0.742569
0.892317	0.746169
0.892377	0.757835
0.892621	0.758631
0.89266	0.759484
0.893023	0.76132
0.89302	0.764868
0.89321	0.765406
0.893341	0.761687
0.893504	0.751624
0.893754	0.750841
0.893945	0.747382
0.894047	0.757545
0.894129	0.757793
0.894432	0.759835
0.894432	0.76075
0.894711	0.760738
0.894881	0.758532
0.895072	0.751506
0.895128	0.747053
0.895248	0.746506
0.895545	0.747392
0.895665	0.749779
0.895915	0.74714
0.896046	0.744845
0.896071	0.743478
0.89635	0.757906
0.896477	0.767366
0.896848	0.770549
0.896904	0.758221
0.89694	0.763153
0.897208	0.745217
0.897381	0.744001
0.897469	0.753761
0.897706	0.759463
0.897921	0.760052
0.898105	0.771242
0.898133	0.769015
0.898433	0.772738
0.898582	0.758629
0.898645	0.742444
0.898804	0.759918
0.899005	0.770834
0.899175	0.760165
0.899274	0.751464
0.899592	0.752114
0.899613	0.75463
0.899744	0.762248
0.900005	0.756419
0.900188	0.76271
0.900174	0.762889
0.90045	0.762734
0.900672	0.769802
0.900852	0.771405
0.900888	0.767573
0.901068	0.756268
0.901283	0.765488
0.901435	0.767917
0.901506	0.76083
0.901781	0.750311
0.902028	0.754154
0.902103	0.758068
0.90223	0.762446
0.90247	0.749557
0.902671	0.750832
0.902678	0.75824
0.903017	0.753009
0.90307	0.751004
0.903063	0.750733
0.903353	0.749708
0.903568	0.754953
0.90372	0.759124
0.903776	0.761713
0.903974	0.74861
0.904278	0.7614
0.904419	0.753457
0.904447	0.756753
0.904673	0.753193
0.904857	0.753382
0.904984	0.747802
0.905143	0.750106
0.905369	0.749065
0.905461	0.765962
0.905775	0.763412
0.905832	0.765594
0.90598	0.766475
0.906199	0.771758
0.906252	0.761744
0.906351	0.758561
0.906665	0.75743
0.906647	0.771546
0.906817	0.769169
0.907032	0.754866
0.907152	0.749576
0.907198	0.75263
0.907477	0.775985
0.907587	0.758141
0.907802	0.757689
0.907901	0.751202
0.908071	0.766673
0.908212	0.755323
0.90842	0.756268
0.908466	0.75378
0.908717	0.757175
0.908858	0.751911
0.908943	0.754025
0.909045	0.752708
0.909247	0.757741
0.909487	0.75418
0.909578	0.756727
0.909702	0.763509
0.909836	0.771018
0.909946	0.77324
0.910105	0.765519
0.910196	0.765036
0.910412	0.755997
0.910514	0.76025
0.910521	0.769404
0.910814	0.761965
0.910917	0.759246
0.911171	0.773648
0.911348	0.760973
0.911387	0.761965
0.9115	0.771935
0.911754	0.760884
0.911934	0.769444
0.91205	0.775036
0.912072	0.773019
0.912241	0.774039
0.91246	0.774366
0.912608	0.774536
0.912619	0.770735
0.91288	0.77722
0.912976	0.780069
0.913036	0.763342
0.913297	0.769762
0.913364	0.763396
0.913435	0.762484
0.913551	0.757444
0.913784	0.757774
0.913887	0.75139
0.91412	0.756292
0.914325	0.754088
0.914286	0.759081
0.914558	0.761937
0.914688	0.766532
0.914872	0.753728
0.914964	0.761169
0.915024	0.765931
0.915193	0.765658
0.915391	0.745766
0.915522	0.754923
0.915529	0.743799
0.915776	0.762401
0.915914	0.765
0.915949	0.765842
0.916196	0.780403
0.916263	0.776414
0.916461	0.771546
0.916641	0.7748
0.916677	0.775359
0.916797	0.77403
0.917037	0.769105
0.917175	0.77001
0.917213	0.767955
0.917393	0.768367
0.917542	0.764694
0.917641	0.766407
0.917637	0.768108
0.917863	0.776942
0.917994	0.769621
0.91822	0.778405
0.918322	0.765712
0.9184	0.766285
0.918464	0.770153
0.918728	0.761563
0.918778	0.764814
0.918848	0.762128
0.919152	0.760394
0.919145	0.766499
0.919283	0.771624
0.919449	0.770667
0.919569	0.770505
0.919622	0.769984
0.919724	0.766897
0.919869	0.767939
0.920031	0.764414
0.920134	0.755359
0.92013	0.755347
0.920406	0.744004
0.920445	0.737566
0.920653	0.740712
0.920565	0.735717
0.920709	0.734286
0.920907	0.739435
0.920939	0.740212
0.921225	0.741628
0.921239	0.730809
0.921356	0.726277
0.921405	0.731266
0.921398	0.725285
0.921564	0.719402
0.92172	0.71123
0.921762	0.717057
0.921857	0.715988
0.922066	0.707606
0.921998	0.688
0.922112	0.686398
0.922217	0.685158
0.922235	0.674388
0.922461	0.670568
0.922465	0.665406
0.922645	0.660886
0.92262	0.670219
0.922634	0.664352
0.922821	0.651883
0.922864	0.651998
0.922963	0.646136
0.92304	0.628919
0.923178	0.631895
0.923019	0.614783
0.923129	0.616122
0.923298	0.605335
0.92334	0.594067
0.923453	0.598421
0.923517	0.580662
0.923679	0.574157
0.923732	0.56894
0.92369	0.558245
0.923718	0.552743
0.923718	0.54655
0.923757	0.540848
0.92387	0.534614
0.923973	0.536876
0.9241	0.526487
0.924086	0.512441
0.924078	0.505603
0.924128	0.506308
0.924177	0.498685
0.924241	0.49033
0.924382	0.483888
0.924467	0.472453
0.924495	0.466737
0.924527	0.45947
0.924605	0.442802
0.924658	0.442156
0.924647	0.43
0.924908	0.419512
0.924658	0.412236
0.924739	0.406341
0.924817	0.397083
0.924908	0.38959
0.924933	0.382625
0.925039	0.376819
0.925071	0.370683
0.925138	0.370419
0.925138	0.362618
0.925279	0.355926
0.925353	0.348285
0.925332	0.341291
0.925336	0.334295
0.925314	0.328532
0.925399	0.318669
0.925484	0.313146
0.925424	0.307352
0.925488	0.295292
0.925565	0.291315
0.925636	0.287875
0.925653	0.277106
0.925728	0.273287
0.925802	0.270471
0.925855	0.266946
0.925865	0.261609
0.925925	0.256435
0.925908	0.246817
0.925918	0.24136
0.925929	0.236583
0.926	0.230914
0.925918	0.226956
0.926144	0.22193
0.926201	0.217199
0.926197	0.212758
0.926254	0.207555
0.9263	0.203023
0.926384	0.198309
0.926399	0.194472
0.926498	0.190826
0.926543	0.184832
0.926596	0.180592
0.926716	0.177284
0.926628	0.173926
0.926745	0.167916
0.926678	0.165374
0.926663	0.162337
0.926748	0.156043
0.926727	0.152732
0.926847	0.148625
0.926861	0.146336
0.926773	0.143923
0.926999	0.139731
0.927006	0.136253
0.927108	0.134687
0.927119	0.131641
0.927108	0.13025
0.927165	0.127055
0.927158	0.125494
0.927158	0.122331
0.927409	0.11846
0.927345	0.115194
0.927296	0.1126
0.927416	0.110272
0.92744	0.107022
0.927476	0.104504
0.927455	0.102565
0.927539	0.0964915
0.927592	0.0968285
0.927589	0.0952221
0.927507	0.0940961
0.927589	0.0914897
0.927589	0.0905806
0.927702	0.0875006
0.927716	0.0848558
0.927744	0.085173
0.927846	0.0827475
0.927875	0.0801639
0.927878	0.0781792
0.927892	0.0762968
0.927952	0.0756795
0.927952	0.0726522
0.927981	0.0701581
0.928041	0.069721
0.928087	0.0684846
0.928164	0.0657809
0.928231	0.0641293
0.928221	0.0624277
0.928253	0.0626222
0.928256	0.061792
0.928104	0.060902
0.928256	0.059053
0.928249	0.0585683
0.92827	0.0565599
0.928302	0.0547618
0.928313	0.0545102
0.928373	0.0531779
0.928408	0.0537545
0.928539	0.0512889
0.928482	0.0502046
0.928627	0.0501905
0.928701	0.049222
0.928673	0.0478295
0.928747	0.0475765
0.928715	0.0473671
0.928796	0.0475398
0.928669	0.0456001
0.928811	0.0451291
0.928719	0.0435617
0.928835	0.0428724
0.928832	0.0421277
0.928842	0.0416112
0.928881	0.0420863
0.929082	0.0420855
0.928955	0.0398998
0.928959	0.0391829
0.928931	0.0376702
0.929079	0.0372519
0.928973	0.0368367
0.92915	0.0365557
0.929118	0.0372981
0.929107	0.0355188
0.929135	0.0346224
0.929224	0.0335609
0.929199	0.0329599
0.929199	0.0336219
0.929231	0.0331919
0.929252	0.0324917
0.929397	0.0312635
0.929301	0.0324595
0.92928	0.0304819
0.929319	0.0297424
0.929446	0.0294981
0.929443	0.0293709
0.929407	0.0289652
0.92952	0.0285669
0.92951	0.0298717
0.92952	0.0287433
0.929277	0.027602
0.929517	0.0289899
0.929517	0.0285575
0.929602	0.0260571
0.929513	0.0271908
0.929535	0.0270634
0.929686	0.0276406
0.929686	0.0271576
0.929577	0.0271649
0.929591	0.0263606
0.929683	0.0263178
0.929658	0.0243637
0.929662	0.0262937
0.92969	0.0257231
0.929757	0.0254546
0.929725	0.0253333
0.929859	0.0251011
0.929856	0.0246725
0.929944	0.0245024
0.929958	0.0251892
0.929951	0.0244492
0.929965	0.0248004
0.929937	0.0249454
0.929994	0.0246765
0.930043	0.0246346
0.929983	0.0246207
0.929955	0.0228767
0.930089	0.0226996
0.929944	0.0225065
0.930096	0.0225479
0.929955	0.0224257
0.930184	0.022217
0.930107	0.0221332
0.930096	0.0227568
0.930092	0.021897
0.930364	0.0218501
0.930142	0.021973
0.930153	0.0218473
0.930364	0.0219285
0.93022	0.0217043
0.930273	0.0218777
0.930371	0.0219629
0.930364	0.0216685
0.930386	0.0220964
0.930463	0.0221278
0.930484	0.0224794
0.930488	0.0225077
0.930516	0.023323
0.930622	0.0232205
0.930527	0.0232936
0.930626	0.0234638
0.930622	0.0231428
0.930778	0.0231263
0.930513	0.021978
0.930781	0.0215618
0.930778	0.0213463
0.93077	0.0213591
0.930767	0.0215121
0.930778	0.0211817
0.930778	0.0213226
0.930827	0.0213866
0.930753	0.0213303
0.930866	0.0212656
0.930898	0.0213765
0.930929	0.0212288
0.930944	0.0213713
0.931053	0.0209238
0.930919	0.0213492
0.930922	0.0213181
0.931187	0.0213308
0.93118	0.0216476
0.931212	0.0206855
0.931049	0.0212528
0.931078	0.0218456
0.931095	0.0212107
0.931184	0.0213068
0.93118	0.0208419
0.931205	0.0220741
0.931201	0.0222486
0.931339	0.0203442
0.93124	0.0216883
0.931314	0.0205216
0.931339	0.020775
0.931311	0.0209778
0.931339	0.0204095
0.931399	0.0209135
0.93147	0.0216549
0.931445	0.0220479
0.931562	0.0229113
0.931625	0.0230515
0.931604	0.022267
0.931607	0.0229893
0.931657	0.0227118
0.931685	0.0216935
0.931713	0.0222945
0.9316	0.0221134
0.931618	0.0219363
0.931756	0.0214445
0.931759	0.0211659
0.931773	0.0211056
0.93177	0.020588
0.931773	0.0205352
0.931777	0.0206254
0.931724	0.0220105
0.931756	0.0227142
0.931795	0.0219721
0.931833	0.0223946
0.931901	0.0221167
0.93189	0.0214695
0.93201	0.0205157
0.932035	0.0203318
0.932031	0.0202828
0.932035	0.0201151
0.931943	0.0201356
0.931982	0.0198266
0.932003	0.0197832
0.932077	0.0195169
0.93207	0.0205687
0.932067	0.0193702
0.93207	0.0198226
0.932127	0.0193019
0.932148	0.020482
0.932095	0.0188259
0.932102	0.0200873
0.932176	0.0200272
0.93218	0.0195873
0.932169	0.0198798
0.932225	0.0196587
0.932183	0.0184022
0.932229	0.0195967
0.932349	0.0192272
0.932282	0.0194768
0.932391	0.0194394
0.932176	0.0193082
0.932346	0.0187936
0.932402	0.0192557
0.93219	0.0183393
0.932194	0.0178068
0.932444	0.0176893
0.932437	0.018552
0.932444	0.0178082
0.932448	0.0177345
0.932444	0.018101
0.93242	0.0191893
0.932459	0.0190329
0.932448	0.0191799
0.93243	0.0186118
0.932575	0.0179601
0.932434	0.0177133
0.932444	0.0179488
0.932413	0.0187234
0.932441	0.0173956
0.932466	0.0173481
0.932504	0.0179232
0.932533	0.0176069
0.932561	0.0180628
0.932575	0.0177183
0.932561	0.0174519
0.932603	0.0178542
0.932568	0.018719
0.932624	0.0186759
0.932646	0.0193796
0.932713	0.018833
0.932699	0.0191212
0.932745	0.0197663
0.932783	0.0195371
0.932903	0.0195654
0.932886	0.0199008
0.932872	0.0198162
0.932939	0.0200418
0.93285	0.0188742
0.932868	0.019174
0.932928	0.0189778
0.933016	0.018478
0.932875	0.018608
0.933013	0.0196172
0.932981	0.0197171
0.933016	0.018719
0.932978	0.0191012
0.932981	0.0188659
0.933013	0.0192526
0.933024	0.0196789
0.933041	0.0204599
0.93302	0.0203398
0.93314	0.0198186
0.933179	0.0199337
0.933158	0.0177503
0.933182	0.0189326
0.933281	0.0179043
0.933267	0.0180972
0.933295	0.0188231
0.933303	0.0186118
0.933341	0.017787
0.933394	0.0186931
0.933412	0.0187908
0.933423	0.0189076
0.93344	0.0180767
0.933493	0.0189305
0.933518	0.0198829
0.933444	0.0192498
0.933687	0.0196919
0.933627	0.0196813
0.933444	0.0186429
0.933437	0.0194234
0.933691	0.0187157
0.933691	0.0192317
0.933709	0.0196109
0.933691	0.0208435
0.933684	0.020129
0.933695	0.0201669
0.93367	0.0205972
0.933702	0.0206676
0.933797	0.0201869
0.933712	0.0208894
0.933677	0.0203099
0.933723	0.0199679
0.933797	0.0204486
0.933762	0.0202722
0.933726	0.0200117
0.93374	0.0174992
0.933793	0.018841
0.933899	0.0182388
0.933832	0.0193306
0.933896	0.0197305
0.933949	0.0211396
0.934009	0.0200732
0.933896	0.0191815
0.934034	0.0189747
0.934097	0.0185828
0.934086	0.0187013
0.934118	0.0187343
0.934175	0.0186252
0.934097	0.0192552
0.934136	0.0199999
0.934094	0.0200228
0.934108	0.0192256
0.93426	0.0191648
0.934086	0.0205748
0.93426	0.0192903
0.934252	0.0204288
0.934154	0.0209561
0.93426	0.0196919
0.934207	0.0189896
0.934373	0.0190141
0.93427	0.0191262
0.934267	0.0185268
0.934214	0.0189811
0.934263	0.0192503
0.934263	0.0181
0.934521	0.0195821
0.93439	0.0196813
0.934521	0.019795
0.934415	0.019576
0.934454	0.0195364
0.934436	0.0189375
0.934411	0.0182489
0.934327	0.0182383
0.934422	0.0183099
0.934355	0.0182388
0.934401	0.0182802
0.934514	0.0183351
0.934457	0.0178042
0.934475	0.0175699
0.934542	0.0175106
0.93451	0.0185456
0.934503	0.018158
0.934606	0.0178356
0.934524	0.0190784
0.934563	0.0190635
0.934662	0.0175252
0.93457	0.0178035
0.934514	0.0175273
0.934517	0.0168297
0.934521	0.0169305
0.934549	0.0177166
0.934659	0.0172962
0.934673	0.0170407
0.93457	0.0182531
0.934539	0.0184689
0.934683	0.0186408
0.934687	0.0180539
0.934676	0.016158
0.934683	0.01854
0.934577	0.0175299
0.934546	0.0186356
0.934687	0.0174255
0.934676	0.0169213
0.934595	0.0166745
0.934683	0.0173424
0.93468	0.0178323
0.934662	0.0172084
0.934761	0.0168919
0.934729	0.0171085
0.934736	0.0169635
0.934938	0.0171351
0.934719	0.0171611
0.934757	0.0169731
0.93474	0.017588
0.934902	0.0176431
0.934863	0.0179915
0.934938	0.0179611
0.934856	0.0181031
0.934934	0.018137
0.934959	0.0172268
0.935005	0.0170633
0.934994	0.0171114
0.93504	0.0173671
0.935058	0.015946
0.935043	0.017401
0.935082	0.0176585
0.935111	0.0174562
0.935104	0.0173297
0.9351	0.0179776
0.9351	0.0187439
0.935178	0.0192011
0.935294	0.0193007
0.935333	0.0192701
0.935322	0.0194425
0.935181	0.0191304
0.935111	0.018841
0.935361	0.0194841
0.935375	0.0194288
0.935354	0.0191766
0.935294	0.0193544
0.935351	0.0194385
0.935354	0.0193362
0.935386	0.019177
0.935407	0.0194262
0.93546	0.0192651
0.935404	0.0182023
0.935407	0.0178518
0.9354	0.0191422
0.93551	0.01945
0.935478	0.018283
0.935492	0.0179545
0.935506	0.0180376
0.93557	0.0184215
0.935545	0.0180659
0.935538	0.0180072
0.935594	0.0193626
0.935609	0.0193306
0.935722	0.0190192
0.935679	0.017943
0.935782	0.0181495
0.935732	0.0188499
0.935771	0.0194651
0.935782	0.0192376
0.935813	0.0185586
0.935767	0.0203737
0.935789	0.020137
0.935782	0.0198198
0.935782	0.0203124
0.935785	0.0202731
0.935898	0.0202726
0.935778	0.0197675
0.935873	0.0183643
0.935912	0.0184119
0.935849	0.0188532
0.935933	0.0191434
0.935877	0.0185141
0.935933	0.0182461
0.935898	0.0182816
0.935933	0.0195708
0.935937	0.0205536
0.936032	0.0202229
0.935962	0.0197844
0.936043	0.019356
0.936145	0.0190216
0.936128	0.0192046
0.936103	0.0204794
0.93611	0.0205086
0.936188	0.0205684
0.936188	0.019011
0.936269	0.0187274
0.936159	0.0185883
0.936269	0.0184533
0.93629	0.0185369
0.936325	0.0189846
0.936396	0.0189964
0.936301	0.0201323
0.936336	0.0198278
0.936354	0.0200418
0.936301	0.0182322
0.936343	0.0188476
0.936368	0.0190461
0.936389	0.017873
0.936453	0.0178765
0.936396	0.0180991
0.936477	0.0175522
0.936343	0.0175395
0.9364	0.0186118
0.936354	0.0187098
0.936421	0.018585
0.936336	0.0187816
0.93646	0.0186954
0.936484	0.0169849
0.936354	0.0187611
0.936456	0.0175487
0.936534	0.0169003
0.93646	0.0182166
0.936354	0.0183052
0.936534	0.0185251
0.936569	0.0175694
0.936541	0.0168349
0.936347	0.017263
0.93659	0.0180916
0.936357	0.0182531
0.93634	0.0176208
0.936611	0.0176862
0.936569	0.0175654
0.936601	0.0168313
0.936594	0.0167652
0.936382	0.0180115
0.936513	0.0164979
0.936502	0.0172538
0.936611	0.0174564
0.936587	0.0165767
0.936615	0.0166919
0.936608	0.0171043
0.936618	0.0177018
0.936608	0.0176627
0.936537	0.0165636
0.936604	0.0180866
0.93665	0.018052
0.936633	0.0176952
0.936647	0.017962
0.936682	0.0179726
0.936707	0.0174347
0.936671	0.0174368
0.936689	0.01648
0.9367	0.0181938
0.936732	0.0176351
0.936724	0.0167583
0.936703	0.0167663
0.936724	0.0165311
0.936721	0.0167084
0.936774	0.016767
0.936806	0.016589
0.936781	0.0176975
0.936792	0.018454
0.936816	0.017422
0.936862	0.016373
0.936848	0.0167786
0.937035	0.0151983
0.936982	0.0165108
0.936979	0.0161149
0.936982	0.0170593
0.937081	0.0167451
0.937025	0.0169898
0.937039	0.0170645
0.937032	0.0173864
0.937039	0.0179491
0.937169	0.0190023
0.937141	0.0189418
0.937155	0.0191186
0.937184	0.0186066
0.937215	0.0188033
0.937063	0.017414
0.937173	0.0175711
0.937176	0.0175847
0.937169	0.0176629
0.937169	0.017336
0.937254	0.0172995
0.937166	0.0172951
0.93718	0.0185282
0.937272	0.0174712
0.937438	0.0178751
0.937311	0.0187929
0.93724	0.0189936
0.937463	0.0199592
0.937392	0.0199924
0.937304	0.0192545
0.937431	0.0194705
0.937395	0.0187486
0.93741	0.0192041
0.937424	0.0191471
0.937441	0.0191855
0.937424	0.0203303
0.937519	0.0185661
0.937572	0.0184926
0.937565	0.0184952
0.937579	0.0180388
0.937579	0.0178104
0.937586	0.017496
0.937583	0.0169079
0.93759	0.0182767
0.937583	0.0184625
0.93759	0.0175442
0.937727	0.0172202
0.937734	0.018646
0.937833	0.0196749
0.937802	0.0197837
0.937773	0.020125
0.937809	0.0189394
0.937862	0.0202849
0.937572	0.019787
0.937851	0.0185586
0.937833	0.019442
0.937614	0.0182072
0.937858	0.0176151
0.937862	0.0200776
0.937724	0.0198263
0.937847	0.0186003
0.937847	0.0180666
0.93784	0.0181431
0.937854	0.0184545
0.937886	0.0197545
0.937833	0.0202081
0.937862	0.0200341
0.937858	0.0197948
0.937897	0.0200211
0.937858	0.0196535
0.937893	0.0183341
0.937936	0.0179771
0.937939	0.0180918
0.937915	0.0189331
0.93796	0.019097
0.937978	0.0193598
0.937964	0.0176071
0.937936	0.0175301
0.937968	0.0174451
0.937936	0.0191492
0.937985	0.0181012
0.937989	0.017109
0.937925	0.017715
0.937996	0.0170193
0.937992	0.0171356
0.937939	0.016962
0.938006	0.0168657
0.937975	0.0183923
0.938003	0.0177338
0.937985	0.018263
0.937989	0.0181971
0.938105	0.0175819
0.938017	0.0165553
0.937996	0.0164519
0.937982	0.0165179
0.938208	0.0168219
0.937989	0.0166427
0.938148	0.0176043
0.938006	0.0165261
0.937996	0.0170664
0.938261	0.0178591
0.938003	0.0174265
0.938264	0.0170786
0.938013	0.0175522
0.937989	0.0172974
0.937996	0.0172833
0.938261	0.017629
0.937992	0.0179097
0.938006	0.0178393
0.938003	0.0173808
0.938038	0.0161947
0.938257	0.0161382
0.938243	0.0160417
0.938137	0.0172616
0.938186	0.0177329
0.93825	0.0160935
0.938246	0.016053
0.938197	0.0161957
0.938338	0.0156227
0.938271	0.0160763
0.938261	0.0170334
0.93825	0.0171709
0.938257	0.0173035
0.938243	0.0174161
0.938271	0.0172416
0.938268	0.0161182
0.938416	0.0166279
0.938307	0.0163299
0.938345	0.0163175
0.938352	0.0167859
0.938292	0.0168511
0.93843	0.0169809
0.938381	0.0159997
0.938381	0.0160028
0.938342	0.0154913
0.938367	0.0159204
0.93842	0.0159439
0.938448	0.016268
0.938536	0.0166017
0.938472	0.0171222
0.938472	0.0172748
0.938472	0.0176333
0.938536	0.01789
0.938614	0.0179903
0.93854	0.0180751
0.938646	0.0180901
0.938667	0.0180807
0.93867	0.0176877
0.938688	0.0179495
0.938684	0.0180459
0.938776	0.0180734
0.938829	0.0166342
0.938677	0.0183914
0.938762	0.0192807
0.938815	0.0181521
0.938681	0.0169326
0.938773	0.0172232
0.938684	0.0170108
0.93884	0.0172345
0.93867	0.0169766
0.938709	0.0190807
0.938815	0.0187567
0.93884	0.0181733
0.938826	0.0185718
0.938794	0.0190294
0.938829	0.0185527
0.938801	0.0176055
0.938861	0.0176759
0.938826	0.0177901
0.938801	0.0174208
0.938985	0.0175683
0.938921	0.0186796
0.939009	0.0193638
0.938935	0.0188582
0.938992	0.0190927
0.939066	0.0192623
0.939094	0.0194604
0.939101	0.0180454
0.939129	0.0179234
0.939168	0.0176928
0.939136	0.0178358
0.939143	0.0178593
0.939214	0.0184552
0.939143	0.0189385
0.939182	0.0189806
0.939225	0.0193365
0.939232	0.0189773
0.939256	0.0199693
0.939249	0.0201108
0.939225	0.0184102
0.939324	0.0178678
0.939292	0.0194413
0.939246	0.0176295
0.939246	0.0180607
0.939348	0.0190138
0.939359	0.0188212
0.939249	0.017752
0.939249	0.017126
0.939345	0.0187164
0.939249	0.0189295
0.939447	0.019714
0.9395	0.0169197
0.939458	0.017592
0.939493	0.0183219
0.939475	0.0183916
0.939239	0.018044
0.939486	0.0191879
0.939504	0.0189985
0.939514	0.0189436
0.939511	0.01752
0.93938	0.0173113
0.939507	0.017596
0.93938	0.017244
0.93949	0.0184882
0.939295	0.0184295
0.939518	0.0187788
0.9395	0.0183278
0.939507	0.018361
0.939493	0.0181657
0.939366	0.0183808
0.939327	0.0183777
0.939429	0.016926
0.939595	0.0167164
0.939511	0.0166493
0.939571	0.0166309
0.939507	0.0165158
0.939479	0.0164013
0.939507	0.017137
0.939514	0.0170419
0.939514	0.0168744
0.939458	0.0168165
0.939412	0.0173059
0.9395	0.0171434
0.939525	0.0171615
0.939514	0.0157843
0.939479	0.0160631
0.939543	0.0161872
0.939539	0.0158269
0.939475	0.0158163
0.939518	0.0163514
0.939521	0.0158763
0.939574	0.0156444
0.939532	0.0158575
0.939553	0.0159034
0.939581	0.016162
0.939511	0.0171495
0.939656	0.0172178
0.939532	0.0164077
0.93956	0.0159432
0.939588	0.0167995
0.939645	0.0158363
0.939578	0.0175318
0.939627	0.0167765
0.939603	0.0158196
0.939638	0.0163905
0.93961	0.015934
0.939645	0.0151243
0.939673	0.0149602
0.939659	0.0166271
0.939663	0.0180723
0.939656	0.0169957
0.93973	0.0160061
0.939712	0.0159538
0.939652	0.0160532
0.939811	0.0155737
0.939663	0.015638
0.939892	0.0159336
0.93992	0.0170197
0.939818	0.016984
0.939793	0.0175127
0.93991	0.0171888
0.939924	0.0172138
0.939924	0.0174498
0.939942	0.0175518
0.939934	0.0173516
0.939677	0.0158709
0.939913	0.0158022
0.939913	0.0179027
0.939934	0.0178193
0.939927	0.0177159
0.939927	0.0177277
0.939931	0.0177227
0.939934	0.018475
0.939927	0.0177237
0.940047	0.0182096
0.939959	0.0180014
0.940072	0.0169578
0.940086	0.017454
0.939942	0.0168907
0.939987	0.0171107
0.939966	0.0165791
0.940026	0.016958
0.939977	0.0165862
0.940005	0.0169823
0.940055	0.0166071
0.940072	0.0167435
0.940083	0.0166453
0.940047	0.0169976
0.940079	0.0170972
0.9401	0.0185944
0.940037	0.0176022
0.940185	0.018421
0.940143	0.0170454
0.940249	0.0173544
0.94015	0.0184116
0.940171	0.0172574
0.940245	0.0178389
0.940199	0.0186869
0.940323	0.0188301
0.940281	0.018108
0.940341	0.0190124
0.940358	0.0180525
0.94039	0.0176429
0.940411	0.0176118
0.940475	0.0180628
0.940457	0.0180708
0.940425	0.0179724
0.9405	0.0182319
0.940496	0.0194926
0.940482	0.0189022
0.940457	0.0189592
0.940439	0.0182753
0.940563	0.0175904
0.940485	0.0168356
0.940514	0.0184717
0.940556	0.0170245
0.940574	0.0172689
0.940521	0.0177157
0.940591	0.0186179
0.940503	0.0173278
0.940598	0.0171924
0.940507	0.0173054
0.940584	0.0188497
0.940482	0.018665
0.940503	0.0191233
0.940605	0.0188758
0.9405	0.0187001
0.940595	0.0187868
0.940697	0.0184298
0.940694	0.0181045
0.940779	0.0185746
0.940644	0.0190894
0.940764	0.0175982
0.940574	0.0173744
0.940754	0.0175306
0.940662	0.0177404
0.940761	0.0178075
0.940764	0.019982
0.940665	0.0189811
0.94075	0.0177041
0.940761	0.0185558
0.940779	0.0186226
0.940789	0.0165883
0.940764	0.0183845
0.940842	0.0185002
0.940771	0.017853
0.940729	0.017634
0.940902	0.0164008
0.940761	0.0172169
0.940771	0.0167272
0.940768	0.017178
0.940771	0.0165139
0.940757	0.0167362
0.940757	0.0175431
0.940754	0.0185162
0.940831	0.0186203
0.940761	0.0166639
0.94092	0.0169451
0.940803	0.0168127
0.940771	0.0173688
0.940786	0.017609
0.940789	0.0182691
0.940821	0.0161601
0.940824	0.0179931
0.940764	0.0163742
0.940793	0.0162374
0.940793	0.0164675
0.940828	0.0160176
0.940831	0.0171801
0.940761	0.0175492
0.940824	0.0164046
0.940839	0.0161731
0.940831	0.017726
0.940831	0.0160127
0.94092	0.0160459
0.9408	0.0173073
0.940831	0.0177609
0.940835	0.0174225
0.940888	0.0175138
0.940874	0.0174865
0.940874	0.0176234
0.940877	0.0169882
0.94093	0.0159927
0.94092	0.0163139
0.940884	0.0160092
0.940934	0.0175664
0.940892	0.0170419
0.94092	0.0176931
0.940888	0.0162115
0.940874	0.0172006
0.941036	0.0178749
0.940969	0.0180242
0.941036	0.0169128
0.941001	0.016301
0.941156	0.016264
0.941128	0.0168985
0.941079	0.0172604
0.94116	0.0174978
0.941153	0.0175937
0.941178	0.018093
0.941192	0.0181632
0.941178	0.0184545
0.941185	0.0186822
0.941248	0.0175916
0.941167	0.0174703
0.941202	0.0168674
0.941174	0.0179076
0.941192	0.0179691
0.941178	0.0179072
0.941185	0.0179076
0.941181	0.0169486
0.941188	0.0166801
0.941326	0.016614
0.941344	0.01572
0.941192	0.0165421
0.941283	0.0166759
0.941231	0.0166943
0.941336	0.0167016
0.94134	0.0170221
0.941273	0.0181055
0.941336	0.0181594
0.941259	0.017304
0.941336	0.017272
0.941326	0.0173068
0.941389	0.0173688
0.941365	0.0178264
0.941495	0.0185164
0.941446	0.0192482
0.9414	0.0183888
0.941432	0.0191803
0.941509	0.0193264
0.941492	0.0191474
0.941541	0.019438
0.94163	0.0189215
0.941598	0.0193772
0.941619	0.0195202
0.941601	0.0193534
0.941591	0.0193732
0.941612	0.0196273
0.941626	0.0190329
0.941704	0.0185838
0.941598	0.0178565
0.941598	0.0187225
0.941686	0.0189783
0.941598	0.0188075
0.94164	0.0181879
0.941753	0.0185699
0.941753	0.0189034
0.941728	0.0189517
0.941739	0.0195374
0.941612	0.0189441
0.941647	0.0192684
0.941622	0.0196372
0.94164	0.0182965
0.941757	0.0187621
0.941665	0.0185482
0.94176	0.0181985
0.941728	0.0178989
0.9417	0.0196097
0.941753	0.0187943
0.941721	0.0194147
0.941725	0.01904
0.941916	0.0196676
0.941746	0.0198492
0.941771	0.0200984
0.941672	0.0193798
0.941704	0.0181234
0.941736	0.0182312
0.941714	0.0179823
0.941753	0.0187192
0.941803	0.0177529
0.94182	0.0176554
0.941898	0.0176806
0.942007	0.0178631
0.941976	0.0176924
0.941916	0.0174712
0.941845	0.0176052
0.941993	0.0172717
0.942007	0.0178911
0.941947	0.0184691
0.941972	0.0186563
0.941905	0.0188485
0.941841	0.0184696
0.942036	0.0185598
0.941983	0.0191754
0.942022	0.0189126
0.942029	0.0177616
0.941962	0.0171111
0.941986	0.0183129
0.94187	0.0175244
0.942014	0.0181641
0.94193	0.0177894
0.942018	0.0176043
0.942014	0.0173082
0.942029	0.0172661
0.942064	0.0171592
0.941944	0.0164979
0.942032	0.0186846
0.942025	0.0180334
0.942071	0.0172447
0.942103	0.0185383
0.942067	0.0168231
0.94205	0.0185075
0.942085	0.0177235
0.942085	0.0177701
0.942078	0.0185051
0.942096	0.0166187
0.942113	0.0166479
0.942117	0.0171359
0.942103	0.0170777
0.942106	0.016524
0.942113	0.0175862
0.942156	0.0182934
0.942124	0.0167223
0.942096	0.0164875
0.942177	0.0166488
0.942163	0.0180543
0.942166	0.0179616
0.942149	0.0178297
0.942149	0.0185591
0.942163	0.0184733
0.942205	0.0185631
0.942011	0.0181721
0.942279	0.017305
0.94218	0.0169416
0.942184	0.017454
0.942343	0.0175094
0.94217	0.0183367
0.94217	0.0173167
0.942184	0.0187183
0.942406	0.0186582
0.942159	0.0184425
0.942244	0.0176933
0.942177	0.0174585
0.942226	0.0185482
0.942219	0.0185598
0.942248	0.0191966
0.942322	0.019096
0.942286	0.01962
0.942311	0.0194877
0.942428	0.0194288
0.942421	0.0198984
0.942435	0.0197013
0.942445	0.0196817
0.942424	0.0196462
0.942456	0.0193224
0.942431	0.0184936
0.942442	0.0184137
0.942505	0.019548
0.942527	0.0199695
0.942576	0.0192067
0.942565	0.0204811
0.942551	0.0206393
0.942576	0.0200602
0.942608	0.0202875
0.942668	0.0204406
0.942685	0.0192559
0.942632	0.019145
0.942728	0.0195418
0.942671	0.0198989
0.942837	0.0194349
0.942728	0.0195732
0.942841	0.0196963
0.942866	0.0196361
0.94288	0.0198567
0.942823	0.0196299
0.94283	0.0201506
0.942869	0.0202267
0.942837	0.0199764
0.942922	0.0199309
0.942756	0.0200875
0.942844	0.0204147
0.942837	0.020893
0.942982	0.0205279
0.942851	0.0208353
0.942834	0.0210385
0.94288	0.0209756
0.942894	0.0210324
0.942869	0.0210847
0.942915	0.0213916
0.942841	0.0217053
0.942933	0.0216907
0.942982	0.0217163
0.942986	0.0222719
0.942989	0.0235585
0.942979	0.0229429
0.943007	0.0228816
0.943106	0.0221991
0.943039	0.0225399
0.943088	0.0229735
0.943222	0.0237349
0.943173	0.0234575
0.943074	0.0245543
0.943152	0.0250133
0.943236	0.0239959
0.943092	0.0255672
0.94324	0.0260983
0.943279	0.0263208
0.943303	0.0262438
0.943289	0.025899
0.94325	0.0264322
0.943303	0.0253642
0.943332	0.0253074
0.943321	0.0253225
0.943388	0.0259002
0.943356	0.0282153
0.943363	0.0273948
0.943381	0.0271694
0.943385	0.0288337
0.943385	0.0291729
0.943416	0.0292739
0.943371	0.0283222
0.943388	0.0299873
0.943363	0.0282113
0.943388	0.0288757
0.94336	0.0291858
0.943385	0.0304983
0.943402	0.0296712
0.943392	0.0299626
0.943484	0.0309623
0.943395	0.0310756
0.943515	0.0324397
0.943395	0.0328372
0.943388	0.033519
0.943378	0.0340426
0.943399	0.0343897
0.943392	0.0346846
0.943597	0.0356667
0.943399	0.0371916
0.943395	0.0370708
0.943427	0.0384822
0.943374	0.0379007
0.943406	0.0379217
0.943434	0.0394071
0.943544	0.0395437
0.943551	0.0415524
0.943653	0.0418986
0.9436	0.0430615
0.94359	0.0422617
0.943639	0.0424949
0.94366	0.0430083
0.943628	0.044078
0.94365	0.0451604
0.943653	0.0458618
0.943706	0.0467861
0.943713	0.0484025
0.943731	0.0481048
0.943664	0.0492732
0.943784	0.0504627
0.943752	0.0514078
0.943805	0.0526327
0.943745	0.0536907
0.943784	0.0563355
0.943777	0.0562335
0.943844	0.0601851
0.943844	0.0593474
0.943911	0.0606797
0.943953	0.0634241
0.943932	0.065031
0.944042	0.0664076
0.943996	0.0663019
0.944013	0.0678548
0.944038	0.0710197
0.944084	0.0734859
0.944102	0.0751371
0.944098	0.0768436
0.944102	0.0786491
0.94408	0.0793813
0.944091	0.0820275
0.944098	0.0832847
0.944236	0.0851473
0.944218	0.0876492
0.944158	0.0873527
0.944176	0.0892005
0.944133	0.0915618
0.944232	0.0932963
0.944243	0.0943111
0.944169	0.0962143
0.944331	0.0988532
0.944444	0.103138
0.944349	0.105963
0.944494	0.108574
0.944494	0.112276
0.944515	0.116145
0.944592	0.119287
0.944525	0.121587
0.944628	0.124447
0.944638	0.127185
0.944599	0.129867
0.944645	0.133231
0.944649	0.135594
0.944649	0.139102
0.94479	0.142547
0.944652	0.144915
0.944652	0.148258
0.944638	0.152306
0.944727	0.155608
0.944893	0.159087
0.944907	0.165925
0.9449	0.169983
0.9449	0.174841
0.944974	0.176009
0.945027	0.178978
0.945034	0.183416
0.94502	0.184308
0.945048	0.192463
0.945104	0.199376
0.945062	0.203141
0.945126	0.210926
0.945062	0.21351
0.945172	0.216555
0.945062	0.22551
0.945073	0.232309
0.945309	0.239833
0.945327	0.248656
0.945172	0.253529
0.94532	0.259665
0.945316	0.261081
0.945323	0.264566
0.945327	0.269844
0.94544	0.275537
0.945405	0.282257
0.945447	0.290514
0.945472	0.296202
0.945504	0.301506
0.945638	0.311199
0.945652	0.319211
0.945715	0.326897
0.94573	0.337231
0.945818	0.340257
0.9458	0.345419
0.945804	0.352891
0.945722	0.369027
0.945744	0.376103
0.945786	0.383421
0.945807	0.394352
0.945881	0.400636
0.945956	0.410893
0.945998	0.414517
0.946058	0.423082
0.946174	0.433942
0.946182	0.437552
0.946167	0.453673
0.946235	0.460285
0.946259	0.460012
0.946256	0.468426
0.946295	0.48796
0.946291	0.494661
0.946503	0.509496
0.946577	0.534453
0.946566	0.543165
0.946365	0.558631
0.946503	0.566913
0.946556	0.573572
0.946634	0.58996
0.946665	0.601614
0.946736	0.605778
0.94669	0.61348
0.946821	0.62332
0.946884	0.63792
0.946973	0.648949
0.946983	0.661765
0.947079	0.69615
0.947026	0.703888
0.947033	0.721739
0.947124	0.742823
0.947121	0.757545
0.947202	0.759937
0.947403	0.775856
0.947421	0.791009
0.947495	0.809418
0.947545	0.821836
0.947806	0.824301
0.947672	0.840608
0.947806	0.867399
0.947933	0.878763
0.947937	0.891209
0.948067	0.901256
0.948194	0.91096
0.948198	0.90641
0.948322	0.927635
0.948343	0.934543
0.948629	0.940241
0.948675	0.936527
0.948774	0.948888
0.948759	0.951504
0.949014	0.950038
0.949109	0.952472
0.94925	0.953584
0.949437	0.955272
0.949385	0.961414
0.94948	0.956615
0.949688	0.963382
0.949844	0.954188
0.949844	0.963382
0.949957	0.957527
0.950041	0.961259
0.950267	0.946153
0.950394	0.938045
0.950416	0.959214
0.950536	0.959529
0.950716	0.960076
0.950945	0.969904
0.95109	0.965276
0.951189	0.96485
0.951136	0.940821
0.951207	0.94268
0.95144	0.951165
0.951592	0.95349
0.951634	0.971914
0.951691	0.959381
0.951888	0.962305
0.95204	0.964654
0.952206	0.958323
0.952294	0.963486
0.952337	0.978144
0.952439	0.964977
0.952672	0.958994
0.952715	0.957953
0.952775	0.959421
0.952919	0.953686
0.953103	0.955785
0.953258	0.95965
0.953276	0.957609
0.95341	0.971212
0.953601	0.982086
0.953686	0.983549
0.953859	0.985495
0.953961	0.983483
0.954025	0.982543
0.954205	0.986337
0.954403	0.977437
0.954523	0.982039
0.954724	0.983891
0.954773	0.987793
0.95483	0.975038
0.954943	0.954996
0.95519	0.968917
0.955303	0.967595
0.955303	0.966775
0.955395	0.95931
0.955603	0.96555
0.95578	0.988702
0.955776	0.980781
0.955971	0.990802
0.956123	0.980477
0.956165	0.961761
0.956172	0.967322
0.956426	0.971457
0.956483	0.967765
0.956553	0.964796
0.956808	0.964923
0.956846	0.966115
0.956861	0.966304
0.957041	0.972913
0.95727	0.967128
0.957327	0.975879
0.957549	0.986037
0.957447	0.982668
0.95769	0.956923
0.957821	0.953108
0.957966	0.985097
0.958082	0.981789
0.958128	0.979793
0.958199	0.981231
0.958379	0.98489
0.958566	0.951895
0.958669	0.956329
0.958934	0.972018
0.958768	0.972668
0.959008	0.980738
0.959135	0.984053
0.959301	0.96604
0.959347	0.982046
0.959396	0.979793
0.959506	0.981445
0.959756	0.970971
0.959834	0.970366
0.95977	0.987616
0.959915	0.995368
0.960028	0.985274
0.960215	0.966438
0.960332	0.98063
0.960332	0.958243
0.960537	0.971219
0.960614	0.999265
0.96072	0.996436
0.960975	0.982178
0.96101	0.981626
0.960999	0.984609
0.961088	0.985017
0.961222	1.00217
0.961395	1.00311
0.961494	0.990783
0.961575	0.999492
0.961776	1.00952
0.961702	1.00453
0.96185	0.999145
0.961978	1.00424
0.962207	0.990137
0.962235	1.01095
0.962391	0.992597
0.962278	1.01046
0.962423	1.00759
0.96268	1.00605
0.962811	1.01071
0.962804	1.01291
0.962811	1.00004
0.962878	0.991379
0.963076	1.00427
0.963214	1.01601
0.963217	1.00709
0.963214	1.00559
0.963337	1.0107
0.96357	0.999214
0.963623	0.991325
0.963878	0.990234
0.963892	1.00084
0.963909	0.992522
0.964033	0.989093
0.964114	0.990265
0.964301	1.0028
0.964372	0.99477
0.964556	0.990722
0.964711	1.00724
0.964743	1.0071
0.964757	1.01576
0.964852	1.00777
0.964895	1.00441
0.965156	1.01628
0.965202	0.992034
0.965149	1.00468
0.965558	1.00733
0.965566	1.00093
0.96564	1.00802
0.965696	1.00167
0.965746	0.999334
0.965972	0.981113
0.965975	0.983533
0.966116	0.993735
0.966205	0.992882
0.966371	0.992967
0.966378	0.986002
0.966402	0.984343
0.966526	0.986297
0.966749	0.993648
0.966805	0.998811
0.966805	1.00049
0.96683	1.01184
0.966967	0.995375
0.967176	0.980382
0.967268	0.98895
0.967367	0.983368
0.967617	0.986044
0.967462	0.985158
0.967617	0.970634
0.967759	0.972088
0.967981	0.972564
0.968055	0.972703
0.968048	0.999876
0.968129	1.00855
0.968207	1.01403
0.968401	1.00909
0.968571	1.00611
0.968617	1.0044
0.968627	1.01122
0.968744	1.00684
0.968892	1.00688
0.968994	1.00052
0.96903	1.01906
0.969288	1.0148
0.969298	1.01453
0.969348	1.01389
0.969499	1.00572
0.969655	1.00593
0.969793	0.998945
0.969849	1.00379
0.969899	0.995898
0.969877	1.00035
0.97011	1.00357
0.970178	1.01358
0.970312	1.01521
0.970305	1.01423
0.970347	1.01044
0.970573	1.01078
0.970725	0.999951
0.970838	0.998775
0.970997	0.976817
0.970979	0.981318
0.970986	0.976487
0.971092	1.00231
0.971223	1.01006
0.971456	1.01946
0.971537	1.01469
0.971569	1.01957
0.971558	1.01703
0.971813	1.01236
0.971901	1.0135
0.971989	1.01741
0.972042	0.99674
0.972243	0.994412
0.972247	1.00584
0.972385	1.01062
0.972399	0.994657
0.972505	1.01286
0.972664	0.999364
0.972791	1.01339
0.97283	1.0096
0.972858	0.986975
0.97307	0.999289
0.973056	0.988332
0.973204	0.987303
0.973271	0.986872
0.973493	0.992284
0.973493	0.986259
0.973493	0.991115
0.973592	0.991546
0.973659	0.990672
0.973815	1.01009
0.973921	0.991876
0.973935	1.00123
0.974066	1.00534
0.974083	1.00265
0.974143	0.984475
0.974316	1.01004
0.974415	1.01076
0.974341	0.98485
0.974507	0.982666
0.974514	0.993497
0.974641	0.996075
0.974751	0.989624
0.974881	0.990477
0.974906	0.995085
0.975076	0.990717
0.975164	0.987816
0.97515	0.983634
0.975185	1.00202
0.975245	0.99596
0.975305	0.987152
0.975468	0.983898
0.975581	1.00457
0.975658	1.00205
0.975708	0.976049
0.975718	0.999683
0.975729	0.979313
0.975902	0.970677
0.976008	0.997192
0.976015	0.972958
0.976139	0.990055
0.97634	0.975045
0.976128	0.970698
0.97647	0.976711
0.976396	0.977703
0.976393	0.975078
0.976513	0.968273
0.976654	0.967305
0.976813	0.985835
0.976855	0.981881
0.97694	0.98657
0.976926	0.985085
0.976937	0.988182
0.976986	0.986322
0.977159	0.990137
0.977201	0.980097
0.977343	0.947845
0.977417	0.953719
0.97735	0.95198
0.977417	0.954984
0.97748	0.966556
0.977657	0.978339
0.977738	0.97592
0.97777	0.977906
0.977982	0.969188
0.978028	0.969607
0.978017	0.96653
0.978024	0.974006
0.978113	0.97591
0.978339	0.982362
0.978303	0.981023
0.978448	0.978408
0.978565	0.977098
0.978596	0.981077
0.9786	0.978019
0.978851	0.962849
0.978667	0.978215
0.978741	0.984718
0.978865	0.983674
0.978865	0.986582
0.978935	0.983844
0.979024	0.984789
0.979108	0.965111
0.979281	0.966033
0.979327	0.959494
0.979289	0.975363
0.979384	0.963851
0.979462	0.964181
0.979691	0.962138
0.979769	0.961219
0.979839	0.974984
0.979864	0.962567
0.98002	0.981238
0.980129	0.967658
0.980221	0.958233
0.980277	0.951214
0.980454	0.956127
0.980549	0.958417
0.980546	0.95701
0.980588	0.961864
0.980698	0.963408
0.980729	0.962416
0.980856	0.944437
0.980955	0.964928
0.980938	0.946188
0.981097	0.960027
0.981097	0.970863
0.9811	0.971179
0.981273	0.979756
0.981365	0.98173
0.981534	0.971921
0.981478	0.978273
0.981527	0.975309
0.981527	0.957102
0.981584	0.953457
0.981789	0.956414
0.981785	0.965385
0.981852	0.963933
0.982022	0.964906
0.982075	0.969096
0.981983	0.972352
0.982202	0.971502
0.982248	0.958535
0.98222	0.960349
0.982407	0.951857
0.982403	0.964169
0.982622	0.968262
0.98271	0.977225
0.982682	0.964555
0.982785	0.953295
0.982795	0.934979
0.982986	0.97444
0.983057	0.977887
0.982855	0.961405
0.983088	0.934454
0.983085	0.959298
0.983219	0.969119
0.983268	0.974781
0.983434	0.974313
0.983473	0.961101
0.983339	0.936315
0.983477	0.94599
0.98353	0.963721
0.983551	0.962927
0.983622	0.976186
0.983615	0.976659
0.983763	0.97431
0.983876	0.97628
0.984017	0.960316
0.984017	0.976221
0.984035	0.972932
0.984038	0.959371
0.984031	0.958365
0.984045	0.960821
0.98413	0.972029
0.984243	0.954862
0.984289	0.948952
0.984448	0.946714
0.984466	0.961874
0.984342	0.948071
0.984476	0.953196
0.984473	0.945465
0.984617	0.943568
0.984621	0.942628
0.984734	0.950762
0.984709	0.941669
0.984843	0.940554
0.984893	0.958405
0.984879	0.952079
0.984879	0.949011
0.985154	0.95382
0.984946	0.955707
0.98514	0.962482
0.985144	0.96239
0.985193	0.945736
0.985221	0.942194
0.985239	0.968764
0.985285	0.953695
0.985514	0.954864
0.985476	0.960078
0.985585	0.958561
0.985596	0.962981
0.985663	0.968375
0.985719	0.952953
0.985705	0.953217
0.985698	0.960971
0.985702	0.961612
0.985772	0.943222
0.985924	0.943625
0.98597	0.959963
0.985998	0.960467
0.986051	0.972821
0.986111	0.97644
0.986115	0.961457
0.986376	0.957331
0.986351	0.95386
0.98639	0.95521
0.98638	0.96767
0.98639	0.975038
0.986433	0.972385
0.986517	0.972274
0.986524	0.956589
0.98668	0.975227
0.986719	0.964214
0.9868	0.977911
0.986835	0.978846
0.986835	0.98283
0.986948	0.988175
0.986945	0.989642
0.986948	0.98141
0.986959	0.983851
0.98698	0.993092
0.987213	0.993478
0.987185	0.987244
0.98727	0.970686
0.987351	0.974152
0.987425	0.967988
0.98745	0.969607
0.987414	0.984489
0.987605	0.977277
0.987609	0.984951
0.987609	0.985814
0.987672	0.969397
0.987683	0.983674
0.987757	0.979138
0.987767	0.970349
0.987958	0.963846
0.987944	0.980616
0.988046	0.97111
0.988046	0.992307
0.988195	0.997439
0.988036	0.988365
0.988085	0.99821
0.988156	0.977508
0.988149	0.988177
0.988198	0.979207
0.988301	0.979133
0.988301	0.997121
0.988445	0.98428
0.988463	0.978867
0.988597	0.972291
0.988597	0.972734
0.988611	0.977583
0.988622	0.999466
0.988569	0.999395
0.988756	0.988667
0.988869	0.979129
0.988862	0.982948
0.988869	0.977578
0.98894	0.977001
0.988986	0.986403
0.989032	0.975354
0.98912	0.99965
0.989198	0.974883
0.989275	0.977922
0.989293	0.969357
0.98929	0.986978
0.989286	0.957981
0.98929	0.984544
0.989286	0.989159
0.98936	0.989767
0.989438	0.989265
0.98948	0.983511
0.989625	0.997951
0.989636	0.999006
0.989678	1.00003
0.98978	0.98936
0.989696	0.988389
0.989809	0.998799
0.989706	0.995512
0.989837	0.988681
0.989862	0.971016
0.990003	0.963738
0.989862	0.978266
0.989848	0.967251
0.990031	0.982783
0.989908	0.988483
0.990109	0.988898
0.990158	0.967086
0.990187	0.976205
0.990218	0.980733
0.990254	0.997581
0.990215	0.999374
0.990335	1.00524
0.990314	1.006
0.99025	0.968118
0.990434	0.971996
0.990441	0.965863
0.990575	0.993066
0.990533	0.981419
0.990522	0.996718
0.990533	0.982208
0.990518	1.00674
0.990564	1.006
0.990547	1.00705
0.990596	1.00079
0.990639	0.999911
0.99067	1.00334
0.990752	0.995432
0.990713	1.0077
0.990836	0.996365
0.990907	1.00138
0.990974	1.00567
0.991031	0.986049
0.991045	0.997899
0.991055	0.995203
0.990953	0.987058
0.991098	0.979657
0.990946	0.982654
0.991101	0.984595
0.991098	0.981575
0.991087	0.984753
0.991066	0.993775
0.991084	1.00482
0.991179	0.999826
0.991193	1.00326
0.991242	1.0031
0.991288	1.01093
0.991352	1.00785
0.991426	0.987444
0.991426	0.987972
0.991447	0.987187
0.991468	0.98673
0.991511	0.991136
0.991504	0.990194
0.991486	0.997628
0.991518	0.988073
0.991521	0.999546
0.991627	1.00185
0.99162	0.987633
0.991751	0.982322
0.991786	0.99177
0.991776	0.98152
0.991843	0.980667
0.991839	0.977835
0.991896	0.987298
0.991899	0.986655
0.991935	0.988712
0.992048	0.997906
0.991931	0.983314
0.991931	0.993309
0.992161	0.990788
0.992171	0.986516
0.992199	1.00524
0.992224	1.01701
0.992189	1.0112
0.992192	1.01731
0.992245	1.02437
0.992351	1.01614
0.992277	1.01065
0.992323	1.00766
0.992355	1.01185
0.992337	1.00265
0.992457	1.0108
0.992521	1.01739
0.992563	1.022
0.992673	1.0179
0.99268	1.01448
0.992641	1.02298
0.992772	1.01123
0.99275	1.01661
0.992768	1.01365
0.992772	1.02041
0.993012	1.02036
0.992761	1.01288
0.992761	1.01583
0.992764	1.01042
0.992789	1.00193
0.992902	1.01526
0.992888	1.0221
0.993005	1.01682
0.993043	1.02413
0.993043	1.02232
0.993111	0.999789
0.993149	1.00536
0.993153	0.998005
0.993171	0.987468
0.993167	1.00918
0.993185	0.991011
0.993199	1.00828
0.993361	1.00573
0.993301	1.01335
0.993457	1.00567
0.993439	1.01511
0.993305	1.01098
0.993425	1.02453
0.993601	1.01339
0.993439	1.00522
0.993435	1.00708
0.993485	1.00148
0.993488	1.00347
0.993559	1.00565
0.993566	1.03408
0.993556	1.02597
0.993612	1.03042
0.993704	1.02416
0.99369	1.02403
0.99376	1.02951
0.993789	1.01561
0.993863	1.01941
0.993859	1.0051
0.993937	1.01074
0.993997	1.01795
0.993962	1.02899
0.993859	1.02156
0.994004	1.00612
0.994025	1.01617
0.994022	1.00691
0.994025	1.01578
0.993919	1.01909
0.994018	1.02344
0.993955	1.02289
0.994018	1.02567
0.994258	1.01461
0.994106	1.01698
0.994053	1.01602
0.994177	1.01583
0.994131	1.01638
0.99429	1.00982
0.994269	1.00371
0.994286	1.00495
0.994272	1.00971
0.994325	1.01923
0.994318	1.0198
0.994322	1.01902
0.994371	1.02723
0.994445	1.0136
0.994421	1.00939
0.994399	1.00622
0.994463	1.02181
0.994505	1.0217
0.994435	0.99928
0.994544	1.00601
0.994509	1.00129
0.994442	0.99726
0.994438	1.00292
0.994657	0.997736
0.994682	0.997284
0.994696	1.02105
0.994696	1.02098
0.994703	0.998573
0.9947	1.02115
0.994622	1.01933
0.9947	1.00393
0.994703	1.01114
0.994696	1.02382
0.994714	1.01971
0.994739	1.01766
0.994781	1.01642
0.994756	1.01879
0.994788	0.99792
0.994866	1.0071
0.99482	1.00345
0.994897	0.995795
0.994834	1.01202
0.99489	1.00709
0.99494	1.00665
0.995	1.00734
0.994972	1.0121
0.995099	1.0172
0.995014	1.01637
0.995116	1.01322
0.995113	1.01817
0.995116	1.01395
0.995127	1.01852
0.995113	1.0115
0.995106	1.01791
0.995134	1.00993
0.995106	0.998474
0.995159	1.00548
0.995134	0.985293
0.995162	0.986982
0.995201	1.00931
0.99518	0.992336
0.995212	1.00749
0.995261	1.01379
0.995304	1.01984
0.995395	1.02234
0.995364	1.01795
0.995385	1.00499
0.995427	1.01023
0.99547	0.997159
0.995597	1.01173
0.995522	1.0038
0.99559	0.997743
0.995522	0.980594
0.995678	0.979805
0.995586	1.00938
0.995674	1.00463
0.995547	1.01405
0.995558	1.01356
0.9956	1.01298
0.995635	1.01218
0.995681	1.00858
0.995943	0.984051
0.995681	1.00311
0.995688	0.987571
0.995766	0.982852
0.995681	0.996685
0.995724	0.996603
0.99595	0.995305
0.99577	1.0035
0.995872	0.987161
0.995833	1.01108
0.99578	1.0199
0.995816	1.01083
0.995939	1.00136
0.996013	0.998474
0.995982	1.01414
0.996017	1.01381
0.99602	1.02545
0.996006	1.0288
0.996031	1.01077
0.996049	1.00745
0.996059	0.999664
0.99608	0.994492
0.996077	1.00307
0.996137	1.01738
0.996165	1.00738
0.99619	0.99874
0.996119	0.999152
0.996321	1.00103
0.996412	1.00532
0.996095	0.997906
0.996345	0.998844
0.996345	0.994909
0.99619	1.01287
0.996338	1.00631
0.996469	1.00367
0.996342	1.00281
0.996331	1.00879
0.996345	1.00741
0.996352	1.00239
0.996416	1.00928
0.996416	0.994317
0.996384	1.00195
0.996384	1.00102
0.996494	1.00482
0.996448	1.00656
0.996501	1.01243
0.996479	0.996949
0.996504	1.00561
0.996448	1.01104
0.996501	0.993768
0.99649	1.0068
0.996568	1.00068
0.99655	1.0123
0.996596	0.997324
0.996564	1.00099
0.996631	1.00064
0.996723	0.995599
0.996578	0.993191
0.99655	0.98698
0.996741	0.988118
0.996684	1.00026
0.996681	0.99156
0.996811	1.00717
0.996755	0.998314
0.996751	1.00519
0.996857	1.01346
0.996861	1.00933
0.996751	0.993643
0.996769	0.994119
0.996748	0.992793
0.996758	0.992081
0.996744	0.992505
0.996857	1.01094
0.996882	0.992159
0.996758	0.987812
0.99685	1.0011
0.996748	0.996254
0.996924	0.988125
0.996924	0.989346
0.996924	0.987838
0.996811	0.987496
0.996797	1.00271
0.996928	0.986278
0.996917	0.986985
0.996992	0.994214
0.996914	0.984298
0.997097	0.992991
0.996932	1.00451
0.996924	1.013
0.996921	1.01341
0.996921	0.996264
0.996939	1.00037
0.997016	1.00058
0.996992	0.995168
0.997076	0.995554
0.997034	0.99136
0.997037	1.01229
0.996977	1.00672
0.997147	0.989042
0.997052	0.975583
0.997218	0.98316
0.997143	1.00233
0.997133	0.99924
0.997175	0.999112
0.997221	0.984065
0.997225	0.985726
0.997232	0.975425
0.997253	0.977164
0.997263	0.981252
0.997285	0.984539
0.997271	0.984371
0.997246	0.988233
0.997352	1.00002
0.997327	1.00213
0.997352	1.01307
0.997338	1.00121
0.997422	0.987168
0.997458	0.980908
0.997532	1.00579
0.997327	1.01001
0.997288	1.00522
0.997557	1.00577
0.997419	0.990069
0.997581	0.98529
0.997592	1.00304
0.997592	0.997583
0.997436	1.00429
0.997595	0.985908
0.997433	0.986527
0.997595	0.996664
0.997599	0.996516
0.997564	1.00653
0.997645	1.00673
0.997634	1.01049
0.997631	1.00036
0.997624	0.979671
0.997631	1.00814
0.997701	1.01331
0.997645	1.0123
0.997684	1.01654
0.997715	1.01475
0.997726	1.00267
0.997677	1.00248
0.99774	0.997741
0.997715	1.00002
0.997811	1.002
0.997832	1.00941
0.997857	1.02064
0.997871	1.01897
0.997899	1.0011
0.997878	1.01454
0.997832	1.01731
0.997994	0.999741
0.998005	0.985856
0.99809	0.995418
0.998093	1.00165
0.998019	0.992458
0.998002	0.997647
0.998047	0.992866
0.998065	0.995154
0.998129	0.979108
0.9981	0.98514
0.997998	1.00487
0.998009	1.00846
0.997998	1.0118
0.998009	1.00994
0.998005	0.992154
0.998143	0.998667
0.998171	1.01046
0.998033	1.00858
0.998009	1.00735
0.99816	1.01817
0.998054	1.0141
0.998065	1.01154
0.998168	1.00806
0.998168	1.01019
0.99816	1.00996
0.998125	1.01298
0.998153	1.01057
0.998213	0.983217
0.998157	0.978782
0.998249	0.998259
0.998199	0.990894
0.998157	0.992065
0.998122	0.975912
0.998164	0.993662
0.998178	0.976424
0.998175	0.977168
0.998228	0.98194
0.998153	1.0055
0.998266	0.98551
0.998203	0.995062
0.998252	0.999661
0.998189	0.987435
0.998263	1.00253
0.998358	1.00028
0.998252	1.00385
0.998316	0.997084
0.998369	1.00052
0.998337	0.98824
0.998355	0.979624
0.998309	1.00086
0.998404	0.982783
0.998422	0.992677
0.998454	0.97718
0.99839	0.978325
0.998443	0.989082
0.998397	0.996023
0.998443	0.993445
0.998499	0.976136
0.998482	0.975585
0.998432	0.990924
0.998432	0.974994
0.998482	0.994119
0.998425	0.984315
0.998468	0.993712
0.998524	0.994909
0.99851	0.992298
0.998499	1.00115
0.998531	0.984713
0.998492	0.970988
0.998503	0.974975
0.99851	0.965986
0.998531	0.96435
0.998542	0.982871
0.998584	0.975978
0.998581	0.987067
0.998567	0.992482
0.998563	0.995262
0.99857	0.990392
0.998567	0.985568
0.99856	0.993726
0.998574	0.989609
0.998574	0.985413
0.998574	0.981883
0.998574	0.988804
0.998574	0.990806
0.998567	0.9894
0.998574	0.992095
0.998556	0.992774
0.998577	0.9939
0.998577	0.989652
0.998567	0.976994
0.998567	0.99641
0.998672	0.987491
0.998574	0.982776
0.99862	0.977227
0.998651	0.972929
0.998687	0.972244
0.99875	0.97554
0.998584	0.983047
0.998817	0.980955
0.998672	0.981765
0.998775	0.977628
0.998764	0.981407
0.998846	0.980887
0.998867	0.979223
0.998863	0.979991
0.998923	0.977694
0.998856	0.976535
0.998838	0.976864
0.998923	0.97317
0.998884	0.970573
0.998891	0.986282
0.998916	0.97235
0.998909	0.985536
0.998951	1.00214
0.998976	1.00445
0.998973	1.0039
0.998976	0.994134
0.998983	0.980446
0.999029	0.981487
0.998997	0.977944
0.999068	0.978681
0.99899	0.992517
0.99899	0.998356
0.999054	0.992602
0.9991	0.999388
0.999061	0.99374
0.999121	0.991645
0.999139	0.994942
0.998987	0.975792
0.999146	0.982034
0.999209	0.9951
0.998983	1.00172
0.999269	1.00103
0.998976	0.98534
0.999135	0.984374
0.998994	0.980378
0.999008	0.98472
0.999054	0.979287
0.999234	0.983158
0.999004	0.977833
0.99934	1.00119
0.999234	0.977904
0.999216	0.995795
0.999103	0.996009
0.999248	0.997675
0.999255	0.995415
0.999234	0.99788
0.999252	0.992258
0.999255	0.991478
0.999336	0.989683
0.999252	0.977696
0.999252	0.986982
0.999266	0.995705
0.999301	1.00406
0.999305	0.998855
0.999298	0.990679
0.99929	0.994989
0.999343	0.983719
0.999301	0.973238
0.999305	0.972776
0.999322	0.975594
0.999347	0.977331
0.999305	0.985663
0.999396	0.9851
0.999315	1.00286
0.999319	0.994442
0.999287	0.96981
0.99928	0.991968
0.999336	0.978087
0.999298	0.972453
0.999368	0.976059
0.999343	0.971513
0.999312	0.970125
0.999333	0.975029
0.999347	0.976874
0.999386	0.983797
0.999336	0.998973
0.999372	0.974807
0.999421	0.978422
0.999421	0.974376
0.999524	0.992677
0.999591	0.977215
0.999421	0.981789
0.99952	0.971066
0.999488	0.975288
0.999538	0.976926
0.999524	0.975717
0.999403	0.970175
0.999442	0.975507
0.999425	0.975326
0.999439	0.973594
0.999541	0.997423
0.999527	1.00155
0.999591	0.997241
0.999569	0.997355
0.999601	0.998043
0.99964	0.997557
0.999605	0.993068
0.999658	0.996471
0.99964	0.989741
0.999658	0.982673
0.999566	0.98173
0.999594	0.985385
0.999619	0.988488
0.999587	0.961601
0.999665	0.973646
0.999686	0.979892
0.999654	0.990922
0.999608	0.996744
0.999644	0.992093
0.999651	0.992039
0.999686	0.974251
0.999644	0.973693
0.999658	0.972357
0.99969	0.985359
0.999644	0.988401
0.999651	0.992164
0.999651	0.991612
0.999711	0.992324
0.999658	0.989753
0.999735	0.972736
0.999728	0.975901
0.999665	0.992929
0.999658	0.978236
0.999746	0.990411
0.999714	0.973794
0.999753	0.974741
0.99975	0.973137
0.999658	0.971256
0.999767	0.974298
0.99981	0.98063
0.999711	0.984883
0.999658	0.986598
0.999803	1.00138
0.999718	0.976895
0.999806	0.982538
0.999693	0.982286
0.999665	0.98144
0.999743	0.980215
0.999799	0.977095
0.999806	0.975545
0.999803	0.987314
0.999746	0.996037
0.999799	1.00196
0.999774	1.00172
0.999746	0.995276
0.999767	1.00077
0.999806	0.989294
0.999795	0.985533
0.999838	0.985135
0.999813	0.99046
0.999785	0.993641
0.99994	0.993584
0.999848	1.0143
0.999884	1.01328
0.999901	0.997729
0.999947	0.990312
0.999845	1.00145
0.99994	0.992102
0.99994	0.994979
1.00001	0.991461
0.999916	0.985851
1.00007	0.985658
1.00007	0.986999
1.00005	0.987079
1.00012	0.994824
1.00009	0.988483
1.00012	0.993686
1.0001	1.00002
1.00014	1.00011
1.00011	0.99197
1.00017	1.0038
1.00012	0.999077
1.00015	1.00215
1.00011	1.00438
1.00013	1.00355
1.00014	1.00378
1.00018	1.01118
1.00014	1.01208
1.00008	1.01045
1.00017	1.01112
1.00016	1.00585
1.00018	0.995104
1.00011	0.988719
1.00014	0.97283
1.00012	0.995078
1.00022	1.00378
1.00021	0.989244
1.00029	0.979657
1.00021	0.987569
1.00022	0.996956
1.00023	0.97533
1.00029	0.980611
1.00025	0.999704
1.0003	0.995559
1.00033	0.996202
1.00022	0.998971
1.00023	0.999586
1.00022	1.0012
1.00029	0.999138
1.0002	0.968886
1.00021	0.985755
1.00036	0.993123
1.00036	0.998898
1.0003	0.998528
1.0003	0.983389
1.00035	0.973163
1.00034	0.984263
1.00022	1.00376
1.00034	1.00374
1.00033	0.984437
1.00022	0.974944
1.00038	0.979621
1.00019	0.987701
1.00022	0.970269
1.00023	0.979621
1.00043	0.981537
1.00022	0.982666
1.00022	0.970797
1.00033	0.9898
1.0003	0.97919
1.00044	0.988969
1.00022	0.98817
1.00023	0.979956
1.00021	0.982939
1.00031	0.989534
1.00043	0.991268
1.00044	0.993613
1.00022	0.986662
1.00022	0.994141
1.00048	0.996068
1.00036	0.989906
1.00046	0.993474
1.00043	0.988679
1.00023	0.97665
1.00023	0.995488
1.00022	1.00048
1.00048	0.979282
1.00048	0.992746
1.00021	0.99652
1.00048	0.988674
1.00027	0.991695
1.00023	0.999956
1.00042	0.998552
1.00022	0.991791
1.00036	0.991155
1.00023	0.959628
1.00049	0.988014
1.00047	0.989466
1.00048	0.995545
1.00048	0.984306
1.00048	0.979046
1.00048	0.971846
1.00048	0.976167
1.00048	0.97317
1.00027	0.970342
1.00034	0.981593
1.00048	0.982706
1.00036	0.975142
1.00048	0.973283
1.00036	0.972022
1.00058	0.9782
1.00042	0.978438
1.00048	0.991539
1.00046	0.998672
1.00049	0.999242
1.00048	0.99862
1.00044	0.995724
1.00048	0.989011
1.00048	1.00138
1.0005	0.997809
1.00048	1.00503
1.00051	0.999096
1.00055	0.991857
1.00057	0.990326
1.00053	0.986603
1.00051	0.983721
1.00053	0.979459
1.00057	0.982541
1.00051	0.983606
1.00059	0.9794
1.00057	0.979477
1.0006	0.986443
1.0006	0.97976
1.00065	0.979647
1.0006	1.00243
1.00058	0.994169
1.00059	1.00186
1.00063	0.99026
1.00068	0.981954
1.0007	0.979678
1.00073	0.990646
1.00067	0.990425
1.00076	0.989845
1.00063	0.993881
1.00063	0.991294
1.00085	0.999164
1.00077	0.993641
1.00063	0.975427
1.00066	0.988681
1.0007	0.990908
1.0007	0.99931
1.00077	0.994124
1.00079	0.992677
1.00073	0.97051
1.00086	0.991429
1.0008	1.00632
1.0009	0.998811
1.00081	1.00208
1.0008	0.997326
1.00085	0.992623
1.00091	0.999518
1.00089	0.997687
1.00085	1.0026
1.00088	0.996473
1.00085	0.997571
1.0009	0.996459
1.00091	0.986037
1.0009	0.988365
1.00089	0.98197
1.00089	0.999282
1.0009	0.996447
1.0009	0.986556
1.00089	0.99215
1.00091	0.988189
1.00091	0.985088
1.00094	0.990128
1.00094	0.996247
1.00087	0.988236
1.0009	0.99563
1.00091	0.989609
1.00095	0.985861
1.0009	0.984876
1.0009	0.993822
1.0009	1.00224
1.00092	1.00075
1.0009	0.997479
1.00097	0.982739
1.00094	0.977772
1.0009	0.980125
1.0009	0.989852
1.00094	1.00497
1.00089	1.00336
1.00098	1.00272
1.00089	1.00162
1.00096	0.999979
1.00094	1.00032
1.0009	0.999937
1.00093	0.985095
1.00098	0.989327
1.00089	0.983054
1.00096	0.98099
1.00089	0.988676
1.00089	0.990142
1.00097	0.989225
1.00089	1.00998
1.00102	1.00165
1.0009	0.979732
1.00095	0.98464
1.00097	0.980559
1.00098	0.981424
1.001	0.984242
1.00102	0.97747
1.00089	0.974395
1.00099	0.982248
1.00101	0.988474
1.00089	0.972133
1.0009	0.982833
1.00097	0.982074
1.00098	0.993047
1.00095	0.994715
1.00097	0.999939
1.00099	0.992814
1.00098	0.980698
1.00089	0.989866
1.00089	0.995799
1.00102	0.99591
1.0009	0.977451
1.00097	0.987934
1.00089	0.98051
1.00103	0.988759
1.00101	0.99538
1.00104	0.996026
1.00102	0.998302
1.00102	0.982336
1.00103	0.991754
1.00104	0.981405
1.00101	0.973502
1.00093	0.973952
1.00089	0.980618
1.0009	0.985576
1.00094	0.985137
1.00091	0.987472
1.00102	0.98301
1.00111	0.988179
1.00089	0.984134
1.00103	0.983469
1.00103	0.991339
1.00095	0.986207
1.00104	0.990809
1.00095	0.981473
1.00101	0.979155
1.00095	0.99161
1.001	0.998405
1.00105	1.00415
1.00104	1.01367
1.001	1.00945
1.00101	1.00139
1.00102	0.993695
1.00103	1.00329
1.00108	0.992835
1.00104	0.998648
1.001	1.0045
1.00105	1.00357
1.00112	1.00403
1.00122	1.00841
1.00111	1.00381
1.00119	1.00298
1.00115	0.997093
1.00113	0.999862
1.00113	1.00321
1.0011	0.999796
1.00122	0.996907
1.00114	0.999145
1.0013	0.999711
1.00123	1.00226
1.0013	0.995809
1.0013	0.992967
1.00131	0.987406
1.00132	0.984612
1.00133	0.983354
1.00136	0.977531
1.00138	0.988563
1.00134	0.992576
1.00132	0.998099
1.0013	1.01309
1.00129	1.00813
1.00128	1.003
1.00135	1.00382
1.00131	1.00776
1.0013	0.993111
1.00133	0.992576
1.00136	0.998827
1.00134	0.99378
1.00131	0.999051
1.00127	0.997682
1.00129	0.998969
1.00134	0.999188
1.00132	0.988761
1.00136	0.989675
1.00134	0.986702
1.00138	1.01372
1.0014	1.01509
1.00136	0.994751
1.00135	0.990839
1.00138	0.998992
1.00142	0.979805
1.00143	0.984845
1.0014	1.00709
1.00135	1.00181
1.00132	0.993153
1.00136	1.00195
1.0014	1.01155
1.00141	1.00224
1.00137	1.00067
1.00144	1.00693
1.00137	0.992812
1.0014	1.0088
1.00144	1.00733
1.00144	0.971553
1.00143	0.970469
1.00143	0.995776
1.00146	1.00413
1.0014	1.0016
1.00145	0.994723
1.00144	0.980422
1.00137	0.99517
1.00146	0.999593
1.00145	0.998533
1.00136	0.973427
1.00144	0.971009
1.00143	0.981426
1.00138	0.980109
1.0014	0.991714
1.00143	0.972708
1.00138	0.972142
1.00144	0.984673
1.0014	0.994836
1.00143	0.976461
1.0014	0.985528
1.00143	0.99066
1.00143	1.01063
1.0014	1.01176
1.00145	1.00447
1.00141	1.00452
1.00144	1.00856
1.00138	0.999077
1.00144	1.01496
1.0014	1.01127
1.00144	0.997592
1.00139	1.0039
1.0014	1.0138
1.00139	0.998813
1.00143	0.996155
1.00142	1.00735
1.00139	1.01626
1.00143	0.999322
1.00139	1.00167
1.00146	0.996398
1.0014	0.998841
1.0014	0.991798
1.00138	0.99071
1.00141	0.995411
1.00144	1.00292
1.00138	1.00542
1.00145	1.00374
1.00141	1.00481
1.00143	0.9948
1.00147	0.988771
1.00145	0.985269
1.00143	0.983914
1.00153	0.984216
1.00143	0.982204
1.00141	1.00374
1.00144	1.00208
1.00144	0.996191
1.00137	0.980147
1.00145	0.983438
