Prel	liquid_fraction
0.998353	1.18809
0.998314	1.18731
0.998349	1.18653
0.998335	1.18574
0.998318	1.18496
0.998251	1.18417
0.998268	1.18339
0.998208	1.18261
0.998293	1.18182
0.99818	1.18104
0.99806	1.18027
0.998194	1.17949
0.998222	1.17871
0.998029	1.17794
0.998099	1.17717
0.998067	1.1764
0.998085	1.17563
0.998081	1.17486
0.998159	1.17409
0.998261	1.17331
0.998145	1.17253
0.99812	1.17175
0.998198	1.17097
0.998177	1.17018
0.998071	1.1694
0.998067	1.16861
0.998081	1.16783
0.998117	1.16704
0.998088	1.16626
0.998053	1.16547
0.998032	1.16469
0.99805	1.1639
0.998036	1.16312
0.998053	1.16233
0.998029	1.16155
0.997983	1.16077
0.997962	1.15998
0.998011	1.1592
0.997993	1.15842
0.998014	1.15763
0.99793	1.15685
0.997962	1.15606
0.997972	1.15528
0.997933	1.1545
0.997955	1.15371
0.997947	1.15293
0.997937	1.15214
0.997962	1.15136
0.997842	1.15057
0.997881	1.14979
0.997919	1.14901
0.997873	1.14822
0.997923	1.14744
0.99793	1.14665
0.997725	1.14587
0.997736	1.14509
0.997669	1.14432
0.997919	1.14354
0.997676	1.14276
0.997648	1.14199
0.997676	1.14122
0.997697	1.14046
0.99768	1.13969
0.997937	1.13891
0.997771	1.13813
0.997912	1.13735
0.99768	1.13656
0.997683	1.13578
0.997666	1.135
0.997937	1.13421
0.997919	1.13342
0.997666	1.13263
0.997687	1.13184
0.997687	1.13105
0.997676	1.13026
0.997768	1.12947
0.997676	1.12868
0.99768	1.1279
0.997673	1.12711
0.997658	1.12632
0.997655	1.12553
0.997592	1.12475
0.997563	1.12396
0.997542	1.12318
0.99751	1.12241
0.9975	1.12163
0.997405	1.12086
0.997317	1.1201
0.997285	1.11934
0.997264	1.11859
0.997334	1.11784
0.997253	1.11709
0.99726	1.11634
0.997221	1.1156
0.997239	1.11485
0.997253	1.11411
0.997207	1.11337
0.997264	1.11262
0.997098	1.11188
0.99726	1.11113
0.997225	1.11038
0.997197	1.10963
0.997151	1.10888
0.997109	1.10813
0.997112	1.10738
0.997102	1.10663
0.997063	1.10588
0.996989	1.10514
0.996865	1.1044
0.996901	1.10366
0.996823	1.10292
0.996767	1.10219
0.996784	1.10147
0.996774	1.10074
0.996717	1.10002
0.99664	1.0993
0.996686	1.09858
0.996672	1.09786
0.996661	1.09714
0.996436	1.09643
0.996527	1.09572
0.996513	1.09501
0.996407	1.0943
0.9964	1.0936
0.996365	1.09289
0.996291	1.09219
0.996189	1.0915
0.996196	1.09081
0.99615	1.09012
0.996115	1.08943
0.996073	1.08875
0.996034	1.08806
0.996027	1.08738
0.99602	1.0867
0.996023	1.08602
0.996023	1.08533
0.995998	1.08464
0.995932	1.08395
0.995914	1.08326
0.995773	1.08257
0.995681	1.08189
0.995628	1.08121
0.995533	1.08054
0.995495	1.07987
0.995466	1.07921
0.995463	1.07854
0.995466	1.07788
0.995473	1.07721
0.995445	1.07655
0.995375	1.07588
0.995184	1.07522
0.995149	1.07456
0.995068	1.07391
0.99498	1.07326
0.99486	1.07262
0.994804	1.07198
0.994952	1.07135
0.99486	1.07071
0.994793	1.07008
0.994716	1.06944
0.994635	1.06881
0.994673	1.06818
0.994504	1.06755
0.994487	1.06693
0.99442	1.0663
0.994268	1.06569
0.994289	1.06507
0.994222	1.06446
0.99419	1.06384
0.994208	1.06323
0.994226	1.06261
0.994099	1.06199
0.993951	1.06138
0.993831	1.06077
0.993835	1.06016
0.993813	1.05955
0.993644	1.05895
0.993806	1.05834
0.993722	1.05773
0.993549	1.05713
0.993475	1.05653
0.993405	1.05593
0.993285	1.05533
0.993112	1.05474
0.993112	1.05416
0.993126	1.05358
0.992985	1.053
0.992968	1.05242
0.992943	1.05185
0.992809	1.05127
0.992654	1.0507
0.992707	1.05013
0.992569	1.04957
0.992566	1.049
0.992548	1.04844
0.992425	1.04787
0.992298	1.04731
0.992171	1.04675
0.99215	1.0462
0.992153	1.04564
0.991882	1.04509
0.991886	1.04455
0.991822	1.044
0.991773	1.04346
0.991551	1.04292
0.991424	1.0424
0.99147	1.04187
0.991322	1.04134
0.991301	1.04082
0.9911	1.04031
0.991011	1.0398
0.990976	1.03929
0.990839	1.03878
0.990624	1.03829
0.990634	1.03779
0.990525	1.03731
0.990462	1.03682
0.9903	1.03634
0.990088	1.03587
0.99007	1.0354
0.990063	1.03493
0.989873	1.03446
0.989796	1.034
0.989563	1.03355
0.989655	1.0331
0.989482	1.03265
0.989235	1.0322
0.98907	1.03177
0.988981	1.03134
0.988971	1.03092
0.988872	1.03049
0.988675	1.03007
0.98858	1.02966
0.988541	1.02925
0.988407	1.02884
0.988153	1.02843
0.988016	1.02804
0.987759	1.02765
0.98773	1.02727
0.987667	1.02689
0.987512	1.02652
0.987272	1.02616
0.987251	1.02579
0.986994	1.02544
0.98686	1.02509
0.986772	1.02475
0.986518	1.02442
0.986497	1.02409
0.986303	1.02376
0.986098	1.02344
0.985957	1.02313
0.985936	1.02282
0.985672	1.02252
0.985513	1.02222
0.985482	1.02192
0.985196	1.02163
0.985073	1.02135
0.985066	1.02106
0.984756	1.02078
0.984615	1.02051
0.984354	1.02024
0.984266	1.01998
0.984012	1.01973
0.983896	1.01948
0.983727	1.01924
0.983575	1.01901
0.983374	1.01878
0.983166	1.01855
0.983053	1.01833
0.982905	1.01812
0.982694	1.01791
0.982408	1.01771
0.982412	1.01751
0.982222	1.01731
0.981947	1.01712
0.981894	1.01693
0.98163	1.01675
0.9814	1.01657
0.981365	1.01639
0.981101	1.01622
0.98097	1.01605
0.980833	1.01588
0.980593	1.01572
0.980322	1.01556
0.980153	1.01541
0.980103	1.01526
0.979836	1.01512
0.979525	1.01498
0.97942	1.01484
0.9793	1.01471
0.979043	1.01459
0.978986	1.01446
0.978782	1.01433
0.978507	1.01421
0.978443	1.01409
0.978186	1.01397
0.978035	1.01385
0.977753	1.01374
0.977732	1.01363
0.977495	1.01352
0.97734	1.01341
0.977206	1.01329
0.976882	1.01319
0.97678	1.01308
0.976769	1.01297
0.976463	1.01286
0.976086	1.01275
0.975955	1.01265
0.975924	1.01255
0.975606	1.01246
0.975416	1.01237
0.97524	1.01228
0.975155	1.01219
0.974901	1.0121
0.974838	1.01201
0.974683	1.01191
0.974457	1.01182
0.974295	1.01172
0.974274	1.01162
0.973989	1.01152
0.973883	1.01142
0.973707	1.01131
0.973545	1.0112
0.973231	1.01109
0.97315	1.01099
0.972967	1.01088
0.972755	1.01077
0.972674	1.01066
0.972413	1.01055
0.972283	1.01045
0.971994	1.01034
0.972008	1.01024
0.971835	1.01013
0.971529	1.01002
0.971416	1.00991
0.971296	1.0098
0.971074	1.0097
0.971	1.00959
0.970746	1.00947
0.970524	1.00937
0.97032	1.00926
0.970292	1.00915
0.970017	1.00905
0.969752	1.00895
0.969463	1.00885
0.969449	1.00876
0.969241	1.00867
0.969012	1.00858
0.968991	1.00849
0.968649	1.00841
0.968526	1.00832
0.968247	1.00825
0.968219	1.00816
0.968061	1.00808
0.967825	1.008
0.96768	1.00792
0.967476	1.00784
0.967225	1.00776
0.967222	1.00768
0.966884	1.0076
0.96681	1.00752
0.966552	1.00745
0.966464	1.00737
0.966189	1.00729
0.966133	1.00721
0.965978	1.00713
0.965685	1.00705
0.965319	1.00699
0.965319	1.00692
0.965262	1.00684
0.964892	1.00677
0.964783	1.00671
0.964596	1.00664
0.964455	1.00657
0.964314	1.0065
0.964286	1.00643
0.963969	1.00635
0.963676	1.00628
0.963659	1.00621
0.96343	1.00614
0.963165	1.00607
0.963197	1.00599
0.962869	1.00592
0.962672	1.00585
0.962577	1.00578
0.962365	1.00571
0.962164	1.00564
0.961995	1.00557
0.961844	1.0055
0.961562	1.00544
0.961385	1.00538
0.961171	1.00532
0.96103	1.00527
0.960744	1.00522
0.960741	1.00517
0.960589	1.00511
0.960342	1.00506
0.960198	1.00501
0.95994	1.00495
0.959782	1.0049
0.959725	1.00485
0.959465	1.0048
0.95919	1.00475
0.959059	1.0047
0.958873	1.00466
0.958591	1.00462
0.95827	1.00458
0.958245	1.00455
0.957942	1.00453
0.957861	1.0045
0.957748	1.00448
0.957459	1.00446
0.957315	1.00443
0.957107	1.00441
0.95692	1.00439
0.956895	1.00437
0.956596	1.00435
0.956314	1.00433
0.956198	1.00431
0.956085	1.00429
0.955792	1.00427
0.95562	1.00426
0.955398	1.00424
0.955211	1.00423
0.954929	1.00423
0.954816	1.00422
0.954647	1.00422
0.954407	1.00422
0.954386	1.00421
0.95403	1.00421
0.953759	1.00422
0.953716	1.00422
0.95359	1.00422
0.953262	1.00423
0.953149	1.00423
0.953008	1.00423
0.952737	1.00423
0.952458	1.00424
0.952426	1.00425
0.952166	1.00426
0.951958	1.00427
0.951908	1.00427
0.95163	1.00428
0.9515	1.00428
0.951246	1.00429
0.951108	1.00429
0.951048	1.00429
0.950678	1.00429
0.950488	1.0043
0.950259	1.00431
0.950259	1.00431
0.950118	1.00431
0.94984	1.00431
0.949572	1.00431
0.949445	1.00431
0.949202	1.00432
0.949166	1.00432
0.949078	1.00431
0.948772	1.00431
0.948528	1.0043
0.948486	1.0043
0.948254	1.00429
0.947968	1.00428
0.947919	1.00428
0.947718	1.00427
0.947549	1.00426
0.947394	1.00425
0.947306	1.00423
0.947101	1.00422
0.94672	1.0042
0.946724	1.00419
0.94659	1.00417
0.946319	1.00415
0.946315	1.00413
0.946114	1.0041
0.945885	1.00407
0.945762	1.00404
0.945624	1.00401
0.945423	1.00397
0.945187	1.00394
0.94511	1.0039
0.944983	1.00386
0.944666	1.00382
0.944528	1.00379
0.944518	1.00375
0.94426	1.0037
0.944102	1.00366
0.943848	1.00362
0.943771	1.00358
0.943499	1.00354
0.943443	1.0035
0.943316	1.00345
0.943062	1.00341
0.942946	1.00337
0.942861	1.00332
0.94266	1.00327
0.942474	1.00322
0.942223	1.00317
0.942061	1.00312
0.941998	1.00308
0.941807	1.00303
0.941624	1.00298
0.941494	1.00293
0.941367	1.00288
0.941117	1.00283
0.941198	1.00277
0.940821	1.00271
0.940814	1.00265
0.940532	1.0026
0.940419	1.00254
0.940204	1.00248
0.940038	1.00242
0.939802	1.00236
0.939739	1.00231
0.939615	1.00225
0.939548	1.00219
0.939175	1.00214
0.939189	1.00208
0.93891	1.00202
0.93891	1.00196
0.938713	1.00189
0.938558	1.00183
0.938325	1.00176
0.938153	1.0017
0.938061	1.00163
0.937952	1.00157
0.937666	1.0015
0.937504	1.00144
0.937508	1.00138
0.937254	1.00131
0.937187	1.00124
0.93699	1.00118
0.936842	1.00111
0.93682	1.00103
0.936577	1.00096
0.936415	1.00088
0.936271	1.0008
0.936274	1.00072
0.936133	1.00063
0.935978	1.00054
0.935985	1.00044
0.935887	1.00033
0.935675	1.00021
0.935534	1.0001
0.935464	0.999973
0.935354	0.999844
0.935189	0.999712
0.935182	0.999573
0.935164	0.999423
0.935097	0.999263
0.935041	0.999093
0.935002	0.998911
0.934815	0.998721
0.934685	0.998526
0.934755	0.998319
0.934604	0.998105
0.934621	0.99788
0.934371	0.99765
0.934607	0.997406
0.934477	0.997149
0.934417	0.996883
0.934357	0.996606
0.934301	0.996319
0.934265	0.996022
0.934223	0.995716
0.934138	0.995402
0.934124	0.995078
0.934202	0.994742
0.934026	0.994399
0.934209	0.99404
0.934071	0.993672
0.933941	0.993297
0.933948	0.992915
0.933941	0.992525
0.93386	0.992129
0.933871	0.991724
0.933811	0.991314
0.933835	0.990895
0.933719	0.990472
0.93367	0.990045
0.933529	0.989618
0.933645	0.989185
0.933543	0.988748
0.933462	0.98831
0.933444	0.987869
0.933462	0.987423
0.933536	0.986969
0.933529	0.986508
0.933398	0.986043
0.933367	0.985575
0.933367	0.985102
0.933367	0.984625
0.93337	0.984142
0.933367	0.983653
0.933381	0.983158
0.933314	0.982658
0.933374	0.982152
0.933127	0.981648
0.933381	0.981135
0.93336	0.980615
0.933279	0.980091
0.933226	0.979564
0.933176	0.979036
0.933138	0.978507
0.933159	0.977976
0.933088	0.977445
0.933106	0.976911
0.933078	0.976377
0.933064	0.97584
0.933035	0.975303
0.933106	0.974761
0.932982	0.974219
0.933035	0.973675
0.933046	0.973127
0.932997	0.972577
0.933042	0.972024
0.933032	0.971467
0.932965	0.970909
0.932993	0.970349
0.932993	0.969785
0.932982	0.96922
0.932908	0.968654
0.932954	0.968086
0.932993	0.967514
0.932958	0.966939
0.932997	0.966361
0.932954	0.965781
0.93287	0.965202
0.932789	0.964625
0.932887	0.964047
0.932951	0.963465
0.932947	0.962879
0.932968	0.962289
0.932873	0.9617
0.932873	0.961109
0.932961	0.960515
0.932866	0.95992
0.932961	0.959321
0.932803	0.958725
0.932856	0.958128
0.932859	0.95753
0.932739	0.956936
0.932803	0.956341
0.9327	0.95575
0.932757	0.955159
0.932718	0.954569
0.93276	0.953978
0.932975	0.953379
0.932965	0.952773
0.932693	0.952171
0.932968	0.951562
0.932771	0.950954
0.932683	0.950351
0.932972	0.949739
0.932947	0.949122
0.932704	0.94851
0.932845	0.947896
0.932715	0.947285
0.932715	0.946676
0.932693	0.94607
0.9327	0.945464
0.932937	0.944852
0.93269	0.944242
0.93282	0.943629
0.93269	0.943019
0.932686	0.94241
0.932521	0.941809
0.932648	0.941208
0.932651	0.940607
0.932648	0.940007
0.932584	0.939409
0.932605	0.938812
0.932542	0.938217
0.932549	0.937623
0.932591	0.937029
0.932493	0.936437
0.932535	0.935846
0.932447	0.935257
0.932542	0.934668
0.932422	0.934081
0.932278	0.933501
0.93233	0.932924
0.932359	0.932348
0.932436	0.93177
0.932528	0.931187
0.932542	0.930598
0.932337	0.930012
0.932538	0.92942
0.93238	0.92883
0.932267	0.928243
0.932302	0.927658
0.932267	0.927076
0.932281	0.926494
0.932355	0.92591
0.932249	0.925327
0.932281	0.924744
0.932288	0.92416
0.932397	0.923571
0.932366	0.922979
0.932292	0.922386
0.932352	0.921791
0.932242	0.921197
0.932249	0.920603
0.932214	0.92001
0.932105	0.919422
0.932204	0.918834
0.932214	0.918245
0.932154	0.917656
0.932186	0.917067
0.932147	0.916479
0.932172	0.915889
0.932193	0.915298
0.9322	0.914705
0.932172	0.914111
0.9322	0.913515
0.932179	0.912917
0.93213	0.91232
0.931999	0.911728
0.932115	0.911134
0.932098	0.910541
0.93196	0.909951
0.931872	0.909368
0.931939	0.908787
0.931897	0.908209
0.931841	0.907634
0.931865	0.907062
0.931812	0.906492
0.93177	0.905925
0.931759	0.905361
0.931742	0.904798
0.931876	0.904232
0.931798	0.903665
0.931865	0.903095
0.931696	0.902527
0.931841	0.901956
0.931738	0.901384
0.931858	0.900808
0.931749	0.900232
0.931862	0.899651
0.93171	0.899072
0.931717	0.898492
0.931714	0.897912
0.931717	0.897331
0.931717	0.896749
0.931696	0.896167
0.93152	0.89559
0.931714	0.89501
0.931707	0.894427
0.931478	0.893851
0.931724	0.893269
0.931717	0.892683
0.931763	0.892092
0.931745	0.891498
0.931703	0.890901
0.93171	0.890303
0.931714	0.889702
0.93171	0.889099
0.9317	0.888495
0.931728	0.887889
0.93171	0.887281
0.93171	0.886672
0.931678	0.886063
0.931724	0.885452
0.931661	0.884841
0.931738	0.884228
0.931685	0.883614
0.931678	0.883001
0.931714	0.882386
0.931671	0.881771
0.931664	0.881157
0.931654	0.880543
0.931594	0.879931
0.931671	0.879319
0.931566	0.878709
0.93165	0.878098
0.931664	0.877486
0.931604	0.876875
0.931654	0.876263
0.931566	0.875653
0.931573	0.875044
0.931449	0.87444
0.931643	0.873833
0.931499	0.873229
0.931527	0.872626
0.931647	0.872019
0.931502	0.871414
0.93153	0.87081
0.931467	0.870207
0.931449	0.869607
0.931506	0.869007
0.931502	0.868406
0.931467	0.867806
0.931439	0.867207
0.931548	0.866605
0.931513	0.866001
0.931435	0.865399
0.93146	0.864797
0.931442	0.864196
0.931453	0.863594
0.931389	0.862993
0.931435	0.862393
0.931446	0.861791
0.931474	0.861187
0.931428	0.860583
0.931428	0.859979
0.931446	0.859374
0.931432	0.858768
0.931435	0.858161
0.931442	0.857553
0.931439	0.856945
0.931485	0.856333
0.931446	0.855721
0.931435	0.855109
0.931404	0.854497
0.931474	0.853883
0.931396	0.85327
0.931446	0.852656
0.931446	0.852041
0.931414	0.851426
0.931404	0.850811
0.931347	0.850199
0.931333	0.849588
0.931421	0.848976
0.931305	0.848367
0.931315	0.84776
0.93128	0.847155
0.931305	0.846551
0.93116	0.845952
0.931301	0.845353
0.9311	0.84476
0.931132	0.84417
0.931301	0.843578
0.931301	0.842982
0.931287	0.842384
0.931051	0.841793
0.931083	0.841205
0.931315	0.840611
0.93109	0.840021
0.931041	0.839435
0.931058	0.838851
0.931308	0.838259
0.931044	0.83767
0.931174	0.837079
0.931044	0.836491
0.931174	0.835899
0.931051	0.835308
0.931041	0.834719
0.931044	0.83413
0.931044	0.833542
0.931104	0.832951
0.931002	0.832361
0.93103	0.831772
0.930991	0.831183
0.930998	0.830594
0.930942	0.830007
0.930903	0.829422
0.930868	0.82884
0.930857	0.82826
0.930892	0.827681
0.930889	0.827101
0.9309	0.82652
0.930829	0.825941
0.930804	0.825363
0.930752	0.824788
0.930787	0.824213
0.9309	0.823634
0.930677	0.823059
0.930752	0.822484
0.930621	0.821914
0.930748	0.821342
0.930663	0.820772
0.930656	0.820202
0.930635	0.819633
0.930603	0.819066
0.930628	0.818498
0.930611	0.81793
0.930625	0.81736
0.930596	0.816791
0.930561	0.816222
0.930635	0.815649
0.930632	0.815075
0.93047	0.814503
0.930544	0.813931
0.930473	0.81336
0.930614	0.812785
0.930607	0.812207
0.930607	0.811625
0.930473	0.811045
0.930607	0.81046
0.930473	0.809878
0.930582	0.809292
0.930589	0.808702
0.93048	0.808114
0.930547	0.807524
0.930501	0.806933
0.930473	0.806343
0.930512	0.805751
0.93048	0.805159
0.930462	0.804568
0.930459	0.803976
0.930459	0.803384
0.93042	0.802792
0.930459	0.8022
0.930424	0.801607
0.930466	0.801013
0.930374	0.800421
0.930318	0.799831
0.930279	0.799245
0.93036	0.798658
0.930388	0.79807
0.930233	0.797485
0.930209	0.796905
0.930311	0.796322
0.930276	0.79574
0.930269	0.795158
0.930269	0.794575
0.930293	0.793991
0.930286	0.793405
0.930399	0.792814
0.930371	0.792219
0.930406	0.791619
0.930364	0.791018
0.930473	0.79041
0.930304	0.789804
0.93035	0.789196
0.930452	0.788583
0.930255	0.787974
0.930272	0.787367
0.930244	0.786762
0.9303	0.786156
0.930276	0.785551
0.930406	0.784941
0.93036	0.78433
0.930223	0.783721
0.930216	0.783115
0.930322	0.782508
0.930205	0.781902
0.930237	0.781298
0.930223	0.780694
0.930251	0.78009
0.930283	0.779484
0.930223	0.778879
0.930244	0.778274
0.930216	0.777669
0.930248	0.777063
0.93024	0.776457
0.93023	0.77585
0.930184	0.775245
0.930202	0.77464
0.930212	0.774034
0.930159	0.77343
0.930205	0.772825
0.930195	0.77222
0.930219	0.771614
0.930209	0.771006
0.930191	0.770399
0.930166	0.769792
0.930174	0.769186
0.930174	0.768579
0.930188	0.767971
0.930166	0.767364
0.93017	0.766756
0.930124	0.766149
0.930159	0.765542
0.930156	0.764935
0.930156	0.764327
0.930107	0.763721
0.930149	0.763114
0.930124	0.762507
0.930082	0.761902
0.930057	0.761299
0.930078	0.760696
0.930082	0.760094
0.93005	0.759492
0.929966	0.758895
0.930047	0.758297
0.93005	0.757698
0.930166	0.757095
0.930054	0.756493
0.929934	0.755894
0.929856	0.755301
0.93005	0.754705
0.929821	0.754116
0.930061	0.753522
0.929892	0.752931
0.930043	0.752336
0.930047	0.751738
0.929807	0.751146
0.9298	0.750557
0.929786	0.749973
0.929789	0.749391
0.929821	0.74881
0.929796	0.748229
0.929885	0.747646
0.929902	0.74706
0.92986	0.746473
0.929923	0.745881
0.929779	0.745292
0.929747	0.744706
0.929772	0.744119
0.92974	0.743534
0.929754	0.742949
0.929698	0.742366
0.929765	0.741782
0.929751	0.741197
0.929733	0.740611
0.929645	0.740028
0.929712	0.739444
0.929726	0.738859
0.92967	0.738274
0.929662	0.737689
0.929655	0.737105
0.929655	0.73652
0.929525	0.735939
0.929567	0.73536
0.929497	0.734784
0.929423	0.734213
0.929409	0.733645
0.929465	0.733078
0.929465	0.732511
0.929391	0.731947
0.929317	0.731386
0.929282	0.730829
0.929342	0.730272
0.929366	0.729714
0.929388	0.729153
0.92924	0.728596
0.929278	0.728039
0.929391	0.727478
0.929377	0.726913
0.929377	0.726345
0.929211	0.72578
0.929218	0.725216
0.929208	0.724653
0.929201	0.72409
0.929373	0.72352
0.929201	0.722952
0.929222	0.722383
0.929211	0.721813
0.929222	0.721241
0.929292	0.720666
0.929218	0.720089
0.929229	0.719511
0.929229	0.718931
0.929233	0.718349
0.929201	0.717766
0.929233	0.717181
0.929077	0.716599
0.929116	0.716019
0.929088	0.715439
0.92907	0.714861
0.928979	0.714287
0.928958	0.713717
0.928915	0.71315
0.928965	0.712584
0.928954	0.712019
0.928926	0.711455
0.928954	0.71089
0.928869	0.710327
0.928834	0.709766
0.928866	0.709205
0.928965	0.708641
0.928958	0.708073
0.928795	0.707508
0.928859	0.706942
0.928852	0.706375
0.928877	0.705806
0.928968	0.705232
0.928961	0.704653
0.928873	0.704074
0.928951	0.70349
0.928908	0.702905
0.928958	0.702316
0.92888	0.701727
0.928961	0.701133
0.928958	0.700537
0.928961	0.699939
0.928838	0.699342
0.92882	0.698747
0.928813	0.698153
0.928954	0.697556
0.928947	0.696955
0.928965	0.696351
0.928831	0.695749
0.928961	0.695144
0.928954	0.694537
0.928827	0.693931
0.928951	0.693323
0.928806	0.692718
0.928954	0.69211
0.928951	0.6915
0.928947	0.690887
0.928926	0.690274
0.928933	0.68966
0.928817	0.689049
0.928813	0.68844
0.928803	0.687834
0.928838	0.687229
0.928862	0.686623
0.928803	0.686018
0.928792	0.685415
0.928877	0.68481
0.92881	0.684206
0.928732	0.683606
0.928898	0.683001
0.928951	0.682392
0.928891	0.681781
0.928803	0.681172
0.928891	0.680561
0.92888	0.679948
0.928905	0.679334
0.928799	0.678721
0.928862	0.678108
0.92881	0.677496
0.928806	0.676886
0.928803	0.676276
0.928841	0.675666
0.928855	0.675054
0.928831	0.674442
0.928813	0.673831
0.92881	0.673221
0.928591	0.672618
0.928855	0.672012
0.928795	0.671406
0.928803	0.670799
0.928721	0.670194
0.928721	0.669591
0.928693	0.66899
0.928651	0.668392
0.928584	0.667798
0.928626	0.667207
0.928545	0.66662
0.928503	0.666037
0.928514	0.665457
0.928478	0.664881
0.928432	0.664309
0.928415	0.66374
0.928387	0.663174
0.92839	0.66261
0.928366	0.662049
0.928401	0.661487
0.928281	0.660929
0.928284	0.660373
0.928397	0.659814
0.92839	0.659253
0.92839	0.65869
0.928397	0.658124
0.928221	0.657561
0.928154	0.657003
0.928168	0.656447
0.928394	0.655885
0.928232	0.655323
0.928172	0.654763
0.928151	0.654204
0.928387	0.653638
0.928122	0.653074
0.9282	0.65251
0.928129	0.651946
0.928203	0.65138
0.928217	0.650812
0.928129	0.650244
0.928147	0.649675
0.928147	0.649105
0.9282	0.648531
0.92808	0.64796
0.928136	0.647386
0.928122	0.646812
0.928013	0.64624
0.928066	0.645668
0.928091	0.645095
0.928073	0.64452
0.92801	0.643947
0.928059	0.643372
0.927985	0.642799
0.927988	0.642225
0.92802	0.641651
0.927981	0.641077
0.927907	0.640505
0.927946	0.639932
0.927759	0.639366
0.927911	0.638799
0.927978	0.638229
0.927812	0.637661
0.927706	0.637099
0.927717	0.63654
0.927717	0.635983
0.927703	0.635428
0.927721	0.634873
0.927703	0.634318
0.927724	0.633762
0.927724	0.633205
0.927565	0.632652
0.92764	0.632099
0.927601	0.631546
0.927555	0.630995
0.927555	0.630445
0.927573	0.629894
0.927477	0.629345
0.927537	0.628795
0.927678	0.628239
0.927724	0.627676
0.927562	0.627112
0.927724	0.626541
0.927541	0.625972
0.927551	0.625401
0.927625	0.624828
0.92758	0.624252
0.92759	0.623675
0.927551	0.623098
0.927594	0.622518
0.927548	0.621937
0.927569	0.621355
0.927544	0.620772
0.927548	0.620188
0.927548	0.619603
0.927537	0.619017
0.927544	0.61843
0.927491	0.617844
0.927439	0.617259
0.927548	0.616672
0.927513	0.616085
0.927541	0.615495
0.927439	0.614907
0.927537	0.614316
0.92741	0.613728
0.927541	0.613137
0.927382	0.612548
0.927509	0.611958
0.92746	0.611367
0.927372	0.610778
0.927298	0.610195
0.927425	0.609609
0.927375	0.609024
0.927343	0.608441
0.927375	0.607857
0.927291	0.607276
0.927453	0.60669
0.927284	0.606107
0.927358	0.605523
0.927269	0.604941
0.927284	0.604359
0.927347	0.603776
0.927273	0.603194
0.927252	0.602612
0.927308	0.60203
0.927269	0.601447
0.92728	0.600863
0.927217	0.600281
0.927181	0.599701
0.927276	0.599119
0.927199	0.598537
0.927217	0.597956
0.927224	0.597373
0.927188	0.596791
0.927181	0.596209
0.927202	0.595626
0.927192	0.595042
0.927199	0.594458
0.927188	0.593872
0.927252	0.593284
0.927139	0.592697
0.92722	0.592107
0.927146	0.591519
0.927118	0.590931
0.927178	0.590343
0.927143	0.589754
0.927125	0.589165
0.927217	0.588573
0.927287	0.587976
0.927125	0.587381
0.927097	0.586787
0.927118	0.586193
0.927262	0.585595
0.927111	0.584998
0.927104	0.584402
0.92704	0.58381
0.927121	0.583216
0.926924	0.582629
0.927107	0.582039
0.927121	0.581448
0.926987	0.58086
0.927121	0.580269
0.927097	0.579676
0.927051	0.579084
0.927044	0.578492
0.927079	0.577899
0.92698	0.577308
0.926966	0.576719
0.927023	0.576129
0.926861	0.575545
0.926906	0.574962
0.926878	0.574382
0.926917	0.573803
0.926868	0.573225
0.926811	0.57265
0.926836	0.572076
0.926836	0.571503
0.926769	0.570932
0.926716	0.570365
0.926737	0.5698
0.926741	0.569235
0.926698	0.568672
0.926702	0.568109
0.926607	0.56755
0.926698	0.56699
0.926674	0.56643
0.926642	0.565871
0.92672	0.565308
0.926565	0.564748
0.92654	0.56419
0.926501	0.563635
0.926469	0.563083
0.926452	0.562534
0.926455	0.561985
0.926445	0.561437
0.926466	0.560889
0.926441	0.56034
0.926357	0.559793
0.926445	0.559245
0.926343	0.558698
0.926434	0.558148
0.926307	0.5576
0.926455	0.557047
0.926441	0.556491
0.926402	0.555932
0.926431	0.555371
0.926378	0.554808
0.9263	0.554247
0.926367	0.553684
0.926314	0.55312
0.926346	0.552555
0.92629	0.551991
0.92629	0.551426
0.926286	0.55086
0.926279	0.550294
0.92617	0.54973
0.926187	0.549168
0.926177	0.548607
0.92623	0.548044
0.926106	0.547484
0.926082	0.546926
0.926082	0.54637
0.92611	0.545813
0.926043	0.545258
0.925994	0.544706
0.926046	0.544153
0.925965	0.543602
0.925934	0.543054
0.925972	0.542505
0.925916	0.541957
0.925888	0.541411
0.925874	0.540866
0.925898	0.54032
0.925874	0.539774
0.925817	0.539229
0.925884	0.538682
0.925888	0.538133
0.92568	0.537588
0.925895	0.537039
0.925888	0.536487
0.925902	0.53593
0.925659	0.535379
0.925891	0.534822
0.925891	0.534261
0.925613	0.533706
0.925631	0.533154
0.925617	0.532604
0.925609	0.532056
0.925793	0.531503
0.925624	0.530951
0.925624	0.530399
0.925613	0.529847
0.925617	0.529295
0.925624	0.528741
0.925733	0.528182
0.925613	0.527622
0.925694	0.527059
0.925627	0.526494
0.925736	0.525924
0.925631	0.525353
0.925631	0.524781
0.925761	0.524203
0.925624	0.523625
0.925613	0.523047
0.925807	0.522462
0.925624	0.521877
0.925768	0.521287
0.92581	0.520692
0.925631	0.520098
0.925803	0.519499
0.925617	0.518902
0.925683	0.518305
0.925694	0.517707
0.925624	0.51711
0.925631	0.516514
0.925606	0.51592
0.925638	0.515326
0.925624	0.514732
0.925624	0.514138
0.925571	0.513545
0.925595	0.512954
0.925624	0.512361
0.925609	0.511768
0.925581	0.511176
0.925592	0.510583
0.92556	0.509992
0.925564	0.509401
0.925539	0.50881
0.925528	0.508221
0.925532	0.507633
0.925553	0.507044
0.925567	0.506454
0.925535	0.505863
0.925518	0.505274
0.925472	0.504686
0.925479	0.504099
0.925578	0.503509
0.925493	0.50292
0.925468	0.502332
0.925476	0.501744
0.925465	0.501157
0.925465	0.50057
0.925468	0.499983
0.925437	0.499396
0.925299	0.498815
0.925465	0.498232
0.925479	0.497646
0.925486	0.497059
0.925483	0.496469
0.925204	0.495888
0.92537	0.495307
0.925472	0.494722
0.925222	0.494144
0.925296	0.493566
0.925331	0.492989
0.92525	0.492414
0.925187	0.491843
0.925197	0.491275
0.925179	0.490708
0.925204	0.490142
0.92512	0.48958
0.925109	0.489019
0.925151	0.488458
0.925102	0.487899
0.925116	0.48734
0.925102	0.486781
0.925035	0.486224
0.924961	0.485671
0.925049	0.485117
0.925042	0.484562
0.924908	0.484011
0.924915	0.483462
0.924806	0.482918
0.924859	0.482376
0.924933	0.481831
0.924799	0.481289
0.924795	0.480749
0.924778	0.48021
0.924799	0.479671
0.924799	0.479131
0.924774	0.47859
0.924802	0.478047
0.924792	0.477503
0.924704	0.476959
0.924746	0.476415
0.924806	0.475866
0.924647	0.47532
0.924792	0.474769
0.92464	0.47422
0.924802	0.473666
0.924725	0.47311
0.92464	0.472555
0.924644	0.472001
0.924644	0.471445
0.924683	0.470888
0.924647	0.47033
0.924644	0.469771
0.92457	0.469213
0.924605	0.468654
0.924506	0.468098
0.924524	0.467542
0.924542	0.466986
0.924415	0.466434
0.924425	0.465883
0.924506	0.465331
0.924415	0.464781
0.924439	0.46423
0.924376	0.46368
0.924386	0.463131
0.924358	0.462583
0.924365	0.462034
0.924379	0.461484
0.92427	0.460936
0.924253	0.46039
0.924231	0.459846
0.924228	0.459303
0.92426	0.458759
0.924231	0.458215
0.924235	0.457669
0.924224	0.457123
0.924238	0.456575
0.924242	0.456025
0.924129	0.455476
0.924087	0.45493
0.924224	0.45438
0.924242	0.453826
0.924228	0.453269
0.924224	0.452709
0.924217	0.452147
0.924228	0.451582
0.923971	0.451023
0.923967	0.450469
0.924214	0.449909
0.924175	0.449346
0.924186	0.448779
0.92396	0.448218
0.924059	0.447656
0.92396	0.447098
0.92414	0.446534
0.924126	0.445968
0.92421	0.445395
0.924157	0.44482
0.924214	0.444239
0.924133	0.443657
0.923964	0.44308
0.924083	0.442501
0.92396	0.441926
0.924189	0.441346
0.924066	0.440765
0.924087	0.440182
0.924083	0.439599
0.923946	0.439019
0.92396	0.438442
0.923964	0.437865
0.923942	0.437291
0.923904	0.436719
0.923967	0.436146
0.923957	0.435572
0.923925	0.434999
0.923939	0.434426
0.923911	0.433854
0.923858	0.433283
0.923851	0.432713
0.92383	0.432145
0.923812	0.431579
0.923742	0.431016
0.923844	0.430451
0.923837	0.429885
0.923766	0.429321
0.923699	0.42876
0.923826	0.428196
0.923787	0.427631
0.923805	0.427064
0.923706	0.426499
0.923668	0.425937
0.923812	0.42537
0.923706	0.424804
0.923759	0.424237
0.92377	0.423667
0.923636	0.423099
0.923703	0.422531
0.923675	0.421964
0.923763	0.421392
0.923668	0.420822
0.923586	0.420254
0.923745	0.419682
0.923742	0.419107
0.923629	0.418534
0.923668	0.417959
0.923615	0.417386
0.923692	0.41681
0.923682	0.416233
0.923625	0.415656
0.923551	0.415082
0.923583	0.414509
0.923576	0.413935
0.923615	0.413361
0.923615	0.412786
0.923509	0.412213
0.923551	0.41164
0.92353	0.411067
0.923551	0.410494
0.923551	0.409921
0.923544	0.409346
0.923615	0.408769
0.923371	0.408197
0.923481	0.407626
0.923438	0.407056
0.923445	0.406486
0.923393	0.405919
0.923449	0.405351
0.923364	0.404786
0.923382	0.404221
0.92335	0.403657
0.923202	0.403099
0.923195	0.402546
0.923171	0.401997
0.923209	0.401449
0.923206	0.400902
0.923333	0.40035
0.923167	0.399801
0.923093	0.399256
0.923104	0.398712
0.923079	0.39817
0.923093	0.397629
0.92304	0.397089
0.923044	0.39655
0.9231	0.396009
0.922994	0.395469
0.922991	0.394931
0.92298	0.394392
0.92298	0.393853
0.923008	0.393313
0.923107	0.392767
0.922966	0.392221
0.922952	0.391675
0.922896	0.39113
0.922956	0.390583
0.922959	0.390035
0.922966	0.389485
0.922966	0.388932
0.922769	0.388384
0.922963	0.387832
0.922712	0.387285
0.922705	0.386743
0.922864	0.386197
0.922702	0.385655
0.92273	0.385113
0.922723	0.384572
0.922705	0.38403
0.922691	0.383489
0.922628	0.38295
0.9226	0.382413
0.922663	0.381874
0.922677	0.381333
0.922656	0.380791
0.922624	0.380248
0.922617	0.379704
0.92261	0.379159
0.922652	0.378611
0.922575	0.378064
0.922501	0.377518
0.922519	0.376973
0.92249	0.376428
0.922378	0.375888
0.922547	0.375344
0.922381	0.374804
0.92236	0.374265
0.922356	0.373728
0.922374	0.373191
0.9223	0.372656
0.922275	0.372122
0.9223	0.371589
0.922304	0.371055
0.922293	0.37052
0.922289	0.369984
0.922212	0.369449
0.922289	0.368911
0.922223	0.368374
0.922156	0.367838
0.922272	0.367299
0.922279	0.366756
0.922138	0.366215
0.922297	0.365669
0.922289	0.365118
0.92218	0.364568
0.922156	0.364018
0.922261	0.363464
0.922406	0.362901
0.922177	0.36234
0.92218	0.361778
0.922289	0.361212
0.922275	0.360643
0.922138	0.360076
0.92212	0.35951
0.92224	0.358942
0.922134	0.358374
0.922247	0.357803
0.922191	0.357231
0.922289	0.356654
0.922265	0.356074
0.92218	0.355495
0.922226	0.354914
0.922187	0.354332
0.922191	0.353751
0.922134	0.35317
0.922187	0.352589
0.922173	0.352008
0.922131	0.351427
0.922099	0.350848
0.92211	0.35027
0.922113	0.349692
0.922008	0.349119
0.922082	0.348545
0.922053	0.347972
0.922	0.347401
0.922032	0.346831
0.922	0.346263
0.921891	0.345699
0.921979	0.345135
0.921955	0.344571
0.921923	0.34401
0.921993	0.343446
0.922008	0.34288
0.921912	0.342316
0.921898	0.341753
0.922131	0.341182
0.921919	0.340613
0.921881	0.340045
0.921926	0.339477
0.921891	0.338909
0.921867	0.338343
0.921881	0.337777
0.921838	0.337212
0.921874	0.336646
0.921881	0.336079
0.92187	0.335512
0.921874	0.334944
0.921884	0.334374
0.921778	0.333806
0.921888	0.333236
0.921884	0.332664
0.921807	0.332093
0.921824	0.331521
0.921884	0.330947
0.921867	0.330372
0.921874	0.329794
0.92187	0.329215
0.921814	0.328637
0.92174	0.328061
0.921782	0.327486
0.921807	0.32691
0.921754	0.326336
0.921761	0.325761
0.921627	0.325192
0.92175	0.324622
0.921736	0.324051
0.92168	0.323482
0.921602	0.322917
0.921599	0.322354
0.921535	0.321795
0.921493	0.321241
0.921525	0.320689
0.921493	0.320139
0.921451	0.319591
0.921496	0.319045
0.921412	0.318501
0.921391	0.317959
0.921405	0.317418
0.921341	0.31688
0.921415	0.316341
0.921331	0.315803
0.921331	0.315266
0.921345	0.314729
0.921341	0.31419
0.921193	0.313656
0.921222	0.313123
0.921179	0.312592
0.92138	0.312055
0.921098	0.311523
0.921116	0.310993
0.921348	0.310457
0.921341	0.309914
0.921088	0.309376
0.921204	0.308836
0.921338	0.308289
0.92126	0.307739
0.921176	0.307189
0.921151	0.30664
0.921144	0.30609
0.921123	0.305541
0.921042	0.304995
0.921035	0.304451
0.921067	0.303906
0.920964	0.303365
0.92101	0.302823
0.920961	0.302284
0.920982	0.301744
0.920862	0.301208
0.920866	0.300674
0.92083	0.300142
0.920781	0.299614
0.920763	0.299088
0.920746	0.298564
0.920756	0.298041
0.920665	0.29752
0.920696	0.297
0.920658	0.296482
0.920721	0.295961
0.920675	0.295439
0.920739	0.294914
0.920661	0.294389
0.920531	0.293867
0.920665	0.293341
0.920668	0.292813
0.920651	0.292283
0.920598	0.291752
0.920601	0.291219
0.920605	0.290685
0.92063	0.290147
0.920601	0.289608
0.920503	0.28907
0.920584	0.28853
0.920503	0.287991
0.920492	0.287451
0.920517	0.28691
0.920527	0.286368
0.920517	0.285824
0.920503	0.285278
0.920393	0.284735
0.920393	0.284193
0.920443	0.28365
0.920376	0.283108
0.920288	0.282569
0.92046	0.282026
0.920337	0.281484
0.920418	0.28094
0.920404	0.280393
0.920249	0.279849
0.920415	0.279301
0.920221	0.278757
0.920249	0.278214
0.920295	0.27767
0.920245	0.277127
0.920231	0.276583
0.920242	0.276039
0.920164	0.275497
0.920189	0.274955
0.920189	0.274412
0.920182	0.273869
0.920129	0.273327
0.920196	0.272782
0.92015	0.272237
0.920168	0.271691
0.920231	0.27114
0.920129	0.27059
0.920192	0.270037
0.920126	0.269483
0.92015	0.268929
0.920143	0.268373
0.920122	0.267816
0.920129	0.267259
0.919978	0.266705
0.920129	0.266149
0.920259	0.265585
0.920126	0.265021
0.920122	0.264456
0.920122	0.26389
0.920126	0.263322
0.920122	0.262753
0.920111	0.262183
0.920122	0.261612
0.920182	0.261038
0.920115	0.260463
0.920129	0.259886
0.920129	0.259309
0.920122	0.258731
0.920133	0.258152
0.920108	0.257572
0.920097	0.256993
0.919879	0.256421
0.920083	0.255847
0.920044	0.255274
0.919918	0.254705
0.920066	0.254134
0.919935	0.253566
0.919851	0.253003
0.919939	0.252441
0.919911	0.25188
0.919872	0.251321
0.919858	0.250764
0.919837	0.250208
0.919805	0.249655
0.919833	0.249103
0.919773	0.248552
0.919763	0.248004
0.919854	0.247453
0.919808	0.246901
0.919738	0.246351
0.919748	0.245802
0.919696	0.245254
0.919688	0.244708
0.919703	0.244162
0.919703	0.243615
0.919593	0.243072
0.91971	0.242526
0.919495	0.241986
0.91947	0.241451
0.919463	0.240919
0.919452	0.24039
0.919459	0.239862
0.919456	0.239335
0.919463	0.238808
0.919375	0.238283
0.919442	0.237756
0.919287	0.237234
0.91928	0.236714
0.919399	0.236191
0.919315	0.235669
0.919294	0.235147
0.919315	0.234623
0.919304	0.234099
0.919325	0.233572
0.919294	0.233043
0.919163	0.232518
0.919174	0.231993
0.919107	0.231472
0.919107	0.230951
0.919114	0.230432
0.919036	0.229914
0.919036	0.229398
0.919033	0.228882
0.918973	0.228367
0.919026	0.227852
0.918927	0.227338
0.918938	0.226825
0.918931	0.226311
0.918878	0.225798
0.918984	0.225282
0.918888	0.224766
0.918871	0.224249
0.918885	0.22373
0.918621	0.22322
0.918786	0.222708
0.918814	0.222194
0.918888	0.221675
0.918769	0.221156
0.918783	0.220634
0.918751	0.220113
0.918621	0.219594
0.918603	0.219078
0.918599	0.218563
0.918624	0.218048
0.918529	0.217535
0.91849	0.217024
0.918508	0.216514
0.918462	0.216006
0.918451	0.215498
0.918448	0.214991
0.918444	0.214482
0.918448	0.213972
0.918437	0.213461
0.918275	0.212954
0.91843	0.212443
0.918409	0.211929
0.918279	0.211418
0.918173	0.210911
0.918187	0.210405
0.918191	0.209901
0.918208	0.209396
0.91812	0.208893
0.918166	0.208389
0.918088	0.207886
0.918032	0.207385
0.918039	0.206885
0.918099	0.206382
0.91806	0.205878
0.918043	0.205373
0.918021	0.204867
0.918021	0.204358
0.917898	0.203853
0.917898	0.203348
0.917986	0.20284
0.917803	0.202335
0.917757	0.201834
0.917785	0.201333
0.917771	0.200833
0.917937	0.200326
0.917708	0.199822
0.917665	0.199321
0.917859	0.198813
0.917757	0.198305
0.917771	0.197793
0.917782	0.197278
0.917778	0.19676
0.917775	0.19624
0.917725	0.195717
0.917785	0.195191
0.91769	0.194665
0.917701	0.194137
0.917665	0.193609
0.917609	0.193082
0.917634	0.192554
0.917574	0.192027
0.917503	0.191504
0.917457	0.190983
0.917376	0.190467
0.917359	0.189955
0.917362	0.189445
0.917359	0.188937
0.917302	0.188431
0.917302	0.187925
0.917306	0.18742
0.917274	0.186916
0.917225	0.186412
0.917204	0.18591
0.917214	0.185407
0.917239	0.184902
0.917193	0.184397
0.917204	0.183889
0.9172	0.18338
0.917207	0.182869
0.916943	0.182364
0.916989	0.181861
0.9172	0.181353
0.917197	0.180839
0.917151	0.180322
0.916936	0.179809
0.916975	0.179298
0.917024	0.178784
0.916946	0.178272
0.916939	0.17776
0.91683	0.177252
0.916858	0.176744
0.916809	0.176238
0.916862	0.175731
0.916784	0.175226
0.916791	0.17472
0.916791	0.174213
0.916633	0.17371
0.916636	0.17321
0.916555	0.172714
0.916583	0.172219
0.916531	0.171726
0.916513	0.171235
0.916513	0.170744
0.91652	0.170252
0.916517	0.169759
0.916499	0.169265
0.916517	0.168768
0.916509	0.168268
0.91646	0.167768
0.916358	0.167269
0.916393	0.166769
0.916365	0.16627
0.91621	0.165774
0.916231	0.165281
0.916146	0.164791
0.916101	0.164305
0.916072	0.163822
0.915988	0.163344
0.916072	0.162865
0.915953	0.162389
0.916101	0.161909
0.915956	0.161431
0.915956	0.160952
0.915949	0.160473
0.915942	0.159992
0.91572	0.159517
0.915773	0.159044
0.915632	0.158576
0.915607	0.158112
0.915565	0.157651
0.91553	0.157194
0.91547	0.15674
0.915385	0.156291
0.915519	0.155839
0.915272	0.155393
0.915269	0.15495
0.915269	0.154509
0.915445	0.154062
0.915301	0.153613
0.915121	0.153169
0.915117	0.152726
0.915117	0.152284
0.9151	0.151841
0.914973	0.151402
0.914902	0.150966
0.914867	0.150532
0.914857	0.150099
0.914842	0.149667
0.914825	0.149234
0.914804	0.1488
0.914747	0.148365
0.914726	0.147929
0.914652	0.147494
0.914642	0.147059
0.914444	0.146628
0.914434	0.146201
0.914349	0.145777
0.914314	0.145357
0.914134	0.144943
0.914183	0.144533
0.914254	0.14412
0.914271	0.143703
0.914173	0.143286
0.914088	0.142869
0.913937	0.142457
0.913901	0.142047
0.913877	0.14164
0.913852	0.141233
0.913852	0.140825
0.913863	0.140414
0.913595	0.14001
0.913598	0.139608
0.913581	0.139206
0.913538	0.138806
0.913433	0.138409
0.91344	0.138011
0.913249	0.13762
0.913161	0.137233
0.913101	0.136851
0.913154	0.13647
0.9132	0.136085
0.913041	0.135701
0.913024	0.135318
0.913027	0.134932
0.912915	0.134547
0.912767	0.134165
0.912837	0.133783
0.912724	0.133401
0.912657	0.133021
0.912604	0.132642
0.912502	0.132266
0.912393	0.131894
0.912361	0.131524
0.912344	0.131156
0.912344	0.130786
0.912337	0.130413
0.912192	0.130042
0.912245	0.129667
0.912192	0.12929
0.912139	0.128912
0.912079	0.128532
0.91191	0.128155
0.911783	0.127784
0.911928	0.127409
0.911787	0.127035
0.911797	0.126659
0.911794	0.126281
0.911783	0.125899
0.911653	0.125516
0.911529	0.125136
0.911522	0.124756
0.911424	0.124378
0.911392	0.124
0.91136	0.123623
0.911367	0.123243
0.911322	0.122862
0.911212	0.122481
0.911198	0.122099
0.911064	0.12172
0.911018	0.121342
0.910952	0.120966
0.910807	0.120594
0.910966	0.120219
0.910821	0.119844
0.910751	0.119471
0.910715	0.119097
0.91061	0.118725
0.91061	0.118354
0.910543	0.117982
0.910363	0.117615
0.910282	0.117253
0.910254	0.116894
0.910183	0.116537
0.910109	0.116184
0.91025	0.115825
0.91013	0.115466
0.910123	0.115103
0.910018	0.114741
0.90988	0.11438
0.909848	0.114021
0.90976	0.113664
0.909721	0.113308
0.909644	0.112953
0.909454	0.112605
0.909432	0.11226
0.909461	0.111914
0.90945	0.111567
0.909309	0.111221
0.909302	0.110875
0.909126	0.110532
0.909003	0.110195
0.909041	0.109857
0.908879	0.109524
0.908872	0.109193
0.908869	0.10886
0.908833	0.108526
0.908678	0.108194
0.908622	0.107863
0.908541	0.107534
0.908474	0.107206
0.90847	0.106878
0.908467	0.106546
0.90846	0.106211
0.908174	0.105881
0.908061	0.105556
0.908047	0.105233
0.90785	0.104917
0.907797	0.104606
0.907801	0.104297
0.907787	0.103987
0.907698	0.103677
0.907656	0.103367
0.90741	0.103063
0.907392	0.102761
0.907279	0.102464
0.907216	0.102169
0.907254	0.101873
0.907075	0.101579
0.906891	0.101292
0.906877	0.101007
0.906817	0.100724
0.906676	0.100445
0.906602	0.100169
0.906634	0.0998916
0.90655	0.0996136
0.906419	0.0993372
0.906331	0.0990624
0.906134	0.0987932
0.906063	0.0985281
0.90588	0.0982701
0.906003	0.0980104
0.905982	0.0977477
0.905834	0.0974852
0.905721	0.0972239
0.90557	0.096966
0.905436	0.0967129
0.905313	0.0964649
0.905256	0.0962201
0.905298	0.0959736
0.9052	0.0957265
0.90509	0.0954798
0.904854	0.095239
0.904904	0.0949978
0.904752	0.094759
0.904745	0.0945193
0.90465	0.0942794
0.904505	0.0940415
0.904438	0.0938045
0.904329	0.0935691
0.904326	0.0933321
0.904192	0.0930957
0.904065	0.0928613
0.903977	0.0926284
0.903825	0.0923993
0.903674	0.0921753
0.903653	0.091953
0.903596	0.0917312
0.903427	0.0915128
0.903268	0.0912994
0.903208	0.0910889
0.903092	0.0908818
0.903096	0.090674
0.902923	0.0904687
0.902789	0.0902669
0.90268	0.0900683
0.902539	0.0898741
0.902486	0.0896818
0.902412	0.0894905
0.902289	0.0893011
0.902151	0.0891145
0.901978	0.088933
0.902003	0.0887511
0.901848	0.0885712
0.901827	0.08839
0.90158	0.0882133
0.901506	0.0880391
0.901443	0.0878657
0.901429	0.0876899
0.901305	0.0875133
0.901052	0.0873415
0.90097	0.0871727
0.900773	0.0870098
0.900777	0.0868477
0.900689	0.0866861
0.900618	0.0865238
0.900361	0.0863665
0.900354	0.0862096
0.900188	0.0860554
0.900248	0.0858974
0.900058	0.0857399
0.899871	0.0855856
0.899786	0.085433
0.899716	0.0852806
0.899751	0.0851236
0.899525	0.0849675
0.899416	0.084812
0.899335	0.0846563
0.899229	0.0845006
0.899117	0.0843452
0.89894	0.0841927
0.898704	0.0840472
0.898747	0.0839018
0.898616	0.0837578
0.898539	0.0836138
0.898503	0.0834674
0.898285	0.0833233
0.898239	0.0831787
0.898052	0.0830368
0.897996	0.0828951
0.897823	0.0827561
0.897823	0.0826154
0.897665	0.0824755
0.897471	0.0823392
0.897457	0.0822023
0.897404	0.0820633
0.897259	0.0819241
0.897076	0.0817874
0.897006	0.0816512
0.896903	0.0815155
0.8969	0.0813765
0.896635	0.0812408
0.896618	0.0811041
0.896505	0.0809671
0.896502	0.0808263
0.896216	0.0806889
0.896096	0.0805546
0.896096	0.0804189
0.89605	0.0802802
0.895807	0.0801441
0.895726	0.0800089
0.895518	0.0798783
0.895599	0.0797444
0.895437	0.0796104
0.895321	0.0794763
0.895159	0.0793444
0.894923	0.0792187
0.895014	0.0790907
0.894866	0.0789627
0.89475	0.078835
0.894612	0.0787086
0.894475	0.0785843
0.894461	0.0784583
0.894193	0.0783369
0.894147	0.0782166
0.894052	0.078097
0.894052	0.077974
0.893879	0.0778509
0.893784	0.077727
0.893573	0.0776064
0.893361	0.0774918
0.893294	0.0773805
0.893206	0.0772711
0.893199	0.0771597
0.892949	0.0770519
0.892889	0.0769449
0.892819	0.0768372
0.892829	0.0767247
0.89266	0.0766107
0.892498	0.0764972
0.892371	0.0763847
0.89216	0.0762765
0.892019	0.0761729
0.892054	0.0760676
0.891913	0.0759624
0.891659	0.0758623
0.891631	0.0757631
0.891582	0.0756626
0.891486	0.0755605
0.891271	0.0754608
0.891176	0.0753624
0.89118	0.0752609
0.891011	0.0751592
0.890855	0.0750588
0.89076	0.0749587
0.89057	0.0748619
0.890411	0.0747691
0.890355	0.0746775
0.890274	0.074586
0.890105	0.0744965
0.889939	0.0744105
0.889939	0.074323
0.889872	0.074233
0.889643	0.0741451
0.889509	0.0740595
0.889284	0.0739796
0.88927	0.0739006
0.889107	0.0738241
0.889079	0.0737465
0.888801	0.073674
0.888713	0.0736042
0.888684	0.0735336
0.888639	0.0734598
0.888388	0.0733885
0.888149	0.0733232
0.88799	0.0732641
0.887916	0.0732082
0.887941	0.0731499
0.887842	0.0730891
0.887617	0.0730302
0.887634	0.0729676
0.887514	0.0729024
0.887204	0.0728419
0.887204	0.0727806
0.886979	0.0727226
0.887063	0.0726598
0.886792	0.0725991
0.886676	0.0725396
0.886415	0.0724862
0.886383	0.0724342
0.88638	0.0723795
0.886239	0.0723235
0.885974	0.0722716
0.885865	0.0722223
0.885615	0.0721799
0.885544	0.0721408
0.885555	0.0720998
0.885396	0.0720588
0.885125	0.0720231
0.885128	0.0719867
0.885111	0.0719463
0.884977	0.0719032
0.884748	0.0718617
0.884589	0.0718226
0.884462	0.0717855
0.884522	0.0717435
0.88424	0.0717035
0.884131	0.0716645
0.883888	0.0716305
0.883821	0.0715983
0.883828	0.0715631
0.88363	0.0715283
0.883475	0.0714949
0.883475	0.071458
0.883405	0.0714167
0.883303	0.0713713
0.883035	0.0713277
0.88294	0.0712845
0.882922	0.0712378
0.88288	0.0711859
0.882647	0.0711339
0.882425	0.0710853
0.882446	0.0710342
0.882249	0.0709843
0.882073	0.0709372
0.881963	0.0708919
0.881851	0.0708479
0.881713	0.0708057
0.881766	0.0707586
0.881685	0.0707065
0.881414	0.0706561
0.881273	0.0706074
0.881051	0.0705639
0.880994	0.0705221
0.881001	0.0704773
0.880832	0.0704322
0.880642	0.0703892
0.880473	0.0703496
0.880332	0.0703135
0.880434	0.0702722
0.880265	0.0702288
0.880046	0.0701873
0.879916	0.0701476
0.879806	0.0701088
0.87975	0.0700686
0.87969	0.0700252
0.879489	0.0699824
0.87931	0.0699421
0.879179	0.069904
0.87919	0.0698631
0.879158	0.0698171
0.878922	0.0697714
0.87883	0.0697247
0.87877	0.0696753
0.878622	0.0696248
0.878513	0.0695733
0.878397	0.069521
0.878231	0.0694697
0.878097	0.06942
0.878087	0.0693677
0.877939	0.0693147
0.877826	0.069261
0.877667	0.0692083
0.877544	0.0691568
0.877392	0.0691074
0.877272	0.06906
0.877198	0.0690126
0.877128	0.0689637
0.877114	0.0689101
0.877054	0.068851
0.876698	0.0687962
0.876723	0.0687395
0.876529	0.0686844
0.876458	0.0686289
0.876458	0.0685693
0.876321	0.0685073
0.876141	0.0684459
0.875958	0.0683874
0.875887	0.0683297
0.875866	0.0682694
0.87582	0.068205
0.875584	0.0681417
0.87545	0.0680801
0.875316	0.0680205
0.875186	0.0679634
0.875172	0.0679047
0.875059	0.0678449
0.874925	0.0677853
0.874693	0.0677299
0.874767	0.0676713
0.874605	0.0676121
0.874404	0.0675557
0.874284	0.0675017
0.874227	0.0674477
0.873924	0.0674006
0.873924	0.0673547
0.873871	0.0673079
0.873759	0.0672606
0.873526	0.067217
0.873579	0.0671703
0.873452	0.0671219
0.873357	0.0670715
0.873138	0.0670234
0.87299	0.0669781
0.872934	0.066933
0.87293	0.0668844
0.872705	0.0668372
0.872585	0.0667911
0.872416	0.066748
0.872539	0.0666988
0.872268	0.0666508
0.872099	0.0666055
0.872095	0.0665584
0.87176	0.0665181
0.871715	0.0664804
0.871676	0.0664424
0.871556	0.0664044
0.87139	0.0663684
0.871246	0.0663349
0.871267	0.0662986
0.871013	0.0662652
0.8709	0.066234
0.870848	0.0662022
0.870625	0.066174
0.870573	0.0661462
0.870358	0.0661224
0.870411	0.0660957
0.870171	0.0660714
0.870012	0.0660503
0.870012	0.0660274
0.869868	0.0660045
0.869766	0.065981
0.86966	0.0659565
0.869459	0.0659345
0.869336	0.0659144
0.869321	0.0658922
0.869163	0.0658701
0.868973	0.0658506
0.868909	0.0658312
0.868789	0.0658121
0.868796	0.0657887
0.868564	0.0657664
0.868444	0.0657449
0.868356	0.0657229
0.868194	0.0657024
0.868137	0.0656807
0.867989	0.0656595
0.867869	0.0656387
0.867764	0.0656179
0.867718	0.0655947
0.867559	0.0655711
0.867432	0.0655476
0.867306	0.0655246
0.867172	0.0655027
0.867017	0.0654831
0.866932	0.0654641
0.866861	0.0654442
0.866752	0.0654234
0.866523	0.0654059
0.866569	0.0653852
0.86646	0.065362
0.866336	0.0653371
0.866083	0.0653158
0.865952	0.0652978
0.865769	0.0652848
0.865861	0.0652684
0.865688	0.0652517
0.865596	0.0652338
0.86542	0.0652172
0.865314	0.0652011
0.865142	0.0651877
0.865113	0.065173
0.865004	0.0651575
0.864898	0.0651408
0.864708	0.065126
0.864553	0.0651139
0.864652	0.0650964
0.864391	0.0650802
0.864363	0.0650615
0.864264	0.0650406
0.864084	0.0650202
0.864003	0.0649991
0.863926	0.064976
0.863975	0.0649457
0.863594	0.0649196
0.86357	0.0648932
0.863527	0.0648642
0.863425	0.0648331
0.863178	0.0648051
0.863168	0.0647759
0.863023	0.064747
0.863076	0.0647126
0.862858	0.0646779
0.86271	0.0646443
0.862565	0.0646126
0.862467	0.0645822
0.862294	0.064555
0.862252	0.064528
0.862149	0.0645011
0.862065	0.0644732
0.861836	0.064449
0.861793	0.0644251
0.861755	0.064399
0.861667	0.0643705
0.861554	0.0643403
0.861409	0.0643098
0.861296	0.0642794
0.86106	0.0642535
0.860962	0.0642307
0.860969	0.0642062
0.860874	0.0641801
0.860644	0.0641571
0.860563	0.0641352
0.860482	0.0641134
0.860493	0.0640873
0.860338	0.0640597
0.860204	0.0640317
0.860084	0.0640036
0.859915	0.0639778
0.859904	0.0639501
0.859777	0.0639218
0.859665	0.0638932
0.859481	0.063867
0.859411	0.0638413
0.859386	0.063813
0.859305	0.063782
0.859175	0.0637496
0.858974	0.0637194
0.858977	0.0636869
0.858822	0.0636545
0.858815	0.0636186
0.858551	0.0635857
0.858554	0.063551
0.858399	0.0635169
0.858181	0.0634872
0.858399	0.0634493
0.858146	0.0634108
0.858072	0.0633703
0.857973	0.0633282
0.857723	0.06329
0.857617	0.0632548
0.857434	0.0632249
0.857522	0.0631922
0.857328	0.0631608
0.857176	0.0631321
0.857099	0.0631043
0.857169	0.0630712
0.856912	0.0630395
0.856905	0.0630051
0.856711	0.062972
0.85668	0.0629372
0.856401	0.0629074
0.856338	0.0628798
0.856429	0.0628471
0.856306	0.0628114
0.856094	0.062777
0.855996	0.0627433
0.855925	0.062709
0.855911	0.0626711
0.855661	0.0626358
0.855538	0.062603
0.855365	0.0625747
0.855499	0.0625414
0.855393	0.0625047
0.855161	0.0624698
0.855076	0.0624355
0.854854	0.062406
0.854738	0.0623806
0.854798	0.0623527
0.854671	0.0623239
0.854494	0.062297
0.854396	0.0622711
0.854177	0.0622504
0.854019	0.0622354
0.854019	0.0622212
0.853955	0.0622064
0.85386	0.0621906
0.853666	0.0621774
0.853592	0.0621647
0.853455	0.0621538
0.853515	0.0621381
0.853293	0.0621231
0.853138	0.0621102
0.853056	0.062098
0.852891	0.0620884
0.852796	0.0620804
0.852619	0.0620763
0.85263	0.0620709
0.852531	0.0620644
0.852419	0.0620571
0.852348	0.0620479
0.852263	0.0620364
0.852228	0.0620204
0.851982	0.0620061
0.851946	0.0619903
0.851798	0.061975
0.851791	0.0619564
0.851643	0.061937
0.851446	0.0619201
0.851386	0.0619036
0.851164	0.0618916
0.851125	0.0618806
0.851107	0.0618676
0.850959	0.0618545
0.85078	0.061844
0.850642	0.0618366
0.850691	0.0618261
0.850547	0.0618148
0.850413	0.0618037
0.850293	0.0617934
0.850138	0.0617853
0.850018	0.0617796
0.849881	0.0617768
0.84986	0.0617733
0.849729	0.0617702
0.849606	0.061768
0.849465	0.0617678
0.849345	0.0617695
0.849303	0.0617704
0.849303	0.061767
0.849077	0.0617645
0.849039	0.0617601
0.848919	0.0617547
0.848919	0.0617449
0.848781	0.0617326
0.848609	0.0617209
0.84851	0.0617093
0.848415	0.0616974
0.848362	0.0616836
0.848214	0.0616698
0.848087	0.0616569
0.848076	0.0616413
0.847897	0.0616265
0.847745	0.061614
0.847699	0.0616011
0.847668	0.0615856
0.847403	0.0615739
0.847424	0.0615604
0.847343	0.0615451
0.847125	0.0615325
0.847248	0.0615138
0.847047	0.0614941
0.846966	0.0614727
0.846885	0.0614493
0.846709	0.061427
0.846557	0.0614074
0.846483	0.061389
0.84648	0.061368
0.846427	0.0613435
0.846208	0.0613206
0.846159	0.0612968
0.846008	0.0612745
0.846067	0.0612474
0.845986	0.0612163
0.84575	0.0611868
0.845659	0.0611583
0.845578	0.0611299
0.845334	0.0611069
0.845539	0.0610772
0.845324	0.0610469
0.845285	0.0610138
0.845144	0.0609802
0.844996	0.0609479
0.844919	0.0609159
0.844781	0.0608858
0.844763	0.0608543
0.844682	0.0608213
0.844492	0.0607905
0.844376	0.060762
0.84421	0.0607379
0.84414	0.0607164
0.84408	0.0606955
0.843928	0.0606772
0.843992	0.0606552
0.843907	0.06063
0.843703	0.060606
0.843653	0.0605812
0.843667	0.0605517
0.84353	0.0605203
0.843456	0.0604864
0.843216	0.0604558
0.843202	0.0604245
0.843128	0.0603923
0.842892	0.0603644
0.842878	0.0603369
0.84285	0.0603073
0.842737	0.060277
0.842723	0.060243
0.842458	0.0602125
0.842377	0.0601839
0.842374	0.0601536
0.842314	0.0601209
0.842268	0.0600847
0.842046	0.0600503
0.841909	0.0600187
0.841993	0.0599829
0.841859	0.0599456
0.841634	0.0599117
0.841577	0.059879
0.841472	0.0598479
0.841359	0.0598188
0.841479	0.0597835
0.841221	0.0597496
0.841186	0.0597145
0.841066	0.0596795
0.84083	0.0596496
0.840809	0.0596211
0.840654	0.0595961
0.840735	0.0595675
0.840608	0.0595376
0.840414	0.0595101
0.840397	0.0594817
0.840192	0.0594566
0.840228	0.0594295
0.839991	0.0594061
0.839956	0.0593833
0.839843	0.0593617
0.839702	0.0593428
0.8396	0.0593263
0.839593	0.0593084
0.839484	0.0592902
0.839442	0.0592699
0.839177	0.0592538
0.83911	0.05924
0.839174	0.0592223
0.839089	0.0592015
0.838853	0.0591831
0.838772	0.059166
0.838666	0.0591503
0.838617	0.0591341
0.838363	0.0591233
0.838356	0.0591134
0.83836	0.0591007
0.838222	0.0590876
0.838053	0.0590766
0.837891	0.0590696
0.837842	0.059064
0.837884	0.0590546
0.837768	0.0590431
0.837524	0.0590352
0.837433	0.0590297
0.83739	0.0590242
0.837415	0.0590145
0.837383	0.0589993
0.837059	0.0589879
0.837042	0.0589765
0.83695	0.058965
0.836714	0.0589585
0.836633	0.0589552
0.836657	0.0589503
0.836587	0.0589433
0.836506	0.0589342
0.836379	0.0589245
0.836245	0.0589157
0.836019	0.058912
0.836164	0.0589038
0.83591	0.058898
0.8359	0.0588907
0.835741	0.0588848
0.835734	0.0588765
0.835646	0.0588664
0.835515	0.058856
0.835315	0.0588491
0.8353	0.0588419
0.835142	0.058837
0.835061	0.0588332
0.835043	0.0588277
0.834966	0.0588202
0.834895	0.0588102
0.834754	0.0588001
0.834603	0.0587916
0.834543	0.0587833
0.834518	0.0587726
0.834247	0.0587665
0.83425	0.0587603
0.834233	0.0587514
0.83413	0.0587408
0.834042	0.0587286
0.833852	0.0587186
0.833831	0.0587075
0.833834	0.0586924
0.833683	0.0586763
0.833475	0.0586633
0.833362	0.0586534
0.83327	0.058646
0.833404	0.0586324
0.833256	0.0586164
0.833087	0.0586009
0.833003	0.0585855
0.832865	0.0585718
0.832696	0.0585623
0.832654	0.0585541
0.832675	0.0585431
0.832583	0.05853
0.832488	0.0585154
0.83246	0.0584972
0.832231	0.0584811
0.832174	0.0584654
0.8321	0.0584494
0.831892	0.0584374
0.831938	0.0584235
0.831822	0.0584093
0.831723	0.058395
0.83166	0.0583798
0.8316	0.0583626
0.831596	0.058341
0.831487	0.0583165
0.831329	0.0582923
0.831219	0.0582688
0.831188	0.058244
0.830944	0.0582237
0.830937	0.0582038
0.83093	0.0581817
0.830835	0.058158
0.830698	0.0581349
0.830733	0.0581077
0.830518	0.0580822
0.830366	0.0580599
0.8305	0.0580323
0.830356	0.0580029
0.830109	0.0579777
0.83006	0.0579542
0.83001	0.0579308
0.829841	0.0579106
0.82975	0.057893
0.82969	0.0578764
0.82957	0.0578618
0.829602	0.0578446
0.829528	0.0578249
0.829482	0.0578018
0.829323	0.0577785
0.829235	0.0577549
0.829115	0.0577324
0.829119	0.0577073
0.829027	0.0576807
0.828953	0.0576523
0.828794	0.0576252
0.828745	0.0575976
0.82871	0.057568
0.828456	0.0575429
0.82858	0.0575137
0.8284	0.0574849
0.828298	0.057457
0.828269	0.0574277
0.828044	0.0574024
0.82804	0.0573773
0.827963	0.0573522
0.82792	0.0573255
0.827892	0.0572957
0.82773	0.0572663
0.827515	0.0572417
0.827466	0.0572194
0.827335	0.0572008
0.827452	0.0571779
0.827212	0.0571573
0.827159	0.0571373
0.827145	0.0571151
0.827029	0.0570924
0.826782	0.0570751
0.8268	0.0570581
0.826779	0.0570393
0.826641	0.0570209
0.826609	0.057001
0.826352	0.0569859
0.826278	0.056974
0.826215	0.0569639
0.826225	0.0569519
0.825982	0.056944
0.825968	0.0569366
0.825869	0.05693
0.825753	0.0569251
0.825704	0.0569202
0.825559	0.0569173
0.825552	0.0569129
0.825506	0.0569061
0.82539	0.0568983
0.825252	0.0568915
0.825404	0.0568768
0.825133	0.0568628
0.825126	0.0568461
0.824741	0.056838
0.824727	0.0568339
0.824706	0.0568306
0.824586	0.0568294
0.824565	0.0568273
0.824576	0.0568212
0.824319	0.056818
0.824304	0.0568142
0.82416	0.056812
0.82416	0.056808
0.824008	0.0568049
0.823885	0.0568037
0.823896	0.0568003
0.823846	0.0567942
0.823751	0.056786
0.823589	0.0567789
0.823476	0.0567735
0.82337	0.0567701
0.823212	0.0567707
0.823335	0.056767
0.823163	0.0567633
0.82306	0.0567599
0.822916	0.0567587
0.822824	0.0567594
0.822775	0.0567603
0.822637	0.0567631
0.822641	0.0567641
0.822528	0.0567648
0.822493	0.0567632
0.822281	0.0567643
0.822355	0.0567616
0.82214	0.0567607
0.822081	0.05676
0.822066	0.0567569
0.822063	0.056749
0.821763	0.0567451
0.82176	0.056741
0.821658	0.0567376
0.82164	0.0567321
0.821577	0.0567243
0.821446	0.0567164
0.821312	0.05671
0.821259	0.0567035
0.82114	0.0566984
0.820988	0.0566965
0.820981	0.0566945
0.82097	0.0566897
0.820893	0.0566827
0.820766	0.0566752
0.820558	0.0566717
0.820502	0.0566702
0.82048	0.0566681
0.820325	0.0566681
0.820389	0.0566644
0.820389	0.0566548
0.820195	0.0566446
0.820005	0.0566375
0.819984	0.0566304
0.81998	0.0566206
0.819663	0.0566171
0.819716	0.0566134
0.819726	0.0566063
0.819603	0.0565982
0.819571	0.0565873
0.81948	0.0565745
0.8193	0.0565636
0.819162	0.056556
0.819141	0.0565489
0.818923	0.056547
0.819102	0.0565397
0.818986	0.0565298
0.818821	0.0565205
0.818764	0.0565108
0.818634	0.0565024
0.818475	0.0564977
0.818486	0.0564924
0.818447	0.0564854
0.818398	0.0564759
0.818313	0.0564644
0.8182	0.0564524
0.818049	0.0564425
0.817971	0.0564339
0.818052	0.0564206
0.817946	0.0564048
0.817749	0.0563909
0.817647	0.0563792
0.81764	0.0563666
0.817538	0.0563542
0.817481	0.0563409
0.817199	0.0563343
0.817397	0.0563227
0.817294	0.0563084
0.817153	0.056294
0.817083	0.056279
0.817094	0.0562604
0.817065	0.0562371
0.816794	0.0562172
0.816805	0.0561963
0.816755	0.0561738
0.816713	0.0561488
0.816646	0.0561216
0.816452	0.0560966
0.816364	0.0560738
0.816258	0.0560536
0.816234	0.0560337
0.816209	0.0560122
0.816195	0.0559873
0.816043	0.0559623
0.815927	0.0559387
0.815846	0.0559162
0.815775	0.0558943
0.815638	0.0558752
0.815828	0.0558487
0.815705	0.0558183
0.815525	0.0557884
0.815469	0.0557581
0.815416	0.0557266
0.815243	0.0556979
0.815127	0.0556726
0.815014	0.0556514
0.815032	0.05563
0.815014	0.0556067
0.814877	0.0555841
0.814856	0.05556
0.81469	0.055538
0.814602	0.0555179
0.814612	0.0554962
0.814602	0.0554712
0.814461	0.0554458
0.814373	0.0554205
0.814323	0.0553943
0.814221	0.0553684
0.814034	0.0553468
0.813971	0.0553279
0.814108	0.0553036
0.813907	0.0552799
0.813826	0.0552567
0.813643	0.0552376
0.813636	0.0552193
0.813502	0.0552037
0.813418	0.0551907
0.813372	0.0551784
0.813241	0.0551688
0.813234	0.0551588
0.813139	0.055149
0.813023	0.0551409
0.812988	0.0551325
0.812787	0.0551283
0.812709	0.0551272
0.812695	0.0551263
0.812713	0.0551222
0.812575	0.0551178
0.812462	0.0551142
0.812399	0.0551105
0.812262	0.055109
0.812188	0.0551089
0.812223	0.0551058
0.812103	0.055102
0.812025	0.0550975
0.811955	0.055092
0.811768	0.0550897
0.811867	0.0550833
0.811578	0.0550816
0.8115	0.0550831
0.811462	0.0550859
0.811458	0.055087
0.811398	0.0550861
0.811328	0.0550835
0.811222	0.0550802
0.811282	0.0550716
0.811035	0.0550648
0.811049	0.0550559
0.810954	0.0550462
0.810845	0.0550369
0.810651	0.0550321
0.810563	0.055031
0.810457	0.0550339
0.810563	0.0550334
0.81021	0.0550404
0.81038	0.0550439
0.81021	0.0550483
0.810161	0.0550521
0.810108	0.0550546
0.810017	0.0550565
0.810034	0.0550545
0.80978	0.0550556
0.80978	0.0550562
0.80972	0.0550558
0.809558	0.0550577
0.809541	0.0550591
0.809386	0.0550629
0.809329	0.0550677
0.809192	0.0550755
0.809202	0.0550823
0.809224	0.055085
0.809164	0.0550838
0.808892	0.0550863
0.808903	0.0550883
0.808787	0.0550915
0.808684	0.0550963
0.808621	0.055102
0.808519	0.0551091
0.808526	0.0551143
0.808462	0.0551176
0.808385	0.0551192
0.808335	0.0551186
0.808159	0.0551197
0.808223	0.0551169
0.808008	0.0551162
0.808036	0.0551131
0.808015	0.0551064
0.80793	0.0550971
0.807712	0.0550909
0.807705	0.0550844
0.807673	0.0550762
0.807662	0.0550645
0.807581	0.0550503
0.807535	0.0550331
0.807387	0.0550162
0.807306	0.0549997
0.80725	0.0549829
0.807109	0.0549684
0.807021	0.0549561
0.806922	0.0549466
0.806845	0.0549394
0.806823	0.0549322
0.806838	0.0549219
0.806771	0.0549091
0.806616	0.0548971
0.80646	0.0548886
0.806379	0.0548831
0.806344	0.0548785
0.806401	0.0548701
0.806249	0.0548616
0.806281	0.0548492
0.806168	0.0548352
0.806034	0.054822
0.805939	0.0548102
0.805882	0.0547988
0.80578	0.054789
0.805851	0.0547752
0.805601	0.0547648
0.805777	0.054748
0.805565	0.0547314
0.805565	0.0547122
0.80547	0.0546919
0.805315	0.0546736
0.805287	0.0546554
0.805128	0.0546405
0.805072	0.0546275
0.80503	0.054615
0.805012	0.0546012
0.805033	0.0545831
0.804832	0.0545663
0.804776	0.0545499
0.804762	0.0545317
0.804621	0.0545147
0.804617	0.0544962
0.8046	0.0544748
0.804511	0.0544517
0.804455	0.0544268
0.804378	0.0544009
0.804296	0.0543744
0.804201	0.0543486
0.804177	0.0543217
0.804201	0.0542907
0.803941	0.0542635
0.803933	0.0542368
0.803877	0.0542104
0.803849	0.0541827
0.803726	0.0541562
0.803708	0.0541288
0.803528	0.0541046
0.803377	0.054086
0.803514	0.0540644
0.803359	0.0540438
0.803334	0.0540224
0.803299	0.0539991
0.80319	0.053976
0.803063	0.053955
0.802971	0.0539364
0.802936	0.0539186
0.802728	0.0539064
0.802686	0.0538976
0.802682	0.0538892
0.802644	0.0538801
0.802534	0.0538719
0.802492	0.0538633
0.802305	0.0538586
0.802259	0.0538559
0.802217	0.0538539
0.802203	0.0538503
0.802157	0.0538447
0.802108	0.0538366
0.801977	0.0538288
0.801854	0.0538229
0.801829	0.0538168
0.801674	0.0538136
0.80166	0.0538106
0.80171	0.0538035
0.801632	0.0537936
0.801459	0.0537851
0.801414	0.0537765
0.801325	0.0537686
0.801308	0.0537594
0.801146	0.0537525
0.801022	0.0537492
0.801029	0.0537459
0.801033	0.0537402
0.800948	0.053733
0.800864	0.0537252
0.800702	0.0537202
0.800606	0.0537181
0.800585	0.0537165
0.800465	0.0537172
0.80048	0.0537166
0.800487	0.0537123
0.800279	0.0537101
0.800215	0.053709
0.800141	0.0537089
0.80012	0.0537079
0.800011	0.0537075
0.800057	0.0537034
0.799813	0.0537028
0.799799	0.0537024
0.799761	0.0537014
0.799732	0.0536983
0.799747	0.0536905
0.799503	0.0536854
0.799334	0.0536856
0.799401	0.0536851
0.799401	0.0536816
0.799235	0.0536794
0.79925	0.0536749
0.799225	0.0536672
0.798996	0.0536627
0.79895	0.0536596
0.798841	0.053659
0.798707	0.0536628
0.798703	0.0536676
0.798827	0.0536663
0.798559	0.0536676
0.79852	0.0536694
0.798467	0.053671
0.7984	0.0536725
0.798249	0.0536766
0.798277	0.0536793
0.798344	0.053676
0.798143	0.0536728
0.797995	0.0536723
0.798087	0.053668
0.79797	0.0536626
0.797942	0.0536549
0.797808	0.0536476
0.797734	0.0536408
0.797579	0.0536375
0.797568	0.0536347
0.797614	0.0536285
0.79754	0.0536199
0.797364	0.0536131
0.797283	0.0536082
0.79723	0.0536042
0.797163	0.0536009
0.797163	0.0535958
0.797153	0.0535873
0.796874	0.0535836
0.796966	0.0535778
0.796888	0.0535708
0.796895	0.0535604
0.79674	0.0535503
0.796726	0.0535385
0.796613	0.0535271
0.796479	0.0535183
0.796444	0.0535104
0.796479	0.0534997
0.796444	0.0534857
0.796363	0.0534698
0.796324	0.0534513
0.796201	0.0534329
0.796049	0.0534175
0.795972	0.053405
0.795947	0.0533932
0.795905	0.0533814
0.795916	0.0533668
0.795912	0.053348
0.795901	0.053324
0.795732	0.0532996
0.795552	0.0532789
0.795584	0.0532577
0.795475	0.0532378
0.795327	0.053222
0.795235	0.0532104
0.795253	0.0531991
0.795235	0.0531867
0.795112	0.0531755
0.795133	0.0531621
0.795126	0.053145
0.79501	0.053127
0.79495	0.0531079
0.794816	0.0530906
0.794837	0.0530714
0.79483	0.0530491
0.794763	0.0530244
0.7947	0.0529979
0.794671	0.0529687
0.794587	0.0529382
0.794418	0.0529107
0.79433	0.0528862
0.794301	0.0528631
0.794104	0.052846
0.79416	0.0528293
0.794256	0.0528075
0.794171	0.0527827
0.793981	0.0527601
0.793967	0.0527374
0.793959	0.0527126
0.793833	0.0526887
0.793826	0.0526634
0.793628	0.0526421
0.793568	0.0526236
0.793491	0.052608
0.793582	0.0525893
0.793473	0.05257
0.793441	0.0525491
0.79336	0.0525277
0.793244	0.0525078
0.793191	0.0524886
0.793092	0.0524715
0.793043	0.0524554
0.793022	0.0524389
0.793008	0.0524203
0.793018	0.0523976
0.792747	0.0523792
0.792751	0.0523615
0.792641	0.0523463
0.792641	0.0523308
0.792483	0.0523186
0.792458	0.0523076
0.792472	0.0522949
0.792359	0.0522828
0.792349	0.0522691
0.792356	0.0522518
0.792247	0.0522335
0.792109	0.0522169
0.791993	0.0522035
0.791958	0.0521917
0.791891	0.0521813
0.791841	0.0521717
0.791767	0.0521632
0.79164	0.0521577
0.791524	0.0521565
0.791507	0.052157
0.791514	0.0521564
0.791514	0.0521527
0.79144	0.052147
0.791327	0.0521414
0.791362	0.0521321
0.791154	0.0521254
0.791126	0.052119
0.791112	0.0521114
0.790974	0.0521055
0.791003	0.0520975
0.790876	0.0520903
0.790745	0.0520861
0.790675	0.0520843
0.790573	0.052086
0.790551	0.0520888
0.790544	0.0520905
0.790555	0.0520888
0.790435	0.0520864
0.790308	0.0520855
0.790241	0.052086
0.790241	0.0520851
0.790188	0.0520829
0.790157	0.0520785
0.790164	0.0520699
0.790062	0.0520594
0.789966	0.0520485
0.789875	0.0520382
0.789861	0.0520267
0.789808	0.052014
0.789614	0.0520052
0.789529	0.0519999
0.789491	0.0519968
0.789417	0.0519958
0.789335	0.0519972
0.789335	0.0519982
0.789325	0.0519971
0.789145	0.0519986
0.789205	0.0519975
0.789043	0.0519981
0.789008	0.0519988
0.788913	0.0520008
0.788849	0.0520038
0.788937	0.0520021
0.788648	0.0520051
0.788747	0.0520055
0.788687	0.0520041
0.788535	0.0520043
0.788504	0.0520046
0.788458	0.0520043
0.788416	0.0520029
0.788239	0.0520047
0.788261	0.0520058
0.788141	0.0520086
0.788084	0.0520123
0.788187	0.0520109
0.788098	0.0520066
0.788007	0.0520009
0.787834	0.051998
0.787802	0.0519961
0.787834	0.0519916
0.787686	0.0519884
0.787524	0.0519897
0.787697	0.0519859
0.787605	0.0519795
0.787425	0.0519753
0.787425	0.0519704
0.787376	0.0519647
0.787369	0.0519563
0.787242	0.0519482
0.787277	0.051937
0.787052	0.0519292
0.787221	0.0519157
0.787168	0.0518978
0.787009	0.05188
0.786974	0.0518612
0.786925	0.0518414
0.786858	0.0518212
0.786801	0.0518005
0.786636	0.0517834
0.786625	0.0517674
0.786622	0.0517503
0.786625	0.0517304
0.786477	0.0517116
0.786537	0.0516892
0.78647	0.0516647
0.786354	0.0516405
0.786336	0.0516151
0.786202	0.0515917
0.786104	0.0515712
0.786075	0.0515521
0.786054	0.0515328
0.785839	0.0515193
0.785987	0.0515027
0.785956	0.0514832
0.785878	0.051462
0.785811	0.05144
0.785741	0.0514176
0.785727	0.0513936
0.785667	0.0513684
0.785452	0.0513481
0.785392	0.0513314
0.785536	0.0513107
0.785279	0.0512942
0.785349	0.0512763
0.785297	0.0512573
0.7853	0.0512353
0.785261	0.0512105
0.785039	0.0511893
0.784979	0.0511709
0.784916	0.0511551
0.784916	0.0511394
0.785001	0.0511189
0.78481	0.0510995
0.784884	0.0510762
0.78475	0.0510527
0.784571	0.0510335
0.78462	0.0510137
0.784567	0.0509936
0.784539	0.0509723
0.784423	0.0509522
0.784423	0.0509312
0.78443	0.0509072
0.784423	0.0508792
0.784148	0.0508561
0.784031	0.0508386
0.784162	0.050819
0.784088	0.0507988
0.784024	0.0507784
0.783971	0.0507576
0.783799	0.0507409
0.784014	0.0507175
0.783756	0.0506966
0.783834	0.0506725
0.783598	0.0506526
0.783675	0.0506311
0.78358	0.05061
0.783605	0.0505864
0.783429	0.0505652
0.7834	0.0505448
0.783256	0.0505284
0.783291	0.0505118
0.783178	0.0504974
0.78314	0.050484
0.782921	0.0504773
0.783171	0.0504647
0.782985	0.0504526
0.782932	0.0504406
0.78284	0.0504299
0.782763	0.0504209
0.782724	0.0504128
0.782547	0.0504095
0.782526	0.0504087
0.782498	0.0504089
0.782396	0.0504115
0.782498	0.0504103
0.78234	0.0504098
0.782371	0.0504065
0.782146	0.050407
0.782216	0.0504058
0.782103	0.0504052
0.782022	0.050406
0.781969	0.0504075
0.781948	0.0504084
0.781948	0.0504067
0.781945	0.0504011
0.781948	0.0503902
0.78174	0.0503805
0.781684	0.0503716
0.781589	0.0503647
0.78155	0.0503587
0.781525	0.0503524
0.781307	0.0503516
0.781265	0.0503545
0.781205	0.0503604
0.781272	0.0503644
0.781205	0.0503672
0.781194	0.0503675
0.781035	0.0503692
0.780877	0.0503756
0.780887	0.0503831
0.780849	0.0503908
0.780778	0.0503992
0.780873	0.0504026
0.780789	0.0504031
0.780831	0.0503977
0.780687	0.0503907
0.78062	0.0503827
0.780553	0.0503742
0.780426	0.0503679
0.780359	0.0503636
0.780299	0.050361
0.780221	0.0503607
0.780281	0.0503578
0.780285	0.0503511
0.780095	0.0503462
0.780035	0.0503425
0.780017	0.0503385
0.779939	0.0503351
0.779936	0.0503302
0.77983	0.0503261
0.779798	0.0503216
0.7797	0.0503183
0.779598	0.0503176
0.779798	0.0503098
0.779612	0.0503013
0.779439	0.0502963
0.779439	0.0502918
0.77945	0.0502856
0.77939	0.0502783
0.779383	0.0502683
0.779231	0.0502598
0.779136	0.0502537
0.779136	0.0502475
0.779034	0.050243
0.779016	0.0502386
0.778833	0.0502388
0.77903	0.0502335
0.779005	0.0502231
0.778914	0.0502099
0.778773	0.0501977
0.778741	0.0501851
0.778664	0.0501733
0.778611	0.050162
0.778604	0.0501494
0.778385	0.0501419
0.778361	0.0501371
0.778353	0.0501329
0.778368	0.0501268
0.778364	0.0501175
0.778265	0.0501073
0.778244	0.0500952
0.778244	0.0500796
0.778107	0.0500643
0.778026	0.0500503
0.777895	0.0500399
0.777906	0.0500301
0.777825	0.0500219
0.777938	0.0500091
0.777786	0.0499964
0.777786	0.0499816
0.77774	0.0499652
0.777525	0.0499531
0.777663	0.0499376
0.777546	0.049922
0.777536	0.0499046
0.777427	0.0498881
0.777384	0.0498718
0.777353	0.049855
0.777493	0.049831
0.77737	0.0498042
0.777261	0.0497771
0.777201	0.04975
0.777176	0.0497222
0.777113	0.0496943
0.777035	0.0496674
0.777035	0.0496395
0.776972	0.0496116
0.776891	0.0495847
0.776908	0.0495563
0.776715	0.0495321
0.776697	0.0495098
0.776834	0.0494825
0.776672	0.0494557
0.776591	0.0494302
0.776581	0.0494043
0.776468	0.0493806
0.776366	0.0493604
0.776288	0.049344
0.776309	0.0493281
0.776288	0.0493117
0.776175	0.0492972
0.776158	0.049283
0.776218	0.0492651
0.776137	0.0492456
0.77613	0.0492232
0.775946	0.0492033
0.775974	0.0491824
0.775855	0.0491634
0.775848	0.0491444
0.775841	0.0491238
0.775622	0.0491082
0.775724	0.0490909
0.775495	0.0490788
0.775478	0.0490696
0.775481	0.0490607
0.775474	0.0490507
0.775386	0.0490412
0.775389	0.04903
0.775351	0.0490172
0.775312	0.0490026
0.77515	0.0489906
0.775033	0.0489828
0.775019	0.048977
0.774949	0.0489736
0.775065	0.0489661
0.774907	0.0489594
0.774914	0.048951
0.774656	0.0489487
0.774787	0.0489445
0.774734	0.048939
0.774653	0.0489336
0.774589	0.0489287
0.774498	0.0489254
0.774396	0.0489252
0.774413	0.0489249
0.774371	0.0489243
0.774241	0.0489263
0.774219	0.048929
0.774241	0.0489297
0.774205	0.0489283
0.774142	0.0489256
0.774075	0.0489224
0.773983	0.04892
0.773962	0.0489173
0.773825	0.0489172
0.773772	0.0489193
0.773814	0.0489196
0.773772	0.0489183
0.77361	0.0489198
0.773677	0.0489188
0.773652	0.0489152
0.773483	0.0489137
0.773437	0.0489134
0.773317	0.0489166
0.773388	0.048918
0.773402	0.0489158
0.773254	0.0489143
0.773236	0.0489119
0.773229	0.0489072
0.773151	0.0489018
0.773194	0.0488923
0.772993	0.0488851
0.772884	0.0488815
0.772859	0.0488799
0.772827	0.0488792
0.772771	0.0488795
0.772834	0.0488764
0.77257	0.0488784
0.772556	0.0488828
0.772485	0.0488899
0.772408	0.0488999
0.77251	0.0489067
0.772418	0.0489126
0.772404	0.0489162
0.772369	0.0489174
0.7722	0.048921
0.772182	0.0489249
0.772147	0.0489285
0.772129	0.0489307
0.772062	0.0489324
0.771995	0.0489341
0.771981	0.0489344
0.771992	0.0489316
0.771876	0.0489285
0.771738	0.0489283
0.771812	0.0489257
0.771738	0.0489223
0.771692	0.0489181
0.77158	0.0489153
0.771544	0.0489131
0.771689	0.0489045
0.771403	0.0488994
0.771315	0.0488981
0.771576	0.0488887
0.771432	0.0488768
0.771308	0.0488653
0.771269	0.0488536
0.77122	0.0488419
0.771224	0.0488283
0.771178	0.0488132
0.771044	0.0488001
0.771174	0.0487819
0.771157	0.0487591
0.771153	0.048731
0.770801	0.0487097
0.770783	0.0486924
0.770744	0.0486781
0.770758	0.0486641
0.770748	0.0486493
0.770773	0.0486312
0.770684	0.0486122
0.770635	0.0485925
0.770494	0.0485755
0.770452	0.0485606
0.770494	0.0485441
0.770494	0.0485249
0.770343	0.0485074
0.770321	0.0484901
0.770328	0.0484713
0.77035	0.0484489
0.77023	0.0484263
0.770216	0.0484025
0.770128	0.0483793
0.770025	0.0483585
0.769997	0.0483391
0.769958	0.0483205
0.769821	0.048306
0.769916	0.0482895
0.769757	0.0482758
0.769662	0.0482659
0.769659	0.0482574
0.769807	0.0482432
0.769645	0.0482289
0.769609	0.0482138
0.769571	0.048198
0.769592	0.048179
0.769465	0.0481607
0.769384	0.048144
0.769405	0.0481261
0.769239	0.0481118
0.769254	0.048098
0.769285	0.0480819
0.769236	0.0480644
0.769236	0.048044
0.769077	0.0480254
0.76907	0.0480068
0.76907	0.0479867
0.769074	0.0479636
0.769	0.0479394
0.768873	0.0479173
0.768778	0.0478984
0.768739	0.0478819
0.7687	0.0478672
0.768647	0.0478542
0.768647	0.047841
0.768499	0.0478314
0.76839	0.0478267
0.768401	0.0478239
0.768387	0.0478215
0.768365	0.0478186
0.768376	0.0478132
0.768291	0.0478071
0.768281	0.0477993
0.768246	0.0477895
0.768235	0.047777
0.768073	0.0477665
0.768006	0.047758
0.767897	0.0477536
0.767868	0.0477515
0.767837	0.0477508
0.767826	0.04775
0.767914	0.0477443
0.767833	0.0477361
0.767819	0.0477246
0.767639	0.0477153
0.767682	0.0477044
0.767565	0.0476948
0.767565	0.0476845
0.767424	0.0476772
0.767555	0.0476658
0.767403	0.0476553
0.767202	0.0476507
0.7674	0.047642
0.767305	0.0476322
0.767192	0.0476238
0.767135	0.0476168
0.767082	0.0476111
0.767065	0.0476054
0.766991	0.0476009
0.766984	0.0475957
0.766737	0.0475973
0.766977	0.0475938
0.76673	0.0475938
0.766868	0.0475896
0.766723	0.0475858
0.766691	0.0475818
0.766674	0.0475764
0.766575	0.0475719
0.766318	0.0475755
0.766448	0.047579
0.766325	0.0475854
0.766286	0.0475936
0.766279	0.0476019
0.766152	0.047613
0.766141	0.0476248
0.766163	0.0476349
0.766205	0.0476402
0.766201	0.0476404
0.766043	0.0476403
0.765923	0.0476424
0.765934	0.047644
0.765863	0.0476462
0.765803	0.0476492
0.765824	0.0476505
0.765719	0.0476525
0.765606	0.0476573
0.765535	0.0476651
0.765479	0.0476755
0.765486	0.0476861
0.765475	0.0476954
0.765475	0.0477022
0.765468	0.0477054
0.765401	0.0477065
0.765391	0.0477045
0.765331	0.0477005
0.765289	0.0476948
0.765306	0.0476854
0.76506	0.0476803
0.765038	0.0476776
0.764996	0.0476766
0.764915	0.0476783
0.765045	0.0476758
0.764901	0.0476739
0.764901	0.0476704
0.764897	0.0476644
0.764859	0.0476561
0.764647	0.0476519
0.764732	0.0476461
0.764577	0.0476433
0.764566	0.0476413
0.76451	0.0476406
0.764478	0.0476402
0.764577	0.0476351
0.76463	0.0476229
0.764517	0.0476077
0.764256	0.0475975
0.76421	0.0475911
0.764217	0.047586
0.76427	0.0475786
0.764059	0.0475755
0.764185	0.0475694
0.76415	0.047561
0.764104	0.0475506
0.764044	0.0475393
0.763801	0.0475344
0.763801	0.0475326
0.763815	0.0475315
0.763992	0.047523
0.763805	0.0475142
0.763812	0.0475029
0.763787	0.0474891
0.76371	0.0474746
0.763755	0.0474562
0.763639	0.0474376
0.763657	0.0474166
0.763579	0.047395
0.763428	0.047377
0.763421	0.0473603
0.763343	0.0473461
0.763389	0.0473309
0.763301	0.0473166
0.763368	0.0472991
0.763322	0.0472793
0.763343	0.0472556
0.763308	0.0472286
0.763199	0.0472015
0.76316	0.0471742
0.76298	0.0471517
0.763111	0.0471268
0.762924	0.0471057
0.76297	0.0470842
0.762878	0.0470646
0.762871	0.0470451
0.762846	0.0470254
0.762839	0.0470042
0.762645	0.0469875
0.762585	0.0469748
0.762582	0.046964
0.762772	0.0469466
0.762585	0.0469294
0.762585	0.0469107
0.762578	0.0468897
0.762525	0.0468673
0.762437	0.0468455
0.762399	0.0468242
0.762427	0.0468008
0.762244	0.046781
0.762162	0.0467653
0.762159	0.0467517
0.762074	0.0467413
0.762106	0.0467309
0.762177	0.0467166
0.762018	0.0467036
0.762018	0.04669
0.76205	0.0466733
0.761764	0.046663
0.761859	0.0466526
0.761898	0.0466395
0.761775	0.0466273
0.761697	0.046617
0.761697	0.0466067
0.761697	0.0465949
0.761644	0.0465826
0.761563	0.0465711
0.761616	0.0465569
0.761436	0.0465456
0.761362	0.0465377
0.761348	0.0465314
0.761496	0.0465197
0.761341	0.0465081
0.76132	0.0464956
0.761271	0.0464828
0.761274	0.046468
0.761271	0.0464505
0.761214	0.0464314
0.761045	0.0464157
0.761239	0.046394
0.760943	0.0463773
0.761133	0.0463559
0.760823	0.0463407
0.760943	0.0463245
0.760802	0.0463114
0.760883	0.0462962
0.760806	0.046281
0.760689	0.0462685
0.760756	0.0462541
0.76065	0.0462408
0.760552	0.0462303
0.760545	0.0462208
0.760548	0.0462107
0.760481	0.0462011
0.760432	0.046192
0.760443	0.0461817
0.760393	0.0461707
0.760383	0.046158
0.760185	0.0461497
0.760242	0.0461412
0.760083	0.0461368
0.760118	0.0461329
0.760062	0.0461301
0.760083	0.0461258
0.75997	0.046123
0.759843	0.0461242
0.759977	0.0461223
0.759896	0.0461196
0.759946	0.0461129
0.759939	0.0461018
0.75972	0.0460936
0.759702	0.0460866
0.759681	0.0460799
0.759639	0.0460735
0.759537	0.0460696
0.759583	0.0460645
0.759495	0.0460602
0.759406	0.0460582
0.759318	0.0460595
0.759272	0.0460636
0.759258	0.046069
0.759142	0.0460779
0.759121	0.0460889
0.759121	0.0460999
0.759124	0.0461094
0.759124	0.046116
0.759121	0.0461189
0.7591	0.0461182
0.758934	0.0461189
0.758966	0.0461178
0.758835	0.0461187
0.7588	0.0461206
0.758768	0.046123
0.758751	0.046125
0.758712	0.0461266
0.758561	0.0461316
0.758483	0.0461406
0.758444	0.0461524
0.758656	0.0461575
0.758613	0.0461576
0.758451	0.0461578
0.758444	0.0461566
0.75842	0.0461538
0.758391	0.0461492
0.758331	0.0461439
0.758296	0.0461377
0.758219	0.0461322
0.758145	0.0461284
0.758247	0.0461207
0.758042	0.0461161
0.758	0.0461137
0.758014	0.0461112
0.758032	0.0461066
0.757909	0.0461033
0.757873	0.0461009
0.757891	0.0460969
0.757891	0.0460904
0.75788	0.046081
0.757887	0.0460674
0.757873	0.0460498
0.757813	0.0460298
0.75762	0.0460133
0.757616	0.0459982
0.757616	0.045983
0.757616	0.0459664
0.757472	0.0459527
0.757584	0.0459356
0.757352	0.0459232
0.757531	0.0459064
0.757549	0.0458845
0.757204	0.0458697
0.757369	0.0458526
0.75719	0.0458394
0.757281	0.0458244
0.757165	0.0458109
0.757179	0.0457968
0.757211	0.0457798
0.757109	0.0457629
0.757049	0.0457468
0.757045	0.0457301
0.757038	0.0457119
0.756844	0.0456983
0.756872	0.0456856
0.757042	0.0456666
0.757027	0.0456419
0.756798	0.0456198
0.756777	0.0455987
0.756784	0.045577
0.756745	0.045555
0.756679	0.045534
0.756717	0.0455111
0.75665	0.0454879
0.756626	0.045464
0.756566	0.0454406
0.756442	0.0454206
0.756428	0.0454026
0.756453	0.0453839
0.756259	0.0453706
0.756266	0.0453597
0.756354	0.0453465
0.756379	0.0453294
0.756206	0.0453142
0.756224	0.0452982
0.75622	0.0452806
0.756199	0.0452613
0.756206	0.045239
0.756143	0.0452154
0.756009	0.0451943
0.755953	0.0451758
0.755836	0.0451622
0.755917	0.0451483
0.755879	0.0451346
0.755836	0.0451211
0.755783	0.0451084
0.755794	0.0450946
0.755857	0.0450765
0.755783	0.0450565
0.755787	0.0450334
0.755748	0.0450081
0.75553	0.0449875
0.755519	0.0449697
0.755477	0.0449543
0.75553	0.0449377
0.755445	0.0449222
0.755371	0.0449088
0.755329	0.0448972
0.755283	0.0448874
0.755152	0.0448825
0.755103	0.0448817
0.755096	0.0448831
0.755107	0.0448846
0.755107	0.0448848
0.755064	0.0448842
0.754994	0.044884
0.755033	0.0448813
0.755011	0.044876
0.754937	0.04487
0.754863	0.0448645
0.754772	0.0448614
0.75474	0.0448599
0.754638	0.0448619
0.754599	0.0448666
0.754582	0.0448727
0.754536	0.0448802
0.754522	0.0448879
0.754335	0.044901
0.754314	0.0449174
0.754518	0.0449277
0.754455	0.0449343
0.754476	0.0449357
0.754268	0.0449389
0.754275	0.0449415
0.754243	0.0449436
0.754173	0.0449462
0.75412	0.0449497
0.754106	0.044953
0.754095	0.0449552
0.753901	0.044962
0.753954	0.0449689
0.753852	0.0449783
0.753982	0.0449835
0.753732	0.0449931
0.753686	0.045006
0.753722	0.0450188
0.75369	0.0450315
0.75369	0.0450424
0.753757	0.0450482
0.753693	0.0450509
0.753669	0.0450504
0.753616	0.0450478
0.753468	0.0450475
0.753443	0.0450482
0.753443	0.0450485
0.753422	0.0450479
0.753426	0.0450451
0.753426	0.0450392
0.753411	0.0450302
0.753281	0.0450218
0.753098	0.0450192
0.753274	0.0450133
0.753179	0.0450072
0.7532	0.0449988
0.753168	0.0449885
0.75301	0.044981
0.752999	0.0449747
0.752929	0.0449705
0.752981	0.0449649
0.752939	0.0449585
0.752904	0.0449514
0.752858	0.044944
0.752869	0.0449348
0.752855	0.0449233
0.752869	0.0449084
0.752597	0.0448991
0.752604	0.0448925
0.752611	0.0448866
0.752601	0.0448805
0.752587	0.0448734
0.752566	0.0448651
0.752583	0.044854
0.752502	0.0448422
0.75253	0.0448276
0.75228	0.0448185
0.752368	0.0448092
0.752308	0.0448007
0.752411	0.0447879
0.752217	0.0447777
0.752143	0.0447706
0.752171	0.0447636
0.752125	0.0447574
0.752192	0.044748
0.752196	0.0447348
0.752037	0.0447231
0.75204	0.044711
0.752044	0.0446973
0.752033	0.0446815
0.752026	0.0446632
0.752016	0.044642
0.752012	0.0446176
0.751864	0.0445947
0.751744	0.0445759
0.751699	0.0445609
0.752016	0.0445365
0.751688	0.0445156
0.751628	0.044498
0.751653	0.044481
0.751656	0.0444634
0.751586	0.0444466
0.751618	0.0444282
0.751427	0.0444143
0.751621	0.0443955
0.751501	0.0443764
0.751477	0.0443565
0.75136	0.0443392
0.75136	0.0443225
0.751367	0.044305
0.751336	0.0442869
0.751325	0.0442676
0.751265	0.0442483
0.751145	0.0442321
0.751188	0.0442156
0.751075	0.0442019
0.750983	0.0441924
0.751117	0.0441802
0.750955	0.0441707
0.750863	0.0441653
0.750941	0.044159
0.750958	0.0441504
0.750782	0.044145
0.750913	0.0441361
0.750825	0.0441266
0.75086	0.044114
0.7508	0.0440999
0.750821	0.0440827
0.750743	0.0440647
0.750648	0.0440481
0.750662	0.044031
0.750518	0.0440174
0.750543	0.0440046
0.750532	0.0439917
0.750423	0.0439815
0.750543	0.0439678
0.750419	0.0439549
0.750373	0.0439429
0.75049	0.0439262
0.750257	0.0439132
0.750366	0.0438977
0.750123	0.0438881
0.75025	0.043877
0.75019	0.043866
0.750074	0.0438581
0.750113	0.0438499
0.750014	0.0438439
0.749975	0.0438397
0.750028	0.0438339
0.749965	0.0438279
0.749965	0.0438206
0.749943	0.0438118
0.749965	0.0437998
0.749697	0.0437936
0.749679	0.0437912
0.749831	0.0437853
0.749728	0.0437793
0.749704	0.0437727
0.749623	0.0437673
0.749612	0.043762
0.749573	0.043757
0.749524	0.0437527
0.749552	0.0437467
0.749401	0.0437437
0.749334	0.043744
0.749298	0.043747
0.749274	0.0437517
0.749291	0.0437559
0.749295	0.0437584
0.749186	0.0437621
0.749143	0.043767
0.749284	0.0437664
0.749196	0.0437636
0.749154	0.0437592
0.749133	0.043753
0.749052	0.0437469
0.749017	0.043741
0.748981	0.0437352
0.748865	0.0437325
0.748893	0.0437299
0.748858	0.0437275
0.748784	0.0437267
0.748752	0.0437271
0.748717	0.0437283
0.748639	0.0437318
0.748544	0.0437392
0.74877	0.0437402
0.748446	0.0437469
0.748467	0.0437556
0.748467	0.0437647
0.748442	0.0437738
0.74846	0.0437809
0.748477	0.0437845
0.748386	0.0437874
0.748364	0.0437891
0.748301	0.0437908
0.748315	0.0437908
0.748312	0.0437882
0.748174	0.0437873
0.748171	0.0437866
0.748061	0.0437886
0.748065	0.0437914
0.748068	0.0437934
0.74804	0.0437948
0.748033	0.0437945
0.747927	0.0437955
0.748047	0.043792
0.747892	0.0437893
0.748037	0.0437807
0.747931	0.0437703
0.747896	0.0437583
0.747913	0.0437433
0.747836	0.0437277
0.747846	0.0437099
0.747705	0.0436944
0.747684	0.0436803
0.747653	0.0436673
0.747642	0.0436546
0.747635	0.0436412
0.747515	0.0436305
0.747635	0.0436164
0.74749	0.043604
0.747596	0.0435878
0.747593	0.0435678
0.747568	0.0435447
0.74748	0.0435211
0.747423	0.0434981
0.747427	0.0434742
0.747374	0.0434508
0.747275	0.04343
0.747212	0.0434126
0.747233	0.0433961
0.747205	0.0433803
0.747177	0.0433651
0.747141	0.0433506
0.747067	0.0433381
0.747071	0.0433261
0.747018	0.0433152
0.747064	0.0433026
0.746831	0.0432958
0.74706	0.0432841
0.746821	0.0432763
0.746937	0.0432661
0.746807	0.0432578
0.746743	0.0432518
0.74693	0.04324
0.746842	0.0432258
0.746662	0.043215
0.746662	0.0432055
0.746743	0.0431931
0.746683	0.0431796
0.74668	0.0431643
0.746704	0.0431456
0.746648	0.0431251
0.746609	0.0431036
0.746507	0.0430838
0.74644	0.0430667
0.746542	0.043047
0.746423	0.0430288
0.746394	0.0430114
0.746405	0.0429935
0.746331	0.0429768
0.746408	0.0429571
0.74638	0.0429353
0.746352	0.0429117
0.746345	0.042886
0.746338	0.0428578
0.746246	0.04283
0.746264	0.0428009
0.746193	0.0427724
0.746193	0.0427433
0.746074	0.0427172
0.746063	0.0426928
0.745986	0.0426716
0.745971	0.0426524
0.745887	0.042637
0.745954	0.0426211
0.745897	0.0426059
0.745859	0.0425917
0.745816	0.0425787
0.74582	0.0425655
0.74583	0.0425507
0.745672	0.0425393
0.745823	0.042524
0.74583	0.0425046
0.745573	0.0424901
0.745644	0.0424755
0.745591	0.0424619
0.745573	0.0424488
0.74557	0.042435
0.745552	0.0424204
0.745446	0.0424078
0.745436	0.0423961
0.745471	0.0423829
0.745281	0.0423742
0.745164	0.042372
0.745252	0.0423707
0.745224	0.0423701
0.74515	0.0423717
0.74509	0.0423759
0.745066	0.0423818
0.745157	0.0423848
0.745104	0.0423862
0.745111	0.0423849
0.745161	0.0423785
0.745126	0.0423684
0.745041	0.042357
0.745034	0.0423438
0.744981	0.04233
0.745002	0.0423137
0.744847	0.0423002
0.744844	0.0422877
0.744689	0.0422806
0.744738	0.0422748
0.744896	0.0422634
0.744643	0.042256
0.744586	0.0422522
0.74459	0.0422501
0.744586	0.0422484
0.744579	0.0422463
0.744583	0.0422426
0.744333	0.0422455
0.74434	0.0422519
0.744326	0.0422605
0.744336	0.0422694
0.744354	0.0422768
0.744336	0.0422825
0.744343	0.0422853
0.744252	0.042288
0.744178	0.0422919
0.74422	0.0422941
0.744181	0.0422952
0.74416	0.042295
0.74417	0.0422923
0.744001	0.0422924
0.744142	0.0422886
0.743896	0.0422894
0.744068	0.0422864
0.744022	0.0422811
0.743959	0.0422752
0.743906	0.0422694
0.743769	0.0422676
0.743864	0.0422642
0.743758	0.0422626
0.743822	0.0422588
0.743779	0.0422538
0.74373	0.0422486
0.743758	0.042241
0.743589	0.0422365
0.743508	0.0422362
0.74349	0.0422386
0.743518	0.0422412
0.743427	0.0422461
0.743409	0.0422523
0.743536	0.0422538
0.743501	0.042252
0.743529	0.0422454
0.743423	0.0422376
0.743437	0.0422271
0.743395	0.0422151
0.743388	0.042201
0.74337	0.0421848
0.743335	0.0421673
0.743321	0.0421483
0.743279	0.0421285
0.743067	0.0421148
0.74317	0.0421009
0.743039	0.0420909
0.743018	0.0420837
0.743007	0.0420779
0.742993	0.042073
0.742937	0.0420696
0.742919	0.042067
0.742919	0.042064
0.74293	0.0420593
0.742937	0.042052
0.742923	0.0420421
0.742937	0.0420285
0.742669	0.0420206
0.742866	0.0420087
0.74274	0.0419977
0.742662	0.0419889
0.742687	0.0419799
0.742659	0.0419708
0.742655	0.0419608
0.742553	0.0419528
0.74257	0.0419444
0.74256	0.0419354
0.742553	0.041925
0.74251	0.0419141
0.742507	0.0419019
0.742503	0.0418877
0.742345	0.0418767
0.74237	0.0418662
0.742401	0.0418541
0.742271	0.0418444
0.742243	0.0418365
0.742243	0.041829
0.742426	0.0418145
0.742236	0.0418003
0.742112	0.0417897
0.742221	0.0417767
0.742225	0.0417612
0.742257	0.0417414
0.742186	0.04172
0.742211	0.0416953
0.742176	0.0416684
0.742133	0.0416405
0.742119	0.0416112
0.742112	0.0415804
0.742112	0.0415475
0.741858	0.0415213
0.741901	0.0414977
0.741844	0.0414775
0.741897	0.0414572
0.741813	0.0414393
0.741756	0.0414241
0.741767	0.0414099
0.74171	0.0413976
0.741689	0.0413866
0.741689	0.0413757
0.741689	0.041364
0.741763	0.041348
0.741686	0.0413307
0.741693	0.0413108
0.741693	0.0412882
0.741682	0.0412629
0.741439	0.0412431
0.741594	0.0412211
0.741499	0.0412002
0.741436	0.0411813
0.74139	0.0411648
0.741407	0.0411487
0.741383	0.0411329
0.741291	0.0411197
0.741354	0.0411054
0.74133	0.0410902
0.741266	0.0410757
0.741104	0.0410665
0.74133	0.0410524
0.741206	0.0410382
0.741016	0.0410295
0.740995	0.0410249
0.741006	0.0410222
0.741171	0.0410142
0.741006	0.0410072
0.740995	0.0410001
0.740974	0.0409927
0.740981	0.0409838
0.740974	0.0409731
0.740942	0.0409611
0.740925	0.0409477
0.740861	0.0409345
0.740759	0.0409241
0.740752	0.0409151
0.740791	0.040905
0.740636	0.0408986
0.740706	0.0408916
0.74059	0.0408874
0.740583	0.0408845
0.740583	0.0408818
0.740583	0.0408782
0.740583	0.0408729
0.740579	0.0408655
0.740533	0.040857
0.740516	0.0408472
0.740491	0.0408363
0.740473	0.0408243
0.740368	0.040814
0.740195	0.0408104
0.740184	0.0408112
0.740234	0.0408128
0.740149	0.0408173
0.740184	0.0408217
0.740174	0.0408254
0.740103	0.04083
0.740086	0.0408348
0.740117	0.0408376
0.740001	0.0408419
0.740029	0.0408452
0.740096	0.0408445
0.739811	0.0408496
0.739902	0.0408548
0.740043	0.040854
0.740047	0.0408477
0.740005	0.0408374
0.739927	0.0408256
0.739899	0.0408126
0.739783	0.0408018
0.739744	0.0407931
0.739687	0.0407871
0.739617	0.0407848
0.739606	0.0407849
0.739702	0.0407825
0.739613	0.0407804
0.739564	0.0407793
0.739504	0.04078
0.739479	0.040782
0.73942	0.0407862
0.739356	0.0407932
0.739363	0.0408012
0.739511	0.0408037
0.739247	0.0408104
0.739349	0.0408154
0.73936	0.0408177
0.739367	0.0408168
0.739346	0.0408129
0.739201	0.0408107
0.739272	0.0408063
0.739254	0.0407999
0.739272	0.0407903
0.739222	0.0407789
0.739215	0.0407655
0.739219	0.0407493
0.739124	0.0407335
0.739039	0.04072
0.739014	0.0407083
0.739007	0.0406974
0.738947	0.0406884
0.738958	0.0406795
0.738863	0.0406734
0.738863	0.0406684
0.738856	0.0406636
0.738796	0.0406603
0.738796	0.0406571
0.738803	0.0406528
0.738796	0.040647
0.738799	0.0406389
0.738789	0.0406285
0.738718	0.0406178
0.738778	0.0406037
0.738803	0.0405852
0.738662	0.0405675
0.738542	0.0405536
0.738694	0.0405364
0.738553	0.0405209
0.738598	0.0405042
0.738514	0.0404888
0.738475	0.0404748
0.738436	0.0404625
0.738489	0.0404488
0.738433	0.0404352
0.738383	0.0404226
0.738415	0.0404087
0.738306	0.0403968
0.738285	0.0403864
0.738267	0.0403769
0.738179	0.0403703
0.738158	0.0403659
0.738267	0.0403584
0.738387	0.0403434
0.738316	0.0403244
0.738066	0.0403099
0.738119	0.0402961
0.738119	0.040282
0.738133	0.0402664
0.73813	0.040249
0.738094	0.0402305
0.737978	0.0402145
0.738006	0.0401984
0.73807	0.0401793
0.738073	0.040157
0.738038	0.0401327
0.737982	0.0401078
0.738013	0.0400805
0.73782	0.0400577
0.737883	0.040035
0.737911	0.0400108
0.737989	0.0399821
0.737671	0.0399604
0.7377	0.0399421
0.737682	0.0399264
0.737654	0.0399131
0.737629	0.0399018
0.737594	0.0398925
0.737612	0.0398833
0.737562	0.0398751
0.737555	0.0398671
0.737566	0.039858
0.737471	0.0398505
0.737573	0.0398397
0.737583	0.0398252
0.737576	0.0398071
0.737573	0.0397855
0.737308	0.0397696
0.737368	0.039755
0.737316	0.0397427
0.737464	0.0397261
0.737273	0.0397122
0.737294	0.0396986
0.73727	0.0396855
0.737249	0.0396726
0.737266	0.0396584
0.737199	0.0396448
0.737175	0.0396317
0.737143	0.0396192
0.737122	0.0396071
0.73727	0.0395893
0.737178	0.0395695
0.737178	0.0395473
0.736889	0.0395326
0.737097	0.0395153
0.737034	0.0394978
0.736995	0.0394807
0.736998	0.0394629
0.736794	0.039451
0.736893	0.0394394
0.736854	0.0394287
0.736787	0.0394202
0.736769	0.0394132
0.736822	0.0394047
0.736776	0.0393959
0.736618	0.0393915
0.736653	0.0393884
0.736597	0.0393874
0.736628	0.0393862
0.736508	0.039388
0.736498	0.0393917
0.736498	0.039396
0.736487	0.0394001
0.736441	0.0394048
0.736516	0.0394062
0.73648	0.0394056
0.736491	0.0394019
0.736484	0.0393951
0.736417	0.0393873
0.736191	0.0393858
0.736403	0.0393805
0.736427	0.0393708
0.736339	0.0393599
0.736311	0.0393481
0.736325	0.0393342
0.736096	0.039326
0.736135	0.0393197
0.736089	0.039316
0.736054	0.0393146
0.736061	0.039314
0.736078	0.0393124
0.736019	0.0393115
0.73592	0.0393135
0.735916	0.039317
0.735923	0.0393205
0.736029	0.0393193
0.735927	0.0393174
0.735927	0.0393137
0.73592	0.039308
0.735934	0.0392992
0.735895	0.0392886
0.735856	0.039277
0.735789	0.0392661
0.735772	0.0392555
0.735839	0.039242
0.735659	0.0392318
0.735656	0.0392232
0.735645	0.0392157
0.735574	0.0392106
0.735571	0.0392068
0.735567	0.0392031
0.735539	0.0391998
0.735529	0.0391963
0.735522	0.039192
0.735522	0.0391862
0.73543	0.0391815
0.735271	0.0391825
0.735268	0.0391871
0.735275	0.0391933
0.735275	0.0392
0.735261	0.0392067
0.735257	0.0392126
0.735402	0.0392117
0.735377	0.0392055
0.735127	0.0392032
0.735257	0.0391979
0.735257	0.0391897
0.73519	0.0391806
0.735141	0.0391718
0.735201	0.03916
0.735162	0.0391467
0.735078	0.0391342
0.735102	0.0391206
0.735145	0.0391039
0.735071	0.0390867
0.734979	0.0390715
0.735014	0.0390557
0.734884	0.0390435
0.734863	0.0390339
0.734873	0.0390252
0.734852	0.0390174
0.734852	0.0390094
0.734782	0.039003
0.734799	0.0389962
0.734841	0.038987
0.73481	0.0389762
0.734827	0.0389626
0.734736	0.0389494
0.73469	0.038937
0.734704	0.0389242
0.734697	0.0389104
0.734683	0.0388956
0.734729	0.0388776
0.734686	0.038858
0.734679	0.0388364
0.734672	0.0388128
0.734693	0.0387863
0.734426	0.0387662
0.734433	0.0387499
0.734552	0.0387318
0.734436	0.038716
0.734507	0.0386985
0.734447	0.0386812
0.734447	0.0386634
0.734429	0.038645
0.734313	0.0386295
0.734344	0.0386144
0.734359	0.0385985
0.73444	0.0385783
0.734267	0.0385602
0.734327	0.0385408
0.734256	0.0385221
0.734196	0.0385055
0.73433	0.0384849
0.734383	0.0384587
0.734306	0.0384304
0.734246	0.0384016
0.734204	0.0383732
0.734253	0.0383427
0.73402	0.0383183
0.733943	0.0383006
0.734024	0.0382846
0.73402	0.0382697
0.734024	0.0382547
0.733971	0.038241
0.733943	0.0382284
0.733876	0.0382183
0.733932	0.0382074
0.733897	0.0381965
0.733879	0.0381854
0.733886	0.0381732
0.733876	0.0381596
0.733742	0.0381489
0.733872	0.0381351
0.733749	0.0381225
0.733724	0.038111
0.733643	0.0381023
0.733618	0.038096
0.733626	0.0380905
0.733622	0.0380851
0.733618	0.038079
0.733622	0.0380716
0.733629	0.0380619
0.733626	0.0380499
0.733597	0.0380363
0.733601	0.0380203
0.73352	0.0380048
0.733495	0.0379895
0.733474	0.0379746
0.733463	0.0379595
0.733467	0.0379435
0.733403	0.0379282
0.733442	0.0379115
0.733284	0.0378985
0.733241	0.0378892
0.733255	0.0378814
0.733196	0.0378764
0.73316	0.037874
0.73322	0.0378706
0.733122	0.0378694
0.73322	0.0378655
0.733076	0.0378638
0.733055	0.0378636
0.733002	0.0378657
0.733072	0.0378662
0.733069	0.0378649
0.732885	0.0378677
0.733062	0.0378665
0.733055	0.0378618
0.733044	0.0378538
0.732896	0.0378476
0.732818	0.0378446
0.732808	0.0378437
0.732825	0.0378429
0.73284	0.0378411
0.73278	0.0378397
0.732787	0.0378376
0.732716	0.0378365
0.73272	0.0378353
0.732685	0.0378344
0.732713	0.0378319
0.732663	0.037829
0.732642	0.0378259
0.732667	0.0378207
0.732565	0.0378168
0.732526	0.0378143
0.732406	0.0378165
0.732392	0.0378218
0.732378	0.0378294
0.732399	0.0378372
0.732403	0.0378442
0.732392	0.03785
0.732381	0.0378544
0.732381	0.0378568
0.732399	0.037856
0.732381	0.0378526
0.732325	0.0378482
0.732336	0.0378417
0.732385	0.037831
0.732269	0.0378205
0.732247	0.0378099
0.732297	0.0377967
0.732184	0.0377848
0.732258	0.0377705
0.732177	0.0377566
0.732096	0.0377449
0.73217	0.0377317
0.732068	0.0377203
0.732047	0.0377103
0.73199	0.0377026
0.731983	0.0376963
0.731909	0.0376929
0.731941	0.03769
0.732001	0.0376846
0.731902	0.03768
0.731997	0.0376717
0.731877	0.0376643
0.731863	0.0376569
0.731825	0.0376504
0.731913	0.0376405
0.731944	0.0376262
0.731818	0.0376123
0.731818	0.0375977
0.731828	0.0375816
0.731884	0.0375616
0.731874	0.0375383
0.7318	0.0375143
0.731581	0.0374968
0.731743	0.0374777
0.731733	0.0374576
0.73161	0.0374402
0.731564	0.0374259
0.731557	0.0374136
0.731578	0.0374016
0.731571	0.0373893
0.731585	0.0373757
0.731507	0.0373631
0.731581	0.0373479
0.731469	0.037334
0.731409	0.0373225
0.731423	0.0373117
0.731444	0.0372999
0.731321	0.0372912
0.731423	0.0372805
0.731412	0.0372679
0.731398	0.0372536
0.731268	0.0372419
0.73138	0.0372274
0.731472	0.037207
0.731423	0.0371829
0.731176	0.0371641
0.731173	0.0371486
0.731405	0.0371268
0.731169	0.0371082
0.731317	0.0370859
0.731338	0.0370595
0.731141	0.0370363
0.731158	0.0370141
0.731324	0.0369863
0.731148	0.03696
0.731155	0.0369338
0.731148	0.0369074
0.731141	0.0368805
0.731025	0.0368568
0.731056	0.0368339
0.73107	0.0368105
0.731056	0.0367868
0.731007	0.036764
0.731007	0.0367411
0.731	0.0367181
0.730943	0.0366962
0.730996	0.0366727
0.730848	0.0366528
0.730827	0.0366356
0.730989	0.0366143
0.730986	0.0365894
0.730721	0.0365706
0.730669	0.0365573
0.73094	0.0365382
0.730626	0.0365255
0.730669	0.0365153
0.730658	0.0365068
0.730584	0.0365017
0.730587	0.0364984
0.730633	0.0364942
0.730728	0.0364853
0.730587	0.036477
0.730591	0.0364681
0.730595	0.036458
0.730662	0.0364438
0.730538	0.0364301
0.730535	0.0364162
0.730538	0.0364012
0.730461	0.0363875
0.730468	0.0363739
0.730383	0.0363627
0.730358	0.0363535
0.730313	0.0363469
0.730327	0.0363411
0.730267	0.0363374
0.730316	0.0363328
0.730316	0.036327
0.730232	0.0363224
0.730175	0.0363199
0.730189	0.0363179
0.730172	0.0363161
0.730306	0.0363089
0.729971	0.0363089
0.730168	0.0363063
0.730179	0.0363009
0.730168	0.0362928
0.730154	0.0362824
0.730165	0.036269
0.73014	0.0362535
0.72996	0.0362419
0.730038	0.0362297
0.73002	0.0362173
0.729964	0.0362061
0.729749	0.0362026
0.72989	0.0361993
0.729837	0.0361977
0.729819	0.0361971
0.729759	0.0361989
0.729735	0.0362026
0.729738	0.0362068
0.729816	0.036208
0.729629	0.0362127
0.729657	0.0362181
0.729523	0.0362283
0.72977	0.0362323
0.729506	0.0362405
0.729495	0.0362511
0.729763	0.0362533
0.729488	0.0362582
0.729562	0.0362614
0.729498	0.0362647
0.729506	0.0362671
0.72952	0.0362674
0.729488	0.0362665
0.72934	0.036269
0.729474	0.0362685
0.729453	0.0362659
