Prel	liquid_fraction
-0.0099374	-0.137041
-0.0099233	-0.137041
-0.0101069	-0.137033
-0.00974319	-0.137041
-0.00910401	-0.137073
-0.00816819	-0.137138
-0.0076102	-0.137212
-0.00692512	-0.137298
-0.00620472	-0.137396
-0.0056962	-0.137493
-0.00460147	-0.137612
-0.00407529	-0.137726
-0.00337607	-0.137841
-0.00281104	-0.137951
-0.00215421	-0.138059
-0.00157153	-0.138161
-0.000875729	-0.138263
-0.000254213	-0.138361
0.000469739	-0.136901
0.00114775	-0.135535
0.00171984	-0.134255
0.00250736	-0.133063
0.00306179	-0.13195
0.00380689	-0.130915
0.00424126	-0.129946
0.0049193	-0.129041
0.00545252	-0.128191
0.00615175	-0.127396
0.00696399	-0.126661
0.00744072	-0.125974
0.00803399	-0.125331
0.00874735	-0.124732
0.00944302	-0.124177
0.00997272	-0.123659
0.0107179	-0.123178
0.011124	-0.122724
0.0120174	-0.122306
0.0124906	-0.121913
0.0132499	-0.12155
0.0137372	-0.121208
0.0143835	-0.120887
0.015284	-0.120595
0.0157324	-0.120323
0.0163151	-0.120066
0.0170073	-0.119827
0.0176041	-0.119603
0.0182433	-0.119392
0.0188189	-0.119191
0.0194863	-0.119001
0.0200302	-0.118819
0.0206976	-0.118645
0.0214604	-0.118484
0.0220289	-0.118332
0.0224209	-0.118179
0.0231908	-0.118032
0.0237346	-0.117887
0.0244268	-0.117747
0.0251366	-0.117615
0.0254438	-0.117477
0.0262949	-0.117344
0.026927	-0.117216
0.0275167	-0.117091
0.0281736	-0.116971
0.0288869	-0.116858
0.0294519	-0.116749
0.0300346	-0.116643
0.0307797	-0.116543
0.0312671	-0.116443
0.0320934	-0.116353
0.0325561	-0.116262
0.0331917	-0.116174
0.0337921	-0.116085
0.0345796	-0.116003
0.0350104	-0.11592
0.0357167	-0.115838
0.0363453	-0.115758
0.0369845	-0.11568
0.0373588	-0.115594
0.0381887	-0.11551
0.0388738	-0.115429
0.0394282	-0.11535
0.0399967	-0.115269
0.0407207	-0.11519
0.0412186	-0.115109
0.0418013	-0.115025
0.0426488	-0.114947
0.0432421	-0.114873
0.0437012	-0.114795
0.0443827	-0.114718
0.0449336	-0.114637
0.0453362	-0.114545
0.0461202	-0.114451
0.0468159	-0.114358
0.0473915	-0.114264
0.0478683	-0.114164
0.0484545	-0.114058
0.0490371	-0.113946
0.0500012	-0.113843
0.0503332	-0.113737
0.0509724	-0.113628
0.0516009	-0.113518
0.0522578	-0.113409
0.0528228	-0.113299
0.0534726	-0.11319
0.0540376	-0.11308
0.0547121	-0.112971
0.0552524	-0.11286
0.0560046	-0.112754
0.0563718	-0.112642
0.0572547	-0.112536
0.0577032	-0.112428
0.0585013	-0.112326
0.0592041	-0.112234
0.0596243	-0.11214
0.0601964	-0.112044
0.0608709	-0.11195
0.0614465	-0.111854
0.062128	-0.11176
0.0627919	-0.11167
0.0631733	-0.111574
0.0639432	-0.111479
0.0645788	-0.111386
0.0651262	-0.111292
0.0657266	-0.111197
0.0664011	-0.111103
0.0669415	-0.111008
0.0675524	-0.110911
0.0683328	-0.11082
0.0688908	-0.110732
0.0695229	-0.110647
0.0701692	-0.110565
0.0708402	-0.110489
0.0714475	-0.110417
0.0718325	-0.110339
0.0724681	-0.110257
0.073072	-0.110171
0.0737853	-0.110087
0.0743115	-0.11
0.0750107	-0.109914
0.0754733	-0.109824
0.0761443	-0.109732
0.0767764	-0.10964
0.0773662	-0.109547
0.0780477	-0.109457
0.0786092	-0.109366
0.0791778	-0.109273
0.0798735	-0.109182
0.0804562	-0.109092
0.0811942	-0.109007
0.0817239	-0.108924
0.0821406	-0.108834
0.0829811	-0.108748
0.0834684	-0.108661
0.0840617	-0.108571
0.0847539	-0.108484
0.0854425	-0.108401
0.0860075	-0.10832
0.0864313	-0.108233
0.0872541	-0.10815
0.0879357	-0.108073
0.0884901	-0.107999
0.0888962	-0.107919
0.0896378	-0.107839
0.0901675	-0.107756
0.0908314	-0.107674
0.0914106	-0.10759
0.0920957	-0.107508
0.0926536	-0.107426
0.093261	-0.107344
0.0938896	-0.107263
0.094557	-0.107184
0.0950938	-0.107105
0.0957436	-0.107027
0.0963439	-0.10695
0.0970361	-0.106877
0.0974492	-0.1068
0.0979507	-0.106714
0.0988018	-0.106632
0.0992079	-0.106544
0.0996811	-0.106447
0.10061	-0.106355
0.101083	-0.106261
0.101701	-0.106168
0.102185	-0.10607
0.102792	-0.105968
0.103612	-0.105871
0.103989	-0.10577
0.104664	-0.105669
0.105275	-0.105567
0.105896	-0.105467
0.106521	-0.105368
0.107051	-0.105268
0.107733	-0.105169
0.10822	-0.105068
0.108898	-0.104968
0.109541	-0.10487
0.110233	-0.104778
0.110667	-0.104683
0.111229	-0.104585
0.111762	-0.104482
0.112663	-0.104387
0.113139	-0.104294
0.11363	-0.104197
0.114411	-0.104105
0.114976	-0.104015
0.115371	-0.103919
0.116063	-0.103822
0.116897	-0.103733
0.117282	-0.103642
0.118126	-0.10356
0.118677	-0.103482
0.119351	-0.103412
0.119619	-0.103333
0.12034	-0.103253
0.120795	-0.103165
0.121523	-0.103076
0.122049	-0.102984
0.122815	-0.102896
0.123575	-0.102818
0.123977	-0.10274
0.124567	-0.102661
0.125206	-0.102583
0.125761	-0.102505
0.126403	-0.102427
0.127018	-0.102351
0.127519	-0.102272
0.128123	-0.102191
0.128709	-0.102107
0.129366	-0.102024
0.129928	-0.10194
0.130599	-0.101859
0.131171	-0.101778
0.131803	-0.101698
0.132357	-0.101619
0.132873	-0.101536
0.133544	-0.101453
0.134112	-0.101369
0.134783	-0.101288
0.135232	-0.101202
0.135769	-0.10111
0.13657	-0.101021
0.137022	-0.10093
0.137676	-0.100839
0.138265	-0.100748
0.138943	-0.100661
0.139515	-0.100575
0.139957	-0.100484
0.140737	-0.100397
0.141168	-0.100307
0.141853	-0.100217
0.142425	-0.100127
0.143209	-0.100045
0.143732	-0.0999656
0.144149	-0.0998819
0.144777	-0.099796
0.145628	-0.0997189
0.146352	-0.0996541
0.146571	-0.0995835
0.147168	-0.0995086
0.14774	-0.0994293
0.148496	-0.099353
0.148944	-0.0992731
0.14946	-0.099187
0.150194	-0.0991019
0.150699	-0.099014
0.15148	-0.0989316
0.1519	-0.0988463
0.152469	-0.0987581
0.15309	-0.0986686
0.153708	-0.0985793
0.154255	-0.0984885
0.154785	-0.0983938
0.155357	-0.0982955
0.156081	-0.0981998
0.156639	-0.0981049
0.157183	-0.0980087
0.157677	-0.0979078
0.158433	-0.0978101
0.158959	-0.0977123
0.159644	-0.0976058
0.160393	-0.0975117
0.160831	-0.0974215
0.161339	-0.0973312
0.161982	-0.0972432
0.162318	-0.0971467
0.16313	-0.0970529
0.163758	-0.0969628
0.164327	-0.0968748
0.16491	-0.0967884
0.165503	-0.0967037
0.166128	-0.0966218
0.166707	-0.0965418
0.167209	-0.0964599
0.167629	-0.0963694
0.168462	-0.0962825
0.169045	-0.0961979
0.169504	-0.0961101
0.170221	-0.0960251
0.170843	-0.0959439
0.171245	-0.0958581
0.172008	-0.095776
0.17246	-0.0956911
0.173187	-0.0956101
0.173505	-0.0955209
0.174317	-0.0954348
0.174996	-0.0953548
0.175511	-0.0952769
0.17602	-0.0951975
0.176539	-0.0951141
0.177139	-0.0950282
0.177701	-0.0949394
0.178492	-0.0948568
0.178982	-0.0947752
0.17936	-0.094686
0.180042	-0.0945949
0.180579	-0.0945003
0.181356	-0.0944108
0.181974	-0.094327
0.182532	-0.0942383
0.183294	-0.0941615
0.18369	-0.0940865
0.184276	-0.0940132
0.184898	-0.0939428
0.185501	-0.0938757
0.185918	-0.093804
0.18643	-0.0937259
0.187218	-0.093651
0.187624	-0.0935712
0.188284	-0.0934909
0.189125	-0.0934208
0.189337	-0.0933432
0.190036	-0.0932648
0.190548	-0.0931828
0.191371	-0.093108
0.191738	-0.0930299
0.192416	-0.0929533
0.192931	-0.0928751
0.193465	-0.0927937
0.194238	-0.0927178
0.194559	-0.0926352
0.195446	-0.0925603
0.195898	-0.0924861
0.196346	-0.0924069
0.197028	-0.0923282
0.197741	-0.0922553
0.198094	-0.0921775
0.198716	-0.0920978
0.199274	-0.0920155
0.199931	-0.0919344
0.200513	-0.0918544
0.201244	-0.0917818
0.201636	-0.0917072
0.20241	-0.0916392
0.202823	-0.0915694
0.203384	-0.0914977
0.204045	-0.0914277
0.204483	-0.0913532
0.205249	-0.091283
0.205698	-0.0912107
0.206259	-0.0911362
0.206923	-0.0910635
0.207495	-0.0909918
0.207898	-0.0909138
0.208593	-0.0908357
0.209137	-0.090756
0.209798	-0.0906786
0.210288	-0.0905996
0.210776	-0.0905156
0.211454	-0.0904319
0.211931	-0.0903444
0.212591	-0.0902574
0.213181	-0.0901714
0.213668	-0.0900827
0.214346	-0.0899964
0.214851	-0.0899091
0.215398	-0.08982
0.216052	-0.0897328
0.216475	-0.0896411
0.21727	-0.089555
0.217461	-0.0894575
0.218241	-0.0893599
0.218838	-0.0892631
0.219339	-0.0891642
0.220123	-0.0890725
0.220314	-0.0889707
0.220992	-0.0888658
0.221748	-0.0887661
0.222249	-0.0886677
0.222807	-0.08857
0.223418	-0.0884749
0.223905	-0.0883784
0.224531	-0.0882834
0.225145	-0.0881913
0.225925	-0.0881105
0.22625	-0.0880286
0.226833	-0.0879465
0.227334	-0.0878614
0.227974	-0.0877769
0.22856	-0.0876935
0.229072	-0.0876088
0.229761	-0.087528
0.230244	-0.0874467
0.230749	-0.0873626
0.231452	-0.0872819
0.232148	-0.0872091
0.232663	-0.0871403
0.233221	-0.0870744
0.23362	-0.0870037
0.234132	-0.0869269
0.23487	-0.0868523
0.235446	-0.0867795
0.236099	-0.0867118
0.236548	-0.0866431
0.237222	-0.0865782
0.23748	-0.0865031
0.238377	-0.0864339
0.238882	-0.0863665
0.239437	-0.0863
0.239808	-0.0862261
0.240362	-0.0861458
0.241104	-0.0860675
0.241573	-0.0859869
0.24223	-0.0859081
0.242799	-0.0858311
0.243226	-0.0857496
0.2439	-0.0856694
0.24448	-0.0855907
0.245002	-0.0855113
0.245677	-0.0854363
0.246143	-0.0853605
0.246718	-0.0852847
0.247255	-0.0852077
0.247852	-0.0851311
0.248346	-0.085052
0.249035	-0.0849761
0.249455	-0.0848968
0.25007	-0.0848169
0.250667	-0.0847379
0.251383	-0.0846662
0.251941	-0.0846001
0.252347	-0.0845319
0.252785	-0.084457
0.253612	-0.0843878
0.253997	-0.0843154
0.254445	-0.084236
0.255102	-0.0841549
0.255837	-0.0840797
0.256161	-0.0839991
0.256744	-0.0839155
0.257284	-0.0838285
0.257987	-0.0837448
0.258552	-0.0836639
0.259153	-0.0835871
0.259626	-0.08351
0.260276	-0.0834365
0.260858	-0.0833668
0.261342	-0.083297
0.261836	-0.0832244
0.262504	-0.0831542
0.26297	-0.0830819
0.263475	-0.0830057
0.26416	-0.0829316
0.264598	-0.0828541
0.265121	-0.0827724
0.265555	-0.0826823
0.266385	-0.0825969
0.267017	-0.0825183
0.267349	-0.0824358
0.267914	-0.0823508
0.268458	-0.0822632
0.268917	-0.0821696
0.269563	-0.0820751
0.270107	-0.0819794
0.270852	-0.081891
0.271322	-0.0818046
0.27188	-0.0817203
0.272183	-0.0816273
0.272989	-0.0815381
0.273589	-0.0814537
0.274066	-0.0813699
0.27462	-0.081287
0.27522	-0.0812066
0.275514	-0.0811174
0.276259	-0.0810294
0.276757	-0.08094
0.277438	-0.0808549
0.277887	-0.080769
0.278363	-0.0806794
0.278971	-0.0805894
0.279546	-0.0804999
0.280097	-0.0804111
0.280779	-0.0803282
0.281358	-0.0802512
0.281983	-0.0801822
0.282463	-0.0801165
0.282869	-0.0800474
0.283463	-0.0799775
0.283865	-0.0799005
0.284547	-0.0798234
0.285087	-0.0797456
0.285497	-0.0796614
0.286178	-0.0795778
0.286715	-0.0794939
0.28727	-0.0794101
0.287828	-0.0793269
0.288403	-0.0792452
0.288954	-0.0791649
0.289498	-0.0790856
0.289985	-0.0790046
0.29049	-0.0789204
0.291281	-0.0788439
0.291592	-0.0787635
0.292146	-0.0786805
0.292715	-0.0785964
0.293259	-0.0785111
0.293834	-0.0784263
0.294495	-0.0783466
0.295035	-0.0782706
0.295505	-0.0781945
0.29613	-0.0781217
0.296667	-0.0780511
0.297013	-0.0779738
0.297574	-0.0778921
0.298323	-0.0778152
0.298786	-0.0777386
0.299245	-0.0776587
0.299993	-0.0775848
0.300477	-0.0775129
0.30088	-0.0774368
0.301558	-0.077363
0.301967	-0.0772853
0.302546	-0.077206
0.302995	-0.0771215
0.303737	-0.0770411
0.30422	-0.0769616
0.304785	-0.0768836
0.305312	-0.0768063
0.305728	-0.0767241
0.306343	-0.0766413
0.306922	-0.0765595
0.307434	-0.0764771
0.307946	-0.0763933
0.3085	-0.0763087
0.309161	-0.0762288
0.309542	-0.0761457
0.310273	-0.0760684
0.310799	-0.0759949
0.311223	-0.0759195
0.311813	-0.0758449
0.312382	-0.0757719
0.312805	-0.0756955
0.313321	-0.0756153
0.313978	-0.0755371
0.314363	-0.0754538
0.314935	-0.075368
0.315486	-0.0752807
0.316008	-0.0751917
0.316577	-0.0751026
0.317269	-0.07502
0.317785	-0.0749417
0.318219	-0.0748624
0.318826	-0.0747856
0.319317	-0.0747087
0.31979	-0.074629
0.320571	-0.0745576
0.32085	-0.0744815
0.321401	-0.0744027
0.321899	-0.0743199
0.322393	-0.0742323
0.322955	-0.074142
0.32364	-0.0740558
0.324272	-0.0739771
0.324713	-0.0739002
0.325013	-0.0738152
0.325688	-0.0737298
0.326115	-0.0736395
0.326758	-0.0735499
0.327298	-0.0734612
0.327782	-0.0733712
0.328312	-0.0732801
0.329032	-0.0731962
0.329339	-0.0731083
0.330109	-0.0730276
0.330646	-0.0729527
0.33096	-0.0728734
0.331652	-0.0727974
0.332168	-0.0727233
0.332729	-0.0726519
0.333199	-0.0725801
0.333704	-0.0725067
0.334308	-0.0724353
0.334778	-0.0723626
0.335208	-0.0722847
0.335728	-0.0722023
0.336346	-0.0721198
0.337172	-0.0720497
0.337585	-0.0719844
0.338108	-0.0719228
0.338464	-0.0718567
0.339114	-0.0717922
0.339534	-0.0717242
0.340092	-0.0716547
0.340502	-0.0715786
0.341057	-0.0714985
0.341773	-0.0714229
0.342353	-0.071353
0.342727	-0.0712811
0.343182	-0.0712048
0.343853	-0.0711309
0.344351	-0.0710576
0.344846	-0.0709835
0.345404	-0.0709098
0.345958	-0.0708378
0.346527	-0.0707688
0.346929	-0.0706969
0.347713	-0.0706337
0.348052	-0.0705692
0.348628	-0.0705058
0.349288	-0.070449
0.349705	-0.0703925
0.350245	-0.070337
0.350694	-0.0702788
0.351121	-0.0702143
0.351739	-0.0701486
0.352354	-0.0700855
0.353014	-0.0700299
0.353173	-0.0699648
0.353872	-0.0698998
0.354409	-0.069835
0.354956	-0.0697712
0.355507	-0.0697094
0.355987	-0.0696473
0.356542	-0.0695861
0.357188	-0.0695307
0.357407	-0.069467
0.358043	-0.0694017
0.358484	-0.0693313
0.358933	-0.0692539
0.359688	-0.0691806
0.360165	-0.0691085
0.360631	-0.0690352
0.361263	-0.0689656
0.361609	-0.0688914
0.362319	-0.0688218
0.36264	-0.0687472
0.363149	-0.0686683
0.363672	-0.0685862
0.364385	-0.0685095
0.364788	-0.0684322
0.365282	-0.0683534
0.365836	-0.0682751
0.36637	-0.0681977
0.366818	-0.0681182
0.367245	-0.0680333
0.367701	-0.0679415
0.368252	-0.0678457
0.368895	-0.0677521
0.369241	-0.067653
0.369958	-0.0675584
0.370395	-0.067464
0.370893	-0.0673692
0.371367	-0.0672725
0.37178	-0.0671702
0.372444	-0.0670699
0.372793	-0.0669643
0.373316	-0.0668552
0.374026	-0.0667517
0.374534	-0.0666526
0.374937	-0.0665525
0.375484	-0.0664533
0.37594	-0.0663527
0.376452	-0.0662509
0.377172	-0.0661573
0.377444	-0.06606
0.378136	-0.0659678
0.378645	-0.0658794
0.379086	-0.0657913
0.379602	-0.0657037
0.380079	-0.0656153
0.380753	-0.0655331
0.381103	-0.065449
0.381569	-0.0653619
0.382363	-0.0652841
0.382572	-0.065201
0.383236	-0.0651205
0.383727	-0.0650409
0.384228	-0.0649619
0.384662	-0.0648803
0.385069	-0.0647922
0.385637	-0.0647017
0.386315	-0.0646162
0.386746	-0.0645315
0.387297	-0.0644492
0.387865	-0.0643714
0.388271	-0.064293
0.388805	-0.0642152
0.389267	-0.064136
0.389733	-0.064054
0.390373	-0.0639754
0.390916	-0.0639009
0.391418	-0.0638295
0.391806	-0.0637556
0.392396	-0.0636832
0.392954	-0.0636142
0.393293	-0.0635407
0.393975	-0.0634711
0.394409	-0.0634013
0.394907	-0.0633312
0.395387	-0.0632597
0.395868	-0.0631859
0.39657	-0.0631187
0.396899	-0.063049
0.3974	-0.0629775
0.397972	-0.0629071
0.398392	-0.0628341
0.398841	-0.0627566
0.399526	-0.0626832
0.399936	-0.0626091
0.400409	-0.062533
0.400907	-0.0624553
0.401578	-0.0623833
0.402009	-0.0623128
0.402556	-0.0622452
0.403043	-0.0621795
0.4034	-0.0621089
0.404177	-0.0620462
0.404512	-0.0619825
0.404982	-0.0619166
0.405586	-0.0618534
0.406137	-0.0617942
0.406571	-0.0617352
0.407037	-0.0616749
0.407422	-0.0616087
0.407966	-0.0615395
0.408369	-0.0614636
0.40904	-0.0613897
0.409216	-0.0613035
0.409993	-0.0612195
0.410438	-0.0611347
0.411134	-0.0610578
0.411561	-0.060984
0.411978	-0.0609094
0.412568	-0.0608383
0.413006	-0.0607672
0.413539	-0.0606977
0.414047	-0.0606299
0.414475	-0.0605606
0.414867	-0.0604855
0.415587	-0.0604153
0.416085	-0.0603488
0.416516	-0.0602826
0.416918	-0.0602126
0.417427	-0.0601402
0.417897	-0.0600647
0.418331	-0.0599841
0.418995	-0.0599067
0.419217	-0.0598201
0.419948	-0.0597365
0.420316	-0.0596496
0.420835	-0.0595616
0.421287	-0.0594709
0.421834	-0.0593804
0.422381	-0.0592926
0.42266	-0.0591977
0.423236	-0.0591012
0.423858	-0.0590088
0.424334	-0.0589191
0.424765	-0.0588292
0.425298	-0.058741
0.425779	-0.058654
0.426337	-0.0585707
0.426803	-0.0584894
0.427325	-0.0584112
0.427813	-0.0583354
0.428159	-0.0582554
0.428636	-0.0581717
0.429225	-0.0580893
0.42978	-0.0580106
0.430147	-0.0579296
0.430673	-0.0578486
0.431118	-0.0577657
0.431609	-0.0576815
0.431937	-0.0575894
0.432697	-0.0575029
0.433127	-0.0574181
0.433484	-0.0573293
0.433989	-0.0572384
0.434664	-0.0571537
0.435119	-0.0570725
0.435571	-0.0569929
0.435999	-0.0569121
0.436479	-0.0568303
0.437121	-0.0567543
0.437347	-0.0566717
0.438071	-0.0565944
0.438569	-0.0565217
0.439014	-0.0564508
0.439431	-0.0563786
0.440127	-0.0563144
0.440324	-0.056244
0.440925	-0.056174
0.441402	-0.0561038
0.441878	-0.0560328
0.442267	-0.0559574
0.442705	-0.0558764
0.44321	-0.055792
0.443905	-0.0557139
0.444319	-0.0556376
0.444742	-0.0555605
0.445219	-0.0554826
0.445611	-0.0554002
0.446052	-0.0553127
0.446692	-0.0552279
0.446907	-0.0551337
0.447748	-0.0550479
0.448023	-0.0549595
0.448662	-0.0548763
0.44898	-0.0547902
0.44957	-0.0547067
0.450096	-0.0546272
0.450664	-0.0545549
0.450986	-0.0544814
0.451547	-0.0544107
0.451939	-0.0543385
0.45255	-0.0542708
0.45291	-0.0542014
0.453412	-0.0541318
0.453853	-0.0540603
0.454415	-0.0539909
0.454839	-0.0539206
0.455259	-0.0538474
0.455704	-0.0537704
0.456258	-0.0536937
0.45682	-0.0536208
0.457243	-0.0535485
0.45772	-0.0534768
0.458091	-0.0534011
0.458585	-0.0533232
0.458995	-0.0532406
0.459677	-0.053163
0.46009	-0.0530867
0.460559	-0.0530114
0.460948	-0.0529331
0.461478	-0.0528551
0.461901	-0.0527749
0.462477	-0.0526975
0.46288	-0.0526191
0.463434	-0.0525437
0.463861	-0.0524684
0.464412	-0.0523967
0.464818	-0.052325
0.465221	-0.0522504
0.465736	-0.0521753
0.466068	-0.0520939
0.466782	-0.0520178
0.467216	-0.0519441
0.467643	-0.0518706
0.468025	-0.0517934
0.468537	-0.0517152
0.468961	-0.0516341
0.469579	-0.0515572
0.469999	-0.0514811
0.470479	-0.0514064
0.470864	-0.0513292
0.471401	-0.0512529
0.471814	-0.051175
0.472231	-0.0510936
0.472732	-0.051011
0.473265	-0.05093
0.473555	-0.0508427
0.474226	-0.0507594
0.474611	-0.0506755
0.475074	-0.0505912
0.475405	-0.0505008
0.475928	-0.0504082
0.476292	-0.0503096
0.476931	-0.0502137
0.477426	-0.0501211
0.477853	-0.0500297
0.478217	-0.0499351
0.47882	-0.0498442
0.479234	-0.049754
0.479912	-0.0496736
0.480124	-0.0495902
0.480756	-0.0495119
0.481162	-0.0494352
0.481585	-0.0493582
0.482069	-0.0492818
0.482472	-0.0492033
0.48298	-0.0491253
0.483454	-0.0490478
0.483976	-0.0489735
0.484238	-0.0488929
0.484675	-0.0488067
0.485258	-0.0487212
0.485788	-0.0486389
0.486159	-0.0485553
0.486657	-0.0484726
0.487102	-0.0483897
0.487402	-0.0483001
0.488051	-0.0482134
0.48844	-0.0481258
0.488779	-0.0480326
0.489266	-0.0479362
0.4898	-0.0478406
0.490301	-0.0477474
0.490735	-0.0476553
0.491152	-0.0475623
0.491728	-0.0474741
0.492123	-0.0473867
0.49266	-0.0473037
0.493158	-0.0472259
0.493582	-0.047151
0.494108	-0.0470812
0.494553	-0.047015
0.49497	-0.04695
0.495422	-0.0468857
0.495785	-0.0468179
0.496322	-0.0467509
0.496739	-0.0466825
0.497184	-0.0466127
0.497551	-0.0465378
0.498024	-0.0464596
0.498646	-0.046386
0.498843	-0.0463047
0.49944	-0.0462237
0.499995	-0.0461471
0.500267	-0.046066
0.500779	-0.0459843
0.501266	-0.0459033
0.501697	-0.045822
0.502117	-0.0457391
0.502739	-0.0456623
0.503191	-0.0455901
0.503614	-0.0455203
0.503939	-0.0454471
0.504458	-0.0453742
0.504716	-0.0452931
0.505373	-0.0452146
0.505772	-0.0451354
0.506295	-0.045059
0.506715	-0.0449835
0.507206	-0.0449104
0.507548	-0.0448346
0.507954	-0.0447549
0.508512	-0.0446768
0.508979	-0.0446005
0.50942	-0.0445254
0.50971	-0.0444444
0.510197	-0.0443605
0.510864	-0.0442837
0.511204	-0.0442075
0.511754	-0.0441366
0.512249	-0.0440717
0.512397	-0.0439987
0.512952	-0.0439243
0.513605	-0.0438572
0.513774	-0.0437838
0.514315	-0.0437098
0.514597	-0.0436282
0.515099	-0.0435431
0.515561	-0.0434557
0.516137	-0.0433721
0.516649	-0.0432943
0.51696	-0.0432154
0.517352	-0.0431337
0.517733	-0.043047
0.518192	-0.0429572
0.51874	-0.0428694
0.519192	-0.0427833
0.519559	-0.0426955
0.520205	-0.0426153
0.520664	-0.0425417
0.52089	-0.042464
0.521296	-0.0423821
0.521844	-0.0423011
0.52232	-0.0422222
0.522734	-0.0421438
0.523073	-0.0420615
0.523528	-0.0419769
0.52403	-0.041893
0.524425	-0.0418077
0.52481	-0.041719
0.525181	-0.0416248
0.525711	-0.0415302
0.526159	-0.0414356
0.52654	-0.0413388
0.527183	-0.041249
0.527476	-0.0411586
0.527875	-0.0410662
0.528472	-0.0409793
0.528627	-0.0408846
0.529224	-0.0407909
0.529592	-0.040695
0.530044	-0.0405981
0.530534	-0.0405029
0.530979	-0.0404095
0.531424	-0.040318
0.531929	-0.0402311
0.532194	-0.0401407
0.532706	-0.0400509
0.533155	-0.0399622
0.533586	-0.0398744
0.534016	-0.0397871
0.534422	-0.0396991
0.534853	-0.0396105
0.535231	-0.0395192
0.535666	-0.0394258
0.536216	-0.0393359
0.536495	-0.039242
0.537166	-0.0391555
0.537548	-0.0390725
0.537908	-0.0389892
0.538395	-0.0389084
0.538678	-0.038823
0.539239	-0.0387398
0.539656	-0.0386577
0.540052	-0.0385748
0.5405	-0.0384922
0.54098	-0.038412
0.541376	-0.038332
0.541718	-0.0382486
0.542132	-0.0381618
0.542668	-0.038077
0.543134	-0.037995
0.543537	-0.0379143
0.543985	-0.0378355
0.544342	-0.0377552
0.544752	-0.0376728
0.545405	-0.0375986
0.545663	-0.0375232
0.546129	-0.0374488
0.546482	-0.0373719
0.547023	-0.0372979
0.547393	-0.0372235
0.547831	-0.0371495
0.548199	-0.0370731
0.548576	-0.0369926
0.549261	-0.0369201
0.549622	-0.0368507
0.550017	-0.0367827
0.550522	-0.0367191
0.5509	-0.0366567
0.551324	-0.0365953
0.551663	-0.0365308
0.552196	-0.0364686
0.552496	-0.0364024
0.552966	-0.036335
0.553372	-0.0362658
0.553856	-0.0361976
0.554255	-0.0361288
0.554523	-0.0360531
0.555127	-0.0359796
0.55548	-0.0359045
0.556035	-0.035834
0.556307	-0.0357604
0.556801	-0.0356876
0.557211	-0.0356148
0.557613	-0.0355411
0.557981	-0.0354643
0.558503	-0.0353896
0.558927	-0.0353164
0.559234	-0.0352394
0.559771	-0.0351646
0.560181	-0.0350909
0.560527	-0.0350149
0.561063	-0.0349421
0.561438	-0.0348698
0.561886	-0.0347991
0.562208	-0.0347254
0.562561	-0.0346467
0.56309	-0.0345688
0.563475	-0.0344898
0.563966	-0.0344131
0.564298	-0.0343345
0.564764	-0.0342565
0.565142	-0.0341773
0.565478	-0.0340937
0.566025	-0.0340124
0.566375	-0.0339297
0.566844	-0.0338485
0.567127	-0.0337625
0.567642	-0.0336775
0.567992	-0.0335901
0.568539	-0.0335067
0.568885	-0.0334234
0.569263	-0.0333388
0.569839	-0.0332601
0.570097	-0.0331792
0.57057	-0.0330994
0.571029	-0.0330224
0.571294	-0.032941
0.571774	-0.0328594
0.572131	-0.0327751
0.572657	-0.0326935
0.573028	-0.0326122
0.573416	-0.0325303
0.573642	-0.0324399
0.574168	-0.032348
0.574603	-0.0322558
0.57503	-0.0321639
0.575489	-0.0320746
0.575849	-0.0319851
0.576238	-0.0318947
0.576768	-0.031809
0.577039	-0.0317209
0.57746	-0.0316317
0.57788	-0.0315421
0.578297	-0.0314526
0.578731	-0.0313642
0.579119	-0.0312761
0.579339	-0.03118
0.579886	-0.031084
0.580317	-0.0309889
0.580691	-0.0308932
0.581147	-0.0307992
0.581404	-0.0307003
0.581821	-0.0305983
0.582428	-0.0305026
0.58276	-0.0304085
0.583223	-0.0303184
0.583375	-0.0302206
0.584028	-0.030128
0.584258	-0.0300316
0.584597	-0.0299297
0.585179	-0.0298314
0.585398	-0.0297277
0.586098	-0.029633
0.586306	-0.0295366
0.586747	-0.0294411
0.587041	-0.0293416
0.587531	-0.0292366
0.588202	-0.029145
0.588347	-0.0290529
0.58876	-0.0289614
0.589188	-0.0288715
0.589594	-0.0287833
0.589869	-0.0286909
0.590424	-0.0286021
0.59077	-0.0285136
0.591087	-0.028422
0.59166	-0.0283354
0.591949	-0.0282479
0.592172	-0.0281522
0.592758	-0.0280584
0.593277	-0.027971
0.59374	-0.0278913
0.593987	-0.0278112
0.594393	-0.0277314
0.594728	-0.0276492
0.595329	-0.0275738
0.595403	-0.0274895
0.595911	-0.0274034
0.596247	-0.0273129
0.59689	-0.0272297
0.597179	-0.0271471
0.597776	-0.027074
0.597974	-0.0269995
0.598345	-0.0269233
0.598828	-0.0268492
0.599273	-0.0267789
0.599602	-0.0267085
0.599951	-0.0266361
0.6004	-0.0265644
0.600718	-0.0264896
0.601134	-0.0264135
0.60136	-0.0263288
0.602042	-0.02625
0.60236	-0.026172
0.602858	-0.0260993
0.603207	-0.0260287
0.603702	-0.0259641
0.603995	-0.0258999
0.604422	-0.0258375
0.604666	-0.0257698
0.605231	-0.0257055
0.605397	-0.0256337
0.605806	-0.0255569
0.606149	-0.0254739
0.606594	-0.0253881
0.607018	-0.0253014
0.607477	-0.0252168
0.607855	-0.0251334
0.608155	-0.0250469
0.60866	-0.0249633
0.609069	-0.0248826
0.609437	-0.0248031
0.609793	-0.0247234
0.610221	-0.0246452
0.610655	-0.0245699
0.611036	-0.0244966
0.611428	-0.024425
0.611739	-0.0243514
0.612053	-0.0242731
0.612481	-0.0241928
0.612894	-0.0241118
0.613314	-0.0240315
0.61371	-0.0239523
0.614324	-0.0238835
0.614398	-0.0238093
0.614935	-0.0237378
0.615271	-0.0236658
0.61574	-0.023597
0.616055	-0.0235276
0.616489	-0.0234596
0.616892	-0.0233935
0.617269	-0.0233285
0.61751	-0.0232579
0.61812	-0.0231928
0.618364	-0.0231254
0.618636	-0.0230516
0.618972	-0.0229705
0.619477	-0.022889
0.619787	-0.0228035
0.620201	-0.0227165
0.620684	-0.0226325
0.621016	-0.0225485
0.6215	-0.0224691
0.621857	-0.022392
0.622298	-0.0223194
0.62263	-0.0222482
0.622881	-0.0221725
0.623283	-0.0220943
0.62369	-0.0220151
0.624046	-0.0219339
0.624371	-0.0218488
0.624862	-0.0217654
0.625194	-0.021681
0.625674	-0.0216004
0.626013	-0.0215209
0.626183	-0.0214332
0.626575	-0.0213401
0.626995	-0.0212443
0.62738	-0.0211467
0.627821	-0.0210504
0.628196	-0.020955
0.628535	-0.0208589
0.628983	-0.0207654
0.629315	-0.0206721
0.629636	-0.0205767
0.630103	-0.0204836
0.630321	-0.0203857
0.630675	-0.0202833
0.63112	-0.0201803
0.631515	-0.0200779
0.631967	-0.0199793
0.632313	-0.0198826
0.632589	-0.0197832
0.632988	-0.0196832
0.633404	-0.0195845
0.633733	-0.0194851
0.634245	-0.0193912
0.634428	-0.0192934
0.634799	-0.019193
0.635311	-0.0190965
0.635619	-0.0190002
0.635951	-0.0189026
0.636388	-0.0188069
0.63665	-0.0187081
0.637126	-0.0186115
0.637529	-0.018518
0.637684	-0.0184178
0.638161	-0.0183172
0.638472	-0.0182137
0.638889	-0.0181101
0.639175	-0.0180028
0.639736	-0.0179011
0.640019	-0.0178001
0.64046	-0.0177031
0.640665	-0.017602
0.641272	-0.0175086
0.641431	-0.0174119
0.641848	-0.0173153
0.642268	-0.0172208
0.642636	-0.0171281
0.64295	-0.0170346
0.643405	-0.0169445
0.643698	-0.0168537
0.644175	-0.0167674
0.644489	-0.0166823
0.644744	-0.0165934
0.64515	-0.0165034
0.645556	-0.0164143
0.645807	-0.0163208
0.646301	-0.0162297
0.646658	-0.0161398
0.647074	-0.0160533
0.647417	-0.0159685
0.647774	-0.0158847
0.648021	-0.0157968
0.648529	-0.015712
0.648816	-0.015626
0.649165	-0.0155387
0.649727	-0.0154589
0.649984	-0.0153802
0.650387	-0.0153043
0.650818	-0.0152334
0.650977	-0.0151577
0.651376	-0.0150798
0.6518	-0.0150029
0.6521	-0.0149237
0.652559	-0.0148471
0.652926	-0.0147725
0.653343	-0.0147019
0.653618	-0.0146304
0.654028	-0.0145607
0.654363	-0.0144909
0.654741	-0.0144218
0.655003	-0.0143487
0.655444	-0.0142761
0.65573	-0.0142004
0.656249	-0.0141292
0.656546	-0.0140585
0.656938	-0.0139897
0.657224	-0.013919
0.65764	-0.0138494
0.657895	-0.0137759
0.658301	-0.0137015
0.65852	-0.0136201
0.659042	-0.0135405
0.659247	-0.0134553
0.659696	-0.0133698
0.660067	-0.0132846
0.660384	-0.0131978
0.660911	-0.0131173
0.661211	-0.013039
0.661635	-0.0129656
0.661843	-0.0128895
0.662115	-0.012808
0.662609	-0.0127281
0.662902	-0.0126467
0.663358	-0.0125684
0.663658	-0.0124901
0.664124	-0.0124167
0.664308	-0.0123395
0.664636	-0.0122585
0.664982	-0.0121741
0.665537	-0.0120957
0.665773	-0.0120166
0.666243	-0.0119422
0.666473	-0.011866
0.666787	-0.0117869
0.667182	-0.0117074
0.667631	-0.0116316
0.667885	-0.0115544
0.668266	-0.0114774
0.668616	-0.0114005
0.668952	-0.0113229
0.669213	-0.0112408
0.669707	-0.0111615
0.670067	-0.0110845
0.67041	-0.011009
0.670802	-0.0109365
0.670989	-0.0108592
0.671551	-0.0107876
0.671773	-0.0107144
0.672052	-0.0106372
0.672465	-0.0105597
0.672988	-0.0104891
0.673249	-0.01042
0.673436	-0.0103452
0.673878	-0.0102702
0.674122	-0.0101902
0.674468	-0.0101062
0.674955	-0.0100251
0.67516	-0.00993979
0.675746	-0.00986187
0.675937	-0.00978262
0.676212	-0.0096996
0.676618	-0.00961624
0.676894	-0.00952943
0.677409	-0.00944737
0.677572	-0.0093608
0.677897	-0.0092702
0.678327	-0.00918015
0.678645	-0.0090893
0.679083	-0.00900195
0.679256	-0.00890989
0.679662	-0.00881716
0.680012	-0.00872406
0.68033	-0.00862965
0.680771	-0.0085386
0.680944	-0.00844278
0.681326	-0.00834527
0.681672	-0.00824658
0.681972	-0.00814522
0.682403	-0.0080458
0.682583	-0.0079409
0.683137	-0.00784139
0.683335	-0.00773968
0.68354	-0.00763075
0.684123	-0.00752699
0.684331	-0.00742131
0.684797	-0.00732004
0.684991	-0.00721594
0.685415	-0.00711371
0.685743	-0.0070125
0.686072	-0.00691181
0.686496	-0.0068154
0.686637	-0.00671383
0.687163	-0.00661685
0.687371	-0.00651769
0.687735	-0.00641827
0.688127	-0.00632108
0.688297	-0.00621843
0.688713	-0.00611531
0.689035	-0.0060111
0.68949	-0.00591137
0.689727	-0.00581083
0.690218	-0.00571674
0.690373	-0.00561982
0.690772	-0.00552389
0.691069	-0.005427
0.691425	-0.00533041
0.691878	-0.00523928
0.692033	-0.00514457
0.692446	-0.00505086
0.692785	-0.00495803
0.693135	-0.00486668
0.693551	-0.00478015
0.693696	-0.00468921
0.694215	-0.00460323
0.694402	-0.00451452
0.694791	-0.00442635
0.695211	-0.00434237
0.695412	-0.00425589
0.695766	-0.00416862
0.696136	-0.00408239
0.696437	-0.00399551
0.69679	-0.00390912
0.697242	-0.00382835
0.697411	-0.0037448
0.697658	-0.00365578
0.698153	-0.00356965
0.698361	-0.00348014
0.698926	-0.00339842
0.699071	-0.00331441
0.699346	-0.00322664
0.699756	-0.00313946
0.700159	-0.00305573
0.700311	-0.00296697
0.700738	-0.00287881
0.700992	-0.00278768
0.701458	-0.00270036
0.701829	-0.00261773
0.702027	-0.00253311
0.702316	-0.00244556
0.702744	-0.00236002
0.703083	-0.00227642
0.703489	-0.00219781
0.703637	-0.00211534
0.703962	-0.00203
0.704358	-0.00194534
0.704651	-0.00185967
0.705092	-0.00177827
0.705336	-0.00169649
0.70571	-0.00161666
0.706024	-0.00153779
0.706423	-0.00146291
0.706706	-0.00138922
0.706995	-0.00131496
0.707299	-0.00123934
0.707621	-0.00116247
0.707956	-0.00108499
0.708224	-0.00100456
0.708634	-0.000925567
0.708973	-0.000848187
0.709361	-0.000774839
0.709506	-0.000696804
0.709912	-0.000618969
0.71028	-0.000542975
0.710453	-0.000461828
0.710972	-0.000385345
0.711071	-0.000302456
0.711523	-0.000220564
0.711823	-0.000138227
0.712331	-6.3757e-05
0.712399	1.5887e-05
0.712776	9.66751e-05
0.713158	0.000175909
0.71349	0.000253604
0.71379	0.000330956
0.714309	0.000399338
0.714447	0.000468947
0.714652	0.000544231
0.715121	0.000617346
0.715301	0.000695205
0.715707	0.000772833
0.716022	0.000850711
0.716386	0.000926853
0.716647	0.00100425
0.716972	0.00108226
0.717336	0.00115879
0.717749	0.00123014
0.717946	0.00130282
0.718215	0.00137849
0.718607	0.00145323
0.718861	0.00153018
0.719278	0.00160441
0.719476	0.00168193
0.719864	0.00175875
0.720157	0.00183622
0.720563	0.00191027
0.720729	0.00198829
0.721044	0.00206926
0.721411	0.00215034
0.721704	0.00223263
0.722039	0.00231492
0.7224	0.00239525
0.722707	0.00247441
0.722873	0.00255906
0.723085	0.00265222
0.723653	0.00274089
0.723985	0.00282567
0.724176	0.00291261
0.724473	0.00300164
0.724804	0.00309141
0.725253	0.00317583
0.725437	0.00326178
0.72562	0.00335421
0.72597	0.00344981
0.72639	0.00354324
0.726673	0.00363636
0.726948	0.00373059
0.727213	0.00382751
0.727739	0.003917
0.727933	0.00400594
0.728135	0.0040988
0.728565	0.00419025
0.728848	0.0042809
0.729261	0.00436624
0.729469	0.00445182
0.729777	0.00453739
0.729939	0.00462928
0.730472	0.00471608
0.730667	0.00480423
0.730818	0.00489993
0.731288	0.00499422
0.731539	0.00509015
0.73191	0.00518438
0.732129	0.00528113
0.732489	0.00537723
0.732761	0.00547431
0.733093	0.00557088
0.733305	0.00567107
0.73376	0.00576732
0.733919	0.005867
0.73435	0.00596345
0.734537	0.00606264
0.735084	0.00615304
0.735162	0.00624671
0.735501	0.00634086
0.735805	0.00643541
0.736041	0.00653309
0.736451	0.00662844
0.736504	0.00673297
0.737012	0.00683522
0.737429	0.006931
0.737592	0.00702782
0.737719	0.00713263
0.738153	0.00723757
0.738566	0.00733796
0.738845	0.00743578
0.738937	0.00754046
0.739333	0.00764586
0.739735	0.00774751
0.739997	0.00784792
0.740223	0.00795037
0.740668	0.00804783
0.740798	0.00814883
0.741208	0.00824731
0.741384	0.0083493
0.741815	0.00844797
0.742062	0.00854641
0.742469	0.00863972
0.742634	0.00873485
0.742998	0.00882816
0.743203	0.00892421
0.743539	0.00902047
0.74386	0.00911592
0.744234	0.0092073
0.744549	0.00929477
0.744912	0.00937616
0.745015	0.00946126
0.745371	0.00954628
0.745788	0.00962613
0.746099	0.00970149
0.746201	0.00978176
0.746667	0.00985813
0.746805	0.00993876
0.747257	0.0100157
0.747395	0.0100969
0.747617	0.0101844
0.74802	0.0102722
0.748285	0.0103618
0.748701	0.0104474
0.748966	0.0105313
0.749192	0.0106168
0.749556	0.0107002
0.749796	0.0107846
0.750089	0.0108696
0.750354	0.0109563
0.750616	0.0110457
0.750919	0.0111367
0.751322	0.0112242
0.751562	0.0113114
0.751742	0.011403
0.752145	0.0114931
0.752424	0.0115827
0.752593	0.0116772
0.752996	0.0117704
0.753314	0.0118616
0.753416	0.0119595
0.753861	0.0120554
0.754214	0.0121472
0.754511	0.0122356
0.754659	0.0123274
0.755033	0.0124177
0.755351	0.0125058
0.755687	0.0125901
0.755916	0.012674
0.756209	0.0127574
0.756605	0.0128355
0.756743	0.0129163
0.757156	0.0129935
0.757346	0.0130724
0.757565	0.0131555
0.757947	0.0132377
0.758289	0.0133172
0.758575	0.0133945
0.758858	0.0134704
0.759101	0.0135472
0.759402	0.0136239
0.759652	0.0137023
0.759991	0.0137797
0.760239	0.0138581
0.760525	0.0139374
0.760779	0.0140188
0.761206	0.0140956
0.761266	0.014179
0.761715	0.01426
0.761898	0.014344
0.762368	0.014422
0.762523	0.0145014
0.76288	0.0145783
0.763014	0.0146601
0.763336	0.0147439
0.763692	0.0148261
0.763904	0.0149104
0.764113	0.0149995
0.764579	0.0150842
0.764865	0.0151658
0.765048	0.015249
0.765306	0.0153345
0.765652	0.0154189
0.765889	0.0155046
0.76615	0.015592
0.766528	0.0156767
0.766662	0.0157657
0.767044	0.0158535
0.76716	0.0159476
0.767421	0.0160472
0.767768	0.0161483
0.768152	0.0162461
0.768407	0.0163423
0.768672	0.0164379
0.768831	0.016538
0.769208	0.016637
0.769385	0.0167397
0.76972	0.0168426
0.769946	0.0169478
0.770331	0.0170501
0.77048	0.0171556
0.77085	0.0172594
0.771193	0.0173588
0.771331	0.0174609
0.771589	0.0175655
0.771935	0.0176688
0.772281	0.0177682
0.772524	0.0178658
0.772888	0.0179579
0.773005	0.0180526
0.773372	0.0181451
0.773534	0.0182407
0.773965	0.0183319
0.774142	0.0184239
0.774403	0.0185171
0.774618	0.0186136
0.775007	0.0187076
0.775339	0.0187973
0.775505	0.0188884
0.775773	0.0189804
0.776031	0.0190739
0.776331	0.0191672
0.776617	0.0192599
0.776751	0.0193581
0.777161	0.0194544
0.777507	0.0195462
0.777638	0.0196407
0.777984	0.0197336
0.778242	0.019826
0.778581	0.019915
0.778725	0.0200069
0.779082	0.020097
0.779442	0.020182
0.779594	0.0202683
0.779887	0.0203543
0.780096	0.0204428
0.780495	0.0205277
0.780647	0.020615
0.781032	0.020699
0.781293	0.020781
0.781565	0.0208612
0.781724	0.020945
0.782098	0.0210267
0.782409	0.0211052
0.782631	0.0211833
0.782808	0.0212651
0.783235	0.0213428
0.783525	0.0214166
0.783694	0.0214917
0.784005	0.0215658
0.784196	0.0216427
0.784443	0.0217227
0.784754	0.0218032
0.785047	0.0218833
0.785252	0.0219657
0.785573	0.0220475
0.785859	0.0221282
0.786149	0.0222071
0.786279	0.0222904
0.786622	0.0223738
0.78695	0.0224547
0.787106	0.0225385
0.787346	0.0226255
0.78777	0.0227082
0.787914	0.0227929
0.78819	0.0228786
0.788546	0.0229611
0.78873	0.0230447
0.788981	0.0231296
0.789143	0.02322
0.78944	0.0233131
0.7898	0.0234043
0.789994	0.0234969
0.790298	0.0235889
0.790644	0.0236767
0.790676	0.0237713
0.791036	0.0238666
0.791333	0.0239611
0.791488	0.0240595
0.791862	0.024156
0.792018	0.0242556
0.792329	0.0243552
0.792671	0.0244513
0.792823	0.0245494
0.79313	0.0246468
0.793328	0.0247462
0.793596	0.0248467
0.794009	0.0249413
0.794158	0.0250362
0.794324	0.0251352
0.794744	0.02523
0.794899	0.0253264
0.795217	0.0254211
0.795549	0.0255113
0.79569	0.0256031
0.796015	0.025693
0.796414	0.0257752
0.796527	0.025858
0.796835	0.0259386
0.796986	0.0260223
0.797347	0.0261038
0.797371	0.026194
0.797788	0.0262836
0.797898	0.0263796
0.798212	0.0264779
0.798477	0.0265776
0.79883	0.0266742
0.799045	0.0267701
0.799296	0.0268656
0.799579	0.0269594
0.799748	0.0270557
0.800066	0.0271508
0.800295	0.0272463
0.800497	0.0273443
0.800864	0.027439
0.800973	0.0275378
0.801129	0.0276437
0.801683	0.0277417
0.801796	0.0278402
0.801966	0.0279423
0.802291	0.0280439
0.802616	0.0281418
0.802718	0.0282436
0.803068	0.0283437
0.803184	0.0284485
0.803551	0.0285516
0.803852	0.0286514
0.804017	0.0287523
0.804304	0.0288521
0.804424	0.0289569
0.804696	0.0290642
0.804914	0.029175
0.805204	0.0292866
0.805363	0.0294027
0.805684	0.029519
0.806052	0.0296302
0.806087	0.0297467
0.8065	0.0298597
0.806765	0.0299692
0.806927	0.0300796
0.807104	0.0301935
0.807376	0.0303087
0.807761	0.030419
0.807888	0.0305307
0.808149	0.0306424
0.808435	0.0307523
0.80876	0.0308573
0.809	0.0309587
0.809149	0.0310613
0.809452	0.031162
0.809696	0.0312614
0.809954	0.0313592
0.810282	0.0314519
0.810392	0.0315468
0.810748	0.0316381
0.810914	0.0317303
0.811292	0.0318172
0.81137	0.0319076
0.811582	0.0320017
0.811949	0.0320935
0.812069	0.0321891
0.81239	0.0322841
0.812592	0.0323806
0.812881	0.0324763
0.813196	0.0325683
0.81339	0.0326595
0.813679	0.0327481
0.813877	0.0328365
0.814199	0.0329214
0.814336	0.0330083
0.814467	0.0331014
0.81488	0.0331919
0.815096	0.0332817
0.815311	0.0333722
0.815537	0.0334639
0.815865	0.0335527
0.816109	0.0336393
0.816346	0.0337244
0.816526	0.033811
0.816812	0.0338967
0.816946	0.0339865
0.81726	0.0340761
0.817454	0.0341679
0.817751	0.0342589
0.817889	0.0343537
0.818154	0.0344504
0.818369	0.0345497
0.81863	0.03465
0.818839	0.0347524
0.819143	0.0348535
0.819425	0.0349519
0.819665	0.0350479
0.819958	0.0351396
0.820213	0.0352272
0.820386	0.0353143
0.820658	0.0353994
0.820908	0.0354825
0.821067	0.0355675
0.821477	0.0356463
0.821509	0.0357297
0.821809	0.0358135
0.822021	0.035899
0.822247	0.0359864
0.822593	0.0360704
0.822755	0.0361555
0.823017	0.03624
0.823182	0.0363273
0.823525	0.036412
0.82361	0.0365016
0.823981	0.0365888
0.824313	0.0366703
0.824418	0.0367531
0.824757	0.036832
0.824832	0.0369154
0.825185	0.0370017
0.825365	0.0370881
0.825619	0.0371737
0.825909	0.0372562
0.826032	0.0373413
0.82635	0.0374245
0.826509	0.0375099
0.82677	0.0375955
0.826975	0.0376827
0.827289	0.0377676
0.827463	0.0378535
0.827745	0.0379379
0.827812	0.0380285
0.828155	0.0381189
0.828476	0.0382055
0.828653	0.0382918
0.828843	0.0383793
0.829006	0.0384709
0.829352	0.0385606
0.82943	0.0386558
0.829765	0.0387504
0.8301	0.0388401
0.830129	0.0389352
0.830538	0.039026
0.830655	0.0391189
0.830952	0.0392103
0.831294	0.0392956
0.831312	0.0393856
0.831675	0.0394729
0.831944	0.0395568
0.832053	0.0396432
0.832329	0.0397294
0.832498	0.0398182
0.832753	0.0399078
0.833102	0.0399927
0.833162	0.0400818
0.833498	0.0401689
0.833554	0.0402623
0.833932	0.0403537
0.834246	0.0404402
0.834338	0.0405288
0.834557	0.0406191
0.834811	0.0407096
0.835009	0.0408016
0.835239	0.0408946
0.835383	0.040992
0.835737	0.041087
0.835783	0.0411885
0.836076	0.0412915
0.836425	0.0413905
0.836485	0.0414938
0.836803	0.0415959
0.8371	0.041694
0.837195	0.0417947
0.837435	0.0418963
0.837735	0.0419954
0.837848	0.0420974
0.838156	0.0421977
0.838403	0.0422957
0.838516	0.0423968
0.838823	0.0424962
0.838894	0.0426012
0.83925	0.0427043
0.839377	0.0428103
0.839596	0.0429186
0.839865	0.0430264
0.840013	0.043137
0.840274	0.043248
0.840458	0.0433607
0.840603	0.0434781
0.840656	0.0436062
0.84108	0.0437334
0.841277	0.0438612
0.841426	0.0439921
0.841782	0.0441192
0.841959	0.0442451
0.842164	0.0443703
0.842238	0.0445011
0.842559	0.0446311
0.84287	0.0447565
0.842905	0.0448862
0.843329	0.0450095
0.843414	0.0451339
0.843668	0.0452569
0.843887	0.0453787
0.844216	0.0454942
0.844258	0.0456127
0.844639	0.0457255
0.84465	0.0458432
0.845007	0.045958
0.845264	0.0460687
0.845399	0.0461798
0.845529	0.0462947
0.845787	0.0464103
0.845914	0.0465305
0.846331	0.0466451
0.846356	0.0467641
0.846652	0.0468822
0.846762	0.0470043
0.847055	0.0471258
0.847277	0.0472464
0.847613	0.0473609
0.847733	0.0474747
0.847984	0.0475859
0.848273	0.0476916
0.848386	0.0477976
0.848676	0.0478999
0.848732	0.0480064
0.848986	0.048114
0.849255	0.0482202
0.8494	0.0483281
0.849633	0.0484365
0.849781	0.0485479
0.850021	0.0486604
0.850381	0.0487672
0.850413	0.0488777
0.850685	0.0489879
0.85096	0.0490952
0.851148	0.0492013
0.851427	0.0493032
0.851624	0.0494026
0.85172	0.0495049
0.851978	0.0496072
0.852151	0.0497112
0.852578	0.0498069
0.852567	0.0499062
0.852829	0.0500056
0.852974	0.0501081
0.853344	0.0502058
0.853394	0.0503071
0.85369	0.050407
0.853828	0.0505093
0.854125	0.0506093
0.854234	0.0507121
0.854591	0.0508104
0.854658	0.0509118
0.854986	0.0510098
0.855283	0.0511016
0.855329	0.0511959
0.855516	0.0512925
0.855742	0.0513904
0.855996	0.0514871
0.856222	0.0515824
0.856304	0.0516821
0.856657	0.0517786
0.856869	0.0518727
0.856999	0.0519684
0.857292	0.0520612
0.857374	0.0521575
0.85754	0.0522582
0.857801	0.0523599
0.858214	0.0524534
0.858239	0.0525488
0.85856	0.0526402
0.858656	0.0527336
0.858867	0.052828
0.859097	0.0529223
0.859136	0.0530238
0.85951	0.0531234
0.859613	0.0532263
0.859863	0.0533296
0.860121	0.053431
0.860421	0.0535267
0.860552	0.0536213
0.86076	0.0537147
0.860856	0.0538118
0.861099	0.0539099
0.861399	0.0540048
0.86152	0.0541009
0.861728	0.0541976
0.862003	0.0542915
0.862028	0.0543914
0.862304	0.0544924
0.862515	0.0545941
0.862646	0.0546994
0.862861	0.0548069
0.863215	0.0549095
0.863388	0.0550097
0.863614	0.0551068
0.86378	0.055203
0.864052	0.0552952
0.864186	0.0553875
0.864461	0.0554763
0.864564	0.0555669
0.86479	0.0556577
0.865044	0.0557464
0.865291	0.0558316
0.865397	0.0559182
0.865461	0.056012
0.865722	0.0561084
0.865895	0.0562084
0.866149	0.0563089
0.866305	0.0564118
0.866548	0.0565145
0.866742	0.0566174
0.866827	0.0567255
0.867082	0.0568348
0.867378	0.056941
0.867424	0.0570515
0.867608	0.0571656
0.867915	0.0572776
0.867968	0.0573947
0.868332	0.0575078
0.868455	0.0576214
0.868657	0.0577348
0.868808	0.05785
0.869048	0.0579643
0.86931	0.0580753
0.869405	0.0581879
0.869606	0.0583012
0.869861	0.0584125
0.869868	0.0585305
0.870246	0.0586452
0.870274	0.0587651
0.870429	0.0588902
0.870779	0.0590125
0.870821	0.0591396
0.870994	0.0592706
0.871206	0.059404
0.871482	0.0595353
0.871651	0.0596661
0.871821	0.0597972
0.872025	0.0599277
0.872057	0.0600646
0.872393	0.0601997
0.872506	0.0603371
0.872626	0.0604789
0.872919	0.0606194
0.873173	0.060756
0.873244	0.0608948
0.873579	0.0610282
0.873749	0.0611585
0.873731	0.0612952
0.874116	0.0614275
0.874353	0.0615547
0.874441	0.0616821
0.8746	0.0618106
0.874925	0.0619338
0.874999	0.0620581
0.875239	0.0621804
0.87538	0.0623033
0.875663	0.0624224
0.875762	0.0625424
0.876044	0.0626588
0.876094	0.0627785
0.876274	0.0629007
0.876595	0.0630191
0.876588	0.0631433
0.876931	0.0632646
0.877146	0.0633827
0.877351	0.0634975
0.877404	0.0636155
0.877729	0.0637296
0.877799	0.063846
0.877958	0.0639651
0.878265	0.0640809
0.878523	0.0641912
0.878615	0.0643015
0.878792	0.0644118
0.879053	0.0645188
0.879378	0.0646173
0.879399	0.0647164
0.8796	0.0648152
0.879583	0.0649226
0.879911	0.0650303
0.880183	0.0651348
0.880268	0.0652415
0.88043	0.0653506
0.880702	0.0654579
0.880826	0.0655667
0.881066	0.065674
0.8812	0.0657825
0.881426	0.0658901
0.88149	0.0660023
0.881698	0.0661169
0.882012	0.0662277
0.882012	0.0663438
0.882316	0.0664584
0.882485	0.0665727
0.88275	0.0666831
0.88286	0.0667938
0.883156	0.0668994
0.883171	0.0670086
0.883252	0.0671249
0.883637	0.0672376
0.883739	0.0673514
0.883905	0.0674666
0.884082	0.0675831
0.884449	0.0676924
0.884414	0.067806
0.884601	0.067922
0.884887	0.0680355
0.884972	0.0681514
0.885155	0.0682687
0.885392	0.0683848
0.885646	0.0684968
0.885734	0.0686095
0.885929	0.0687221
0.886193	0.0688308
0.886218	0.0689433
0.886476	0.0690552
0.886476	0.0691746
0.886787	0.0692938
0.886999	0.0694117
0.887098	0.0695321
0.887292	0.0696535
0.887465	0.069776
0.887765	0.0698938
0.887899	0.0700102
0.888104	0.070124
0.888291	0.0702354
0.88857	0.0703403
0.888574	0.070448
0.888747	0.0705576
0.88899	0.0706659
0.889146	0.0707744
0.889358	0.0708814
0.88952	0.070988
0.889806	0.0710895
0.889841	0.0711934
0.890057	0.0712972
0.890226	0.0714014
0.890308	0.0715103
0.89059	0.0716179
0.890742	0.0717259
0.890809	0.0718391
0.891007	0.0719551
0.891233	0.0720712
0.891477	0.0721846
0.891473	0.0723037
0.891674	0.0724259
0.891883	0.072549
0.892031	0.072674
0.892172	0.0728019
0.892416	0.0729288
0.892635	0.0730531
0.892737	0.0731784
0.892864	0.0733062
0.893069	0.0734345
0.893221	0.073564
0.893299	0.0736985
0.893609	0.0738306
0.893698	0.0739648
0.893903	0.0740987
0.89403	0.0742343
0.894086	0.0743762
0.894277	0.0745217
0.89451	0.0746673
0.894591	0.0748169
0.894888	0.0749636
0.894909	0.0751147
0.895114	0.0752672
0.895308	0.0754194
0.895587	0.0755666
0.895576	0.0757176
0.895778	0.0758695
0.895983	0.0760204
0.896053	0.0761747
0.896276	0.0763288
0.896459	0.076482
0.896618	0.0766346
0.896622	0.0767937
0.896851	0.0769545
0.897113	0.0771126
0.897088	0.0772768
0.897293	0.0774434
0.897593	0.0776059
0.897759	0.0777652
0.897794	0.0779273
0.898112	0.0780843
0.898144	0.0782433
0.898448	0.078397
0.898444	0.0785542
0.898617	0.0787131
0.898868	0.0788693
0.898857	0.0790312
0.899005	0.0791975
0.899316	0.0793607
0.89945	0.0795228
0.899683	0.0796806
0.899676	0.0798423
0.899835	0.0800067
0.900114	0.0801679
0.900245	0.080328
0.900358	0.080489
0.900527	0.0806502
0.900584	0.0808158
0.900736	0.0809851
0.90098	0.0811532
0.901181	0.0813188
0.90134	0.0814821
0.901446	0.0816459
0.901601	0.0818098
0.901891	0.0819679
0.901887	0.0821287
0.902092	0.0822891
0.902307	0.0824465
0.902332	0.0826076
0.902572	0.0827675
0.90271	0.0829275
0.902999	0.0830814
0.903134	0.0832319
0.903158	0.0833853
0.903423	0.0835357
0.903388	0.0836927
0.903607	0.0838515
0.903851	0.0840082
0.904027	0.0841623
0.904062	0.0843198
0.904274	0.084477
0.904416	0.0846348
0.904702	0.0847873
0.904645	0.0849451
0.904871	0.0851034
0.905051	0.0852611
0.905221	0.0854178
0.905464	0.0855696
0.905503	0.0857229
0.905637	0.0858779
0.905895	0.0860297
0.906047	0.0861791
0.906125	0.0863301
0.906287	0.0864817
0.906587	0.0866274
0.906485	0.0867801
0.906746	0.0869329
0.906895	0.0870863
0.906905	0.0872466
0.907216	0.0874049
0.907276	0.0875662
0.907566	0.0877235
0.907583	0.0878839
0.907732	0.0880464
0.908021	0.0882046
0.908102	0.0883627
0.908381	0.0885148
0.908466	0.0886654
0.908551	0.0888175
0.908802	0.0889664
0.908872	0.0891164
0.908957	0.08927
0.909194	0.0894227
0.90936	0.0895742
0.90936	0.0897314
0.909593	0.0898891
0.909755	0.090047
0.909946	0.0902032
0.910041	0.0903606
0.910211	0.0905178
0.910401	0.0906731
0.910447	0.0908317
0.910581	0.0909931
0.910783	0.0911545
0.910952	0.0913151
0.911002	0.0914794
0.911108	0.0916495
0.911394	0.0918168
0.91144	0.0919865
0.911704	0.0921528
0.911839	0.092317
0.911888	0.0924839
0.912167	0.0926467
0.912291	0.0928075
0.912269	0.0929742
0.912524	0.0931402
0.912633	0.0933077
0.912905	0.0934705
0.913004	0.0936321
0.913064	0.0937963
0.913219	0.0939618
0.913456	0.0941245
0.913512	0.094289
0.91358	0.0944582
0.913777	0.0946285
0.913919	0.0948001
0.913908	0.0949794
0.914176	0.0951589
0.914201	0.0953442
0.914466	0.0955283
0.914597	0.0957122
0.9146	0.0959019
0.914773	0.0960943
0.914876	0.0962907
0.915137	0.0964847
0.915179	0.0966812
0.915183	0.0968855
0.915416	0.0970913
0.915578	0.0972974
0.915758	0.0975017
0.915833	0.0977075
0.91585	0.0979193
0.915981	0.0981358
0.916203	0.098352
0.916408	0.0985651
0.916341	0.0987846
0.916493	0.0990077
0.916712	0.0992299
0.916783	0.0994543
0.91697	0.0996777
0.91704	0.0999029
0.917125	0.100131
0.917284	0.100361
0.917295	0.100597
0.917503	0.100834
0.917559	0.101075
0.917567	0.101325
0.917704	0.10158
0.91793	0.101835
0.91798	0.102095
0.918121	0.102355
0.918124	0.102623
0.918185	0.102898
0.918375	0.103176
0.918421	0.10346
0.918601	0.103745
0.918629	0.104035
0.918788	0.104327
0.918944	0.104619
0.918877	0.104919
0.91906	0.105221
0.919163	0.105526
0.919276	0.105833
0.919343	0.106144
0.919389	0.10646
0.919304	0.106788
0.919509	0.107122
0.919657	0.107459
0.919781	0.107797
0.919781	0.10814
0.919975	0.108484
0.920031	0.10883
0.920049	0.109181
0.920166	0.109535
0.920194	0.109896
0.920339	0.110258
0.920522	0.110619
0.920635	0.110978
0.920628	0.11134
0.920625	0.111708
0.920745	0.11208
0.920932	0.112451
0.920897	0.112827
0.921049	0.113204
0.921059	0.113586
0.921137	0.113972
0.9212	0.114362
0.921338	0.114754
0.921384	0.115149
0.921465	0.115547
0.92155	0.115947
0.921462	0.116356
0.921727	0.116765
0.921868	0.117171
0.921716	0.117586
0.921808	0.118006
0.921903	0.118431
0.922009	0.118858
0.922112	0.119286
0.922214	0.119713
0.922242	0.120143
0.922277	0.120577
0.922267	0.121017
0.92233	0.121462
0.922334	0.121916
0.92244	0.122374
0.922482	0.122837
0.922655	0.123301
0.922669	0.123767
0.922793	0.124232
0.9228	0.1247
0.92292	0.125168
0.922938	0.125638
0.922941	0.126112
0.922938	0.126593
0.923044	0.127078
0.923044	0.127569
0.923083	0.128065
0.92315	0.128566
0.923337	0.129065
0.923383	0.129563
0.923372	0.130065
0.923496	0.130566
0.923425	0.131072
0.923644	0.131575
0.923468	0.132087
0.923503	0.132607
0.923687	0.133127
0.923637	0.133652
0.923778	0.134177
0.923856	0.134703
0.923856	0.13523
0.924004	0.135755
0.924061	0.136278
0.924078	0.136802
0.924131	0.137326
0.923927	0.137861
0.924177	0.138397
0.924096	0.138939
0.924184	0.139485
0.92429	0.140031
0.924315	0.140579
0.924375	0.141128
0.924478	0.141675
0.924435	0.142226
0.924319	0.142785
0.924583	0.143343
0.924573	0.143902
0.92458	0.144464
0.924559	0.145031
0.924583	0.145603
0.924644	0.146178
0.924644	0.146758
0.924711	0.147341
0.924788	0.147925
0.924788	0.148511
0.924993	0.149092
0.924873	0.149676
0.925053	0.150257
0.924997	0.150839
0.925071	0.151421
0.925028	0.152006
0.925166	0.15259
0.925156	0.153175
0.925141	0.153764
0.925124	0.154358
0.925149	0.154957
0.925149	0.155561
0.925297	0.156164
0.925325	0.156769
0.925413	0.157371
0.925456	0.157971
0.925498	0.15857
0.925488	0.15917
0.925523	0.15977
0.925653	0.160367
0.925572	0.160967
0.925706	0.161564
0.925583	0.162167
0.925579	0.162775
0.925819	0.16338
0.925837	0.163982
0.925848	0.164583
0.925848	0.165186
0.925728	0.165796
0.925858	0.166408
0.925897	0.167021
0.925908	0.167637
0.92594	0.168255
0.925996	0.168873
0.925975	0.169494
0.925968	0.170119
0.926067	0.170744
0.926095	0.17137
0.926197	0.171993
0.92625	0.172614
0.92625	0.173233
0.926293	0.173851
0.926296	0.17447
0.926257	0.175092
0.926339	0.175715
0.926374	0.176337
0.92625	0.176967
0.926399	0.177598
0.926409	0.178229
0.926399	0.178864
0.92637	0.179503
0.92642	0.180145
0.926437	0.18079
0.92649	0.181437
0.926568	0.182082
0.926667	0.182723
0.926628	0.183364
0.926632	0.184006
0.926709	0.184646
0.926773	0.185283
0.926716	0.185922
0.926808	0.18656
0.926826	0.187196
0.926812	0.187834
0.92684	0.188473
0.926815	0.189115
0.926812	0.189761
0.927073	0.190399
0.927084	0.191033
0.927059	0.191665
0.92708	0.192296
0.927197	0.192923
0.927154	0.19355
0.927151	0.194177
0.927197	0.194805
0.92732	0.195429
0.92738	0.196048
0.92731	0.196669
0.92744	0.197285
0.927507	0.197898
0.927511	0.198508
0.92755	0.199117
0.927585	0.199724
0.92761	0.20033
0.927504	0.200941
0.927649	0.201551
0.92755	0.202167
0.927649	0.202784
0.927656	0.203404
0.927546	0.204031
0.927635	0.204662
0.927649	0.205297
0.927656	0.205936
0.927804	0.206572
0.927758	0.207211
0.92779	0.207851
0.927921	0.208487
0.927907	0.209122
0.927974	0.209755
0.927931	0.210389
0.927907	0.211026
0.927981	0.211664
0.928048	0.2123
0.92808	0.212935
0.927952	0.213577
0.928069	0.214218
0.927988	0.214865
0.928073	0.215513
0.928062	0.216165
0.928136	0.216816
0.928073	0.217472
0.9282	0.218126
0.928235	0.218779
0.928274	0.21943
0.928235	0.220083
0.928238	0.220737
0.928302	0.221391
0.928316	0.222045
0.928362	0.222699
0.928408	0.223351
0.928369	0.224005
0.928359	0.224661
0.92845	0.225317
0.928482	0.225971
0.928475	0.226626
0.92862	0.227276
0.928496	0.227929
0.92868	0.228576
0.928701	0.22922
0.928722	0.229861
0.928754	0.2305
0.928743	0.231138
0.92874	0.231778
0.92874	0.232419
0.928924	0.233054
0.928818	0.233691
0.928881	0.234328
0.928765	0.234971
0.928885	0.235614
0.928871	0.236259
0.928952	0.236904
0.928966	0.237549
0.928941	0.238197
0.929135	0.238838
0.92904	0.23948
0.929185	0.240118
0.92915	0.240755
0.929203	0.24139
0.929146	0.242027
0.929181	0.242665
0.929192	0.243305
0.929174	0.243948
0.929178	0.244595
0.929252	0.245242
0.929273	0.24589
0.929266	0.24654
0.929171	0.247196
0.929287	0.247854
0.929164	0.248519
0.929164	0.249192
0.929323	0.249863
0.929319	0.250535
0.929227	0.251212
0.929337	0.25189
0.929319	0.25257
0.929277	0.253253
0.929259	0.253942
0.929323	0.254632
0.929323	0.255324
0.92946	0.256012
0.929432	0.256699
0.929351	0.25739
0.929563	0.258075
0.929552	0.258757
0.929587	0.259435
0.929577	0.260111
0.929644	0.260784
0.92958	0.261457
0.929626	0.26213
0.929658	0.262801
0.929718	0.26347
0.929722	0.264138
0.929764	0.264803
0.929732	0.265469
0.929771	0.266134
0.929771	0.266799
0.929761	0.267467
0.929856	0.268132
0.929838	0.268797
0.929905	0.269461
0.929962	0.270121
0.929761	0.270789
0.929761	0.271463
0.929792	0.272141
0.930036	0.272813
0.930025	0.273482
0.92981	0.274158
0.929972	0.274834
0.930029	0.275507
0.929828	0.276189
0.929916	0.276873
0.930043	0.277555
0.930001	0.278238
0.930043	0.278921
0.930043	0.279604
0.930047	0.280287
0.930071	0.280971
0.930107	0.281654
0.93017	0.282335
0.930149	0.283015
0.930177	0.283694
0.930174	0.284374
0.93029	0.285049
0.930177	0.285726
0.930237	0.286404
0.930431	0.287073
0.930396	0.287739
0.930431	0.288401
0.930463	0.28906
0.930435	0.289717
0.930442	0.290375
0.930439	0.291034
0.930467	0.291693
0.930431	0.292355
0.930569	0.293013
0.930456	0.293676
0.930477	0.294341
0.930597	0.295004
0.930555	0.295668
0.930559	0.296333
0.930594	0.296999
0.930576	0.297667
0.93059	0.298337
0.930654	0.299006
0.930721	0.299672
0.930675	0.30034
0.930806	0.301003
0.930813	0.301664
0.930908	0.302319
0.930905	0.302971
0.930975	0.303618
0.930944	0.304263
0.930922	0.304909
0.930968	0.305555
0.930979	0.306201
0.931021	0.306846
0.931011	0.307491
0.930996	0.30814
0.93106	0.308788
0.931198	0.309431
0.931028	0.310079
0.931272	0.31072
0.931272	0.311358
0.931085	0.312002
0.931049	0.312654
0.931011	0.313314
0.931279	0.313969
0.931258	0.314624
0.931187	0.315282
0.931265	0.31594
0.931201	0.316601
0.931244	0.317264
0.931258	0.317929
0.931314	0.318594
0.931311	0.319259
0.931265	0.319928
0.931371	0.320596
0.931385	0.321264
0.931406	0.32193
0.931346	0.3226
0.93142	0.323269
0.931424	0.323939
0.931484	0.324608
0.931456	0.325277
0.931491	0.325947
0.931646	0.32661
0.931632	0.32727
0.931671	0.327926
0.931625	0.328583
0.931424	0.329249
0.931689	0.329911
0.931427	0.330584
0.931431	0.331265
0.931438	0.331952
0.931703	0.332634
0.931706	0.333313
0.931685	0.333991
0.931646	0.33467
0.931699	0.335349
0.931689	0.336028
0.931696	0.336708
0.931678	0.33739
0.931724	0.338073
0.93171	0.338757
0.931756	0.339441
0.931759	0.340125
0.931802	0.340808
0.931788	0.341492
0.931918	0.342171
0.931848	0.342851
0.932014	0.343523
0.931911	0.344196
0.931989	0.344866
0.931911	0.345537
0.931968	0.346209
0.932028	0.346878
0.93212	0.347542
0.932123	0.348204
0.932144	0.348862
0.932123	0.34952
0.932151	0.350177
0.932232	0.350831
0.93218	0.351485
0.932127	0.352143
0.93218	0.352802
0.932247	0.35346
0.932155	0.354122
0.932257	0.354784
0.932261	0.355446
0.932112	0.356116
0.93212	0.356792
0.932247	0.357468
0.932247	0.358145
0.932155	0.358828
0.93224	0.359512
0.932218	0.360199
0.932169	0.36089
0.932257	0.361582
0.932232	0.362276
0.932275	0.362971
0.932268	0.363666
0.932293	0.364362
0.932271	0.36506
0.932222	0.365762
0.932278	0.366464
0.932268	0.367169
0.932395	0.367869
0.93248	0.368564
0.932416	0.369257
0.932335	0.369953
0.932444	0.370647
0.932543	0.371335
0.932547	0.372019
0.932564	0.3727
0.932572	0.373378
0.932547	0.374056
0.932628	0.374731
0.932515	0.375409
0.932596	0.376086
0.932639	0.376761
0.93266	0.377435
0.932706	0.378107
0.932649	0.37878
0.93267	0.379453
0.932692	0.380126
0.932681	0.380801
0.932858	0.38147
0.932787	0.382138
0.932889	0.382801
0.932677	0.383472
0.932677	0.384147
0.932681	0.384828
0.932681	0.385513
0.932939	0.386191
0.932918	0.386865
0.932674	0.387548
0.932907	0.388228
0.932685	0.388916
0.93285	0.389603
0.93279	0.390293
0.932956	0.390978
0.932932	0.391662
0.932942	0.392345
0.932978	0.393025
0.932985	0.393704
0.932974	0.394384
0.932978	0.395063
0.933034	0.395741
0.933038	0.396419
0.933087	0.397094
0.933066	0.397769
0.933098	0.398443
0.933235	0.399111
0.933225	0.399776
0.933221	0.400439
0.933271	0.401098
0.933211	0.401759
0.933267	0.402418
0.933278	0.403077
0.933352	0.403733
0.933373	0.404387
0.933324	0.405042
0.933387	0.405696
0.933363	0.406351
0.933444	0.407004
0.933359	0.40766
0.933493	0.408313
0.933359	0.408972
0.933398	0.409632
0.933532	0.41029
0.933408	0.410952
0.933525	0.411612
0.933511	0.412274
0.933518	0.412936
0.933518	0.413599
0.933507	0.414265
0.933483	0.414934
0.933518	0.415606
0.933574	0.416277
0.933557	0.41695
0.933564	0.417624
0.93367	0.418296
0.933719	0.418963
0.93362	0.419634
0.933772	0.420299
0.933719	0.420965
0.933733	0.42163
0.933769	0.422294
0.933822	0.422955
0.933829	0.423615
0.933832	0.424275
0.933913	0.424931
0.933829	0.42559
0.93386	0.426249
0.933896	0.426907
0.933924	0.427566
0.933931	0.428224
0.933942	0.428883
0.933931	0.429543
0.933973	0.430204
0.933988	0.430864
0.933917	0.431529
0.933931	0.432197
0.934044	0.432863
0.934005	0.433531
0.933935	0.434203
0.933913	0.434881
0.933917	0.435563
0.933917	0.436249
0.934168	0.436929
0.934175	0.437603
0.934182	0.438274
0.934171	0.438943
0.93403	0.439617
0.934178	0.440289
0.934182	0.440961
0.934083	0.441637
0.934171	0.442312
0.934171	0.442989
0.934182	0.443666
0.934249	0.444342
0.934334	0.445012
0.934305	0.445682
0.934224	0.446354
0.934277	0.447027
0.93426	0.447702
0.934291	0.448377
0.934369	0.44905
0.934344	0.449723
0.934408	0.450393
0.934468	0.45106
0.934503	0.451724
0.93451	0.452384
0.934457	0.453046
0.934411	0.453711
0.934514	0.454374
0.934429	0.455042
0.934461	0.455711
0.934528	0.456379
0.934443	0.457052
0.934471	0.457727
0.934588	0.4584
0.934556	0.459072
0.934577	0.459745
0.934606	0.460416
0.934676	0.461085
0.934648	0.461753
0.93462	0.462423
0.934648	0.463093
0.934606	0.463765
0.934369	0.464452
0.934599	0.465138
0.934595	0.465827
0.934595	0.466517
0.934704	0.467204
0.934514	0.467898
0.934697	0.468589
0.934747	0.469277
0.934736	0.469963
0.934591	0.470654
0.934627	0.471349
0.934761	0.47204
0.934754	0.472729
0.934595	0.473425
0.934757	0.474119
0.934757	0.474812
0.934595	0.475512
0.934666	0.476213
0.934683	0.476917
0.934694	0.477622
0.934768	0.478325
0.934683	0.47903
0.934765	0.479734
0.934704	0.48044
0.934757	0.481146
0.934754	0.481852
0.934793	0.482556
0.934796	0.48326
0.934765	0.483964
0.934814	0.484667
0.934835	0.485369
0.934779	0.486073
0.934976	0.486769
0.934899	0.487464
0.934856	0.48816
0.934923	0.488853
0.934916	0.489546
0.935001	0.490234
0.935012	0.49092
0.934994	0.491604
0.935022	0.492286
0.935029	0.492967
0.935093	0.493645
0.935051	0.494322
0.935026	0.495001
0.935157	0.495675
0.93516	0.496347
0.935029	0.497023
0.935146	0.497698
0.935192	0.49837
0.935111	0.499044
0.935093	0.499721
0.935171	0.500398
0.935079	0.501079
0.935072	0.501764
0.935266	0.502444
0.935178	0.503126
0.935213	0.503807
0.935411	0.504479
0.935178	0.505156
0.935418	0.505825
0.935277	0.506497
0.935418	0.507164
0.935411	0.507828
0.935354	0.508493
0.935471	0.509154
0.935425	0.509816
0.93546	0.510476
0.93551	0.511133
0.935474	0.511792
0.935499	0.51245
0.935513	0.513108
0.935503	0.513767
0.935527	0.514427
0.935587	0.515086
0.935587	0.515744
0.93564	0.5164
0.935591	0.517057
0.935577	0.517717
0.935591	0.518379
0.935598	0.519043
0.935609	0.519708
0.935852	0.520365
0.935827	0.521017
0.93581	0.521667
0.935866	0.522313
0.935598	0.522969
0.935647	0.523631
0.935838	0.52429
0.935863	0.524946
0.935863	0.525601
0.935856	0.526257
0.935757	0.526917
0.935863	0.527577
0.935799	0.528241
0.93564	0.528916
0.935732	0.529595
0.935873	0.530272
0.935859	0.530949
0.935863	0.531627
0.935852	0.532306
0.93587	0.532985
0.935873	0.533666
0.93587	0.534348
0.935859	0.535032
0.935891	0.535716
0.935948	0.5364
0.935933	0.537083
0.935976	0.537765
0.935965	0.538447
0.936011	0.539127
0.935983	0.539808
0.936004	0.540488
0.935958	0.541171
0.935972	0.541855
0.935979	0.542541
0.936011	0.543227
0.936018	0.543914
0.936114	0.544597
0.936152	0.545276
0.936008	0.545959
0.936138	0.54664
0.936227	0.547315
0.936046	0.547995
0.936188	0.548672
0.93623	0.549346
0.936241	0.550017
0.936191	0.550689
0.936219	0.551361
0.936272	0.552032
0.936343	0.552698
0.936279	0.553364
0.936357	0.554028
0.936311	0.554692
0.936265	0.55536
0.936258	0.55603
0.936265	0.556703
0.936269	0.557379
0.936396	0.558052
0.936378	0.558725
0.936389	0.559396
0.936414	0.560067
0.93641	0.560738
0.936421	0.561408
0.936287	0.562085
0.936272	0.562769
0.936304	0.563456
0.936315	0.564146
0.936318	0.564839
0.936332	0.565534
0.93635	0.56623
0.936414	0.566925
0.936414	0.56762
0.936417	0.568313
0.936325	0.569012
0.936414	0.569709
0.936421	0.570406
0.936258	0.571111
0.936414	0.571814
0.936371	0.572519
0.936407	0.573224
0.936403	0.57393
0.936421	0.574635
0.936385	0.575342
0.936414	0.576049
0.936424	0.576756
0.936403	0.577464
0.936389	0.578173
0.93641	0.578884
0.93647	0.579592
0.936435	0.580301
0.936566	0.581004
0.936537	0.581705
0.936424	0.582409
0.936633	0.583106
0.936506	0.583804
0.936601	0.584499
0.936491	0.585196
0.936449	0.585897
0.936583	0.586595
0.936481	0.587297
0.93658	0.587996
0.936654	0.588691
0.936668	0.589383
0.936622	0.590074
0.936703	0.590762
0.936728	0.591445
0.936721	0.592127
0.936721	0.592807
0.936735	0.593486
0.936724	0.594165
0.936756	0.594843
0.936732	0.595521
0.93683	0.596196
0.936777	0.596872
0.936834	0.597545
0.93683	0.598218
0.936834	0.598891
0.936873	0.599562
0.936897	0.600232
0.936834	0.600903
0.93694	0.601572
0.93683	0.602245
0.936954	0.602915
0.937081	0.603578
0.936827	0.604248
0.937007	0.604916
0.93701	0.605582
0.936866	0.606254
0.937046	0.606923
0.937099	0.607588
0.937102	0.608251
0.937116	0.608911
0.936855	0.609582
0.936968	0.610256
0.93694	0.610935
0.937095	0.611612
0.937014	0.612291
0.937141	0.612966
0.937113	0.613641
0.937109	0.614315
0.937113	0.61499
0.937166	0.615663
0.937187	0.616335
0.937166	0.617006
0.937194	0.617677
0.937187	0.618349
0.93724	0.619018
0.937244	0.619687
0.937229	0.620357
0.937254	0.621026
0.937328	0.621692
0.93735	0.622356
0.937314	0.62302
0.937335	0.623684
0.937314	0.624349
0.937438	0.62501
0.937374	0.625671
0.937441	0.626331
0.93736	0.626993
0.937385	0.627656
0.937448	0.628319
0.937487	0.628979
0.937515	0.629638
0.937395	0.630301
0.937438	0.630966
0.937515	0.631629
0.937505	0.632293
0.937512	0.632958
0.937505	0.633623
0.937505	0.63429
0.937572	0.634956
0.937579	0.635622
0.937512	0.63629
0.937586	0.636958
0.937515	0.63763
0.937639	0.638299
0.937614	0.638968
0.937519	0.639642
0.937611	0.640316
0.937618	0.64099
0.937508	0.64167
0.937646	0.642349
0.937664	0.643026
0.937508	0.64371
0.937515	0.644399
0.937519	0.645092
0.937731	0.645779
0.937512	0.646473
0.937597	0.647167
0.937604	0.647862
0.937604	0.648558
0.937667	0.649252
0.937671	0.649945
0.937738	0.650635
0.937667	0.651326
0.937667	0.652017
0.937674	0.652708
0.9379	0.653391
0.937819	0.65407
0.937798	0.654749
0.937929	0.655421
0.937854	0.656091
0.937907	0.656759
0.937946	0.657423
0.937968	0.658084
0.937939	0.658744
0.938006	0.659401
0.93796	0.660059
0.937939	0.660718
0.937957	0.661378
0.938031	0.662037
0.93795	0.662698
0.937957	0.663362
0.937946	0.664029
0.937946	0.664699
0.937985	0.66537
0.937971	0.666043
0.938038	0.666715
0.937996	0.66739
0.937957	0.668068
0.937971	0.668748
0.938006	0.66943
0.937996	0.670113
0.937989	0.670798
0.938017	0.671485
0.937968	0.672174
0.938003	0.672865
0.938042	0.673555
0.938024	0.674246
0.938063	0.674937
0.938049	0.675628
0.938056	0.67632
0.93807	0.677011
0.938077	0.677702
0.938077	0.678394
0.938155	0.679083
0.938073	0.679773
0.93813	0.680462
0.93807	0.681154
0.938208	0.681842
0.938081	0.682532
0.938066	0.683226
0.938165	0.683918
0.938105	0.684611
0.938264	0.6853
0.938179	0.685988
0.938077	0.686681
0.938257	0.687369
0.938081	0.688063
0.938303	0.688752
0.938077	0.689446
0.938066	0.690145
0.938268	0.69084
0.938271	0.691532
0.938321	0.692219
0.938342	0.692903
0.938151	0.693592
0.938321	0.694278
0.938112	0.694971
0.938324	0.69566
0.938063	0.696359
0.938123	0.697063
0.93819	0.697767
0.938335	0.698467
0.938148	0.699171
0.938328	0.69987
0.938331	0.700567
0.938331	0.701261
0.938321	0.701954
0.938211	0.702651
0.938243	0.70335
0.938303	0.704049
0.938338	0.704745
0.938338	0.70544
0.938345	0.706134
0.938338	0.706828
0.938381	0.707521
0.938335	0.708214
0.938352	0.708907
0.938381	0.709599
0.938356	0.710292
0.938405	0.710983
0.938469	0.711671
0.93849	0.712356
0.938391	0.713043
0.938472	0.713728
0.938504	0.71441
0.938472	0.715093
0.938497	0.715774
0.938444	0.716457
0.938476	0.717141
0.938483	0.717826
0.938575	0.718507
0.93849	0.719189
0.938501	0.719873
0.938684	0.72055
0.938483	0.721231
0.938677	0.721907
0.938734	0.722576
0.938483	0.723253
0.938635	0.723928
0.938759	0.724597
0.938748	0.725263
0.938744	0.725927
0.938762	0.726588
0.938755	0.727249
0.938748	0.72791
0.938748	0.728572
0.938748	0.729234
0.938755	0.729898
0.938783	0.730562
0.938794	0.731226
0.938811	0.731891
0.938787	0.732556
0.938804	0.733223
0.938819	0.733891
0.938864	0.734557
0.938776	0.735228
0.938868	0.735897
0.938861	0.736567
0.938843	0.737239
0.938854	0.737911
0.93885	0.738585
0.938829	0.739262
0.938914	0.739938
0.938907	0.740613
0.938868	0.741291
0.93885	0.741971
0.9389	0.742652
0.938921	0.743332
0.93903	0.744008
0.938963	0.744684
0.938977	0.745359
0.939048	0.746031
0.939168	0.746697
0.939076	0.747361
0.939147	0.748021
0.93909	0.748682
0.939105	0.749343
0.939175	0.750001
0.939172	0.750657
0.939158	0.751314
0.939147	0.751972
0.939182	0.75263
0.939165	0.75329
0.939151	0.753951
0.939228	0.754611
0.939165	0.755274
0.9392	0.755938
0.939158	0.756605
0.939158	0.757275
0.939161	0.757948
0.939278	0.758618
0.939324	0.759285
0.939246	0.759953
0.939309	0.76062
0.939274	0.761288
0.939175	0.761961
0.939214	0.762638
0.939313	0.763312
0.939168	0.763993
0.939313	0.764672
0.93932	0.76535
0.939334	0.766027
0.939327	0.766704
0.939324	0.767381
0.939172	0.768066
0.93932	0.76875
0.939214	0.769439
0.939235	0.770131
0.93932	0.770823
0.939182	0.77152
0.939334	0.772214
0.939327	0.772908
0.939324	0.773602
0.939313	0.774296
0.939334	0.77499
0.939338	0.775683
0.939309	0.776378
0.939313	0.777074
0.939327	0.77777
0.939203	0.778472
0.939182	0.77918
0.93932	0.779887
0.939218	0.780597
0.939338	0.781306
0.93932	0.782013
0.939324	0.78272
0.939324	0.783426
0.939309	0.784132
0.939309	0.784839
0.939327	0.785546
0.93932	0.786253
0.939278	0.786961
0.939292	0.787671
0.939316	0.788381
0.939331	0.78909
0.939324	0.789799
0.939338	0.790507
0.939355	0.791215
0.93938	0.79192
0.939465	0.79262
0.939468	0.793317
0.939419	0.794012
0.939475	0.794705
0.939454	0.795396
0.939408	0.796088
0.93949	0.796778
0.939521	0.797465
0.939535	0.798149
0.939415	0.798837
0.939578	0.79952
0.939507	0.800204
0.939557	0.800886
0.939574	0.801565
0.939571	0.802244
0.939578	0.802922
0.93949	0.803604
0.939539	0.804287
0.93961	0.804967
0.939599	0.805647
0.939627	0.806326
0.939708	0.807
0.939684	0.807673
0.939652	0.808345
0.939687	0.809017
0.939694	0.809688
0.939712	0.810358
0.939705	0.811028
0.939723	0.811698
0.939723	0.812368
0.939758	0.813037
0.939737	0.813706
0.939783	0.814375
0.939737	0.815045
0.939924	0.815709
0.93998	0.816365
0.939903	0.817021
0.939987	0.817671
0.939991	0.818319
0.939825	0.818972
0.939779	0.819631
0.939991	0.820287
0.939984	0.820941
0.93973	0.821606
0.939878	0.822272
0.940019	0.822935
0.939987	0.823597
0.939998	0.824258
0.939874	0.824924
0.940005	0.825589
0.939934	0.826257
0.939984	0.826925
0.939998	0.827593
0.939942	0.828265
0.939987	0.828937
0.940009	0.82961
0.939991	0.830284
0.940016	0.830959
0.940023	0.831634
0.94009	0.832307
0.940026	0.832981
0.940072	0.833655
0.940062	0.834329
0.94009	0.835003
0.940161	0.835674
0.940122	0.836344
0.940143	0.837014
0.940277	0.837678
0.940348	0.838334
0.940312	0.838987
0.940281	0.839639
0.940348	0.840287
0.940312	0.840935
0.94033	0.841582
0.940362	0.842228
0.940231	0.84288
0.940376	0.843529
0.940323	0.844181
0.940386	0.844831
0.940425	0.84548
0.940422	0.846129
0.940401	0.846778
0.940436	0.847428
0.940401	0.84808
0.940454	0.848731
0.940429	0.849384
0.940415	0.85004
0.940418	0.850698
0.940468	0.851356
0.940411	0.852018
0.940514	0.852678
0.940517	0.853338
0.940528	0.853997
0.940556	0.854655
0.94051	0.855315
0.940411	0.855981
0.940549	0.856646
0.940552	0.857311
0.940507	0.857978
0.940581	0.858645
0.940581	0.859311
0.940535	0.859979
0.940485	0.860652
0.940567	0.861325
0.940581	0.861998
0.940549	0.862673
0.940545	0.86335
0.940591	0.864026
0.940595	0.864703
0.940556	0.865383
0.940584	0.866063
0.940704	0.866738
0.940757	0.867409
0.940591	0.868083
0.940789	0.868752
0.940863	0.869413
0.940768	0.870073
0.940736	0.870734
0.940814	0.871393
0.940846	0.872049
0.940842	0.872704
0.940831	0.873358
0.940793	0.874015
0.940743	0.874676
0.940856	0.875335
0.940821	0.875996
0.940803	0.87666
0.940786	0.877326
0.940817	0.877994
0.940771	0.878665
0.940835	0.879337
0.940863	0.880009
0.940863	0.880681
0.940867	0.881353
0.940807	0.882028
0.940715	0.882711
0.940846	0.883393
0.940877	0.884074
0.94087	0.884756
0.940913	0.885436
0.940944	0.886113
0.940934	0.886789
0.940899	0.887467
0.940884	0.888146
0.940959	0.888823
0.940973	0.889499
0.940944	0.890176
0.940962	0.890852
0.940969	0.891528
0.94092	0.892207
0.940934	0.892887
0.940959	0.893567
0.941004	0.894246
0.94098	0.894926
0.941012	0.895605
0.941061	0.896281
0.940987	0.896959
0.941121	0.897633
0.941029	0.898308
0.940987	0.898986
0.940994	0.899666
0.940987	0.900348
0.941004	0.901032
0.941068	0.901714
0.940987	0.9024
0.940997	0.903087
0.941072	0.903773
0.941216	0.904452
0.940994	0.905136
0.940994	0.905823
0.941255	0.906501
0.94099	0.907186
0.941192	0.907865
0.941252	0.908539
0.941118	0.909215
0.941012	0.909897
0.941255	0.910573
0.941202	0.911248
0.941259	0.911919
0.941245	0.912589
0.941252	0.913257
0.941266	0.913924
0.941319	0.914588
0.941347	0.915249
0.941361	0.915907
0.941386	0.916562
0.941432	0.917214
0.941428	0.917864
0.941598	0.918505
0.941619	0.919138
0.941414	0.919776
0.941562	0.920411
0.941559	0.921044
0.941626	0.921674
0.941598	0.922303
0.941739	0.922926
0.941714	0.923547
0.941774	0.924163
0.941683	0.924781
0.941725	0.925399
0.941778	0.926016
0.941778	0.926633
0.941679	0.927254
0.941841	0.927873
0.941838	0.928492
0.941834	0.929111
0.941834	0.929731
0.941831	0.930353
0.941827	0.930978
0.941852	0.931604
0.941824	0.932234
0.941845	0.932866
0.941827	0.933502
0.941834	0.934141
0.941859	0.934782
0.941951	0.935421
0.941962	0.93606
0.941891	0.936702
0.942029	0.937341
0.942046	0.937977
0.942057	0.938611
0.942085	0.939244
0.94211	0.939874
0.942142	0.940503
0.942099	0.941132
0.942131	0.941761
0.942198	0.942388
0.942096	0.943019
0.942251	0.943646
0.942138	0.944276
0.94224	0.944905
0.942096	0.94554
0.942085	0.94618
0.942135	0.946824
0.942248	0.947466
0.942191	0.94811
0.942251	0.948754
0.94223	0.949398
0.942276	0.950042
0.942375	0.950682
0.942516	0.951313
0.942308	0.951947
0.942329	0.952583
0.942421	0.953217
0.942477	0.953848
0.94253	0.954475
0.942378	0.955106
0.942509	0.955734
0.942594	0.956359
0.942569	0.956982
0.942632	0.957601
0.942678	0.958217
0.942629	0.958833
0.94265	0.959448
0.942668	0.960063
0.942844	0.960672
0.942926	0.961272
0.942858	0.96187
0.94277	0.962471
0.942936	0.963067
0.942926	0.963661
0.942926	0.964255
0.942943	0.964849
0.942922	0.965445
0.942929	0.966043
0.942968	0.966642
0.94301	0.967241
0.943021	0.967841
0.943017	0.968442
0.943039	0.969045
0.943035	0.96965
0.943035	0.970257
0.943067	0.970866
0.943067	0.971478
0.94318	0.972087
0.943092	0.972699
0.943176	0.973311
0.943296	0.973918
0.943197	0.974527
0.943282	0.975134
0.943325	0.975739
0.943332	0.976343
0.943385	0.976944
0.943311	0.977549
0.943448	0.978149
0.943328	0.978754
0.943328	0.979362
0.943325	0.979974
0.943353	0.980589
0.943395	0.981205
0.943484	0.981819
0.943441	0.982435
0.943561	0.983047
0.943515	0.983659
0.943628	0.984268
0.943752	0.984868
0.943653	0.985468
0.943738	0.986065
0.943763	0.986659
0.943777	0.98725
0.943815	0.98784
0.943861	0.988426
0.943911	0.98901
0.9439	0.989592
0.943978	0.990172
0.944063	0.990746
0.944031	0.991319
0.944151	0.991886
0.944165	0.99245
0.944147	0.993013
0.944169	0.993576
0.944225	0.994137
0.944232	0.994698
0.944271	0.995259
0.944479	0.995811
0.944504	0.996357
0.944525	0.996899
0.944536	0.997439
0.944592	0.997975
0.944582	0.998511
0.944684	0.999043
0.944716	0.999573
0.944716	1.0001
0.944712	1.00063
0.944797	1.00116
0.944974	1.00169
0.944974	1.00221
0.944984	1.00272
0.945133	1.00323
0.945122	1.00374
0.94514	1.00425
0.94514	1.00476
0.945398	1.00526
0.945422	1.00575
0.945454	1.00624
0.945553	1.00672
0.945687	1.00719
0.945807	1.00765
0.9458	1.00811
0.945821	1.00857
0.945963	1.00901
0.946118	1.00945
0.946252	1.00988
0.946213	1.0103
0.946319	1.01072
0.946365	1.01113
0.946634	1.01153
0.946771	1.01192
0.94698	1.01229
0.946874	1.01265
0.947086	1.013
0.947206	1.01335
0.947456	1.01367
0.947545	1.01399
0.947594	1.01429
0.947707	1.01458
0.947891	1.01486
0.947958	1.01514
0.948159	1.0154
0.948074	1.01566
0.94829	1.01591
0.948442	1.01616
0.948696	1.01639
0.948823	1.01661
0.948823	1.01683
0.948848	1.01704
0.949229	1.01724
0.949388	1.01743
0.949328	1.01762
0.949466	1.0178
0.949565	1.01798
0.94978	1.01815
0.949921	1.01832
0.95001	1.01848
0.950077	1.01864
0.950299	1.01879
0.950458	1.01894
0.950444	1.01909
0.950642	1.01923
0.950804	1.01937
0.950995	1.0195
0.95109	1.01963
0.95115	1.01975
0.951246	1.01988
0.951383	1.02
0.951542	1.02013
0.951691	1.02025
0.951701	1.02037
0.951888	1.02049
0.952001	1.02061
0.95221	1.02073
0.952277	1.02084
0.952365	1.02096
0.952464	1.02108
0.952644	1.02119
0.952658	1.02131
0.952821	1.02143
0.952916	1.02155
0.953205	1.02167
0.953213	1.02178
0.953311	1.0219
0.953329	1.02202
0.953615	1.02214
0.953749	1.02226
0.953912	1.02237
0.954039	1.02248
0.954102	1.02259
0.954226	1.0227
0.954367	1.0228
0.954526	1.02291
0.95459	1.02301
0.954611	1.02312
0.954855	1.02323
0.954957	1.02334
0.955017	1.02344
0.955268	1.02355
0.955268	1.02366
0.955423	1.02376
0.955614	1.02387
0.955699	1.02397
0.955734	1.02408
0.955844	1.02419
0.956006	1.0243
0.956211	1.02441
0.956119	1.02452
0.95626	1.02464
0.956412	1.02476
0.956592	1.02488
0.956663	1.025
0.956921	1.02511
0.956914	1.02523
0.957023	1.02534
0.957087	1.02546
0.957274	1.02558
0.957429	1.0257
0.9575	1.02582
0.957489	1.02595
0.957627	1.02607
0.957786	1.0262
0.957959	1.02633
0.958153	1.02645
0.958061	1.02658
0.958203	1.02671
0.958319	1.02684
0.958432	1.02697
0.958633	1.02711
0.958729	1.02724
0.958718	1.02737
0.958856	1.02751
0.959036	1.02764
0.959142	1.02778
0.959329	1.02791
0.959421	1.02804
0.959431	1.02817
0.959467	1.02831
0.959583	1.02845
0.959838	1.02859
0.959838	1.02873
0.959852	1.02888
0.960018	1.02902
0.960194	1.02917
0.960254	1.02932
0.960364	1.02947
0.960392	1.02962
0.960509	1.02978
0.960664	1.02994
0.960798	1.03009
0.960816	1.03025
0.961003	1.03041
0.961067	1.03057
0.961162	1.03072
0.9613	1.03088
0.961398	1.03104
0.961473	1.0312
0.961642	1.03136
0.961617	1.03152
0.961822	1.03168
0.961921	1.03184
0.962087	1.03199
0.962246	1.03214
0.962158	1.0323
0.962352	1.03245
0.962423	1.03261
0.962645	1.03276
0.962712	1.03291
0.96286	1.03306
0.962815	1.03321
0.963097	1.03335
0.96321	1.03349
0.963277	1.03363
0.963281	1.03377
0.963291	1.03392
0.963567	1.03407
0.963662	1.03422
0.963694	1.03436
0.963948	1.03451
0.963955	1.03465
0.964051	1.03479
0.964277	1.03493
0.9644	1.03507
0.964372	1.03521
0.964488	1.03535
0.964524	1.03549
0.964711	1.03563
0.964916	1.03577
0.964955	1.0359
0.965209	1.03603
0.965092	1.03617
0.965339	1.0363
0.965424	1.03643
0.965566	1.03655
0.965618	1.03668
0.965788	1.0368
0.965784	1.03693
0.966018	1.03706
0.966106	1.03718
0.966191	1.0373
0.966448	1.03741
0.966367	1.03753
0.966551	1.03765
0.966607	1.03776
0.966604	1.03789
0.966879	1.03801
0.966872	1.03813
0.966964	1.03826
0.967017	1.03839
0.967324	1.03851
0.967451	1.03864
0.967427	1.03876
0.967501	1.03888
0.967663	1.03901
0.967811	1.03913
0.967868	1.03926
0.968034	1.03938
0.968133	1.0395
0.968168	1.03962
0.968299	1.03974
0.968366	1.03987
0.968535	1.03999
0.968698	1.04011
0.968684	1.04023
0.968691	1.04036
0.968984	1.04049
0.969019	1.04061
0.969072	1.04074
0.969312	1.04087
0.969153	1.041
0.969436	1.04113
0.969461	1.04127
0.969595	1.0414
0.969803	1.04153
0.9698	1.04166
0.969948	1.04179
0.970065	1.04192
0.970103	1.04205
0.970209	1.04219
0.970234	1.04232
0.970291	1.04246
0.970485	1.04261
0.970665	1.04274
0.970714	1.04288
0.970788	1.04302
0.970799	1.04316
0.971053	1.0433
0.97112	1.04344
0.971163	1.04358
0.971336	1.04372
0.971509	1.04386
0.971587	1.04399
0.971632	1.04412
0.971601	1.04425
0.971618	1.0444
0.971943	1.04454
0.972003	1.04468
0.972194	1.04482
0.972049	1.04496
0.972187	1.04511
0.9723	1.04525
0.972406	1.0454
0.972494	1.04555
0.972618	1.04571
0.97278	1.04585
0.972734	1.04601
0.972876	1.04616
0.97295	1.04631
0.973126	1.04647
0.97319	1.04662
0.973292	1.04677
0.973303	1.04692
0.973303	1.04709
0.973391	1.04725
0.973554	1.04742
0.973617	1.04759
0.973723	1.04776
0.97372	1.04794
0.97373	1.04812
0.973981	1.0483
0.974013	1.04849
0.97415	1.04867
0.974239	1.04885
0.974405	1.04903
0.974408	1.04921
0.97456	1.04939
0.974567	1.04956
0.97456	1.04975
0.974698	1.04993
0.974818	1.05012
0.974899	1.0503
0.974963	1.05049
0.975203	1.05067
0.974977	1.05086
0.975054	1.05106
0.975284	1.05125
0.975249	1.05146
0.975513	1.05165
0.975503	1.05185
0.975634	1.05205
0.975616	1.05225
0.975771	1.05245
0.975778	1.05265
0.9758	1.05286
0.976015	1.05307
0.976124	1.05327
0.976047	1.05348
0.976191	1.05368
0.976241	1.05389
0.976446	1.0541
0.976442	1.05431
0.976442	1.05452
0.976576	1.05473
0.976806	1.05493
0.976774	1.05514
0.976862	1.05534
0.976862	1.05555
0.976919	1.05576
0.977071	1.05598
0.977117	1.05619
0.977244	1.0564
0.977258	1.05661
0.9773	1.05683
0.977396	1.05705
0.977484	1.05726
0.977544	1.05748
0.977752	1.0577
0.977798	1.05791
0.977812	1.05812
0.978024	1.05833
0.978095	1.05854
0.978084	1.05874
0.978127	1.05895
0.97824	1.05915
0.978324	1.05936
0.978497	1.05956
0.978618	1.05976
0.978685	1.05995
0.978642	1.06015
0.978674	1.06035
0.978889	1.06055
0.97902	1.06074
0.979031	1.06093
0.979126	1.06112
0.979084	1.06132
0.979193	1.06152
0.979345	1.06171
0.979402	1.06191
0.979483	1.06211
0.979578	1.0623
0.979705	1.06249
0.979758	1.06269
0.979744	1.06288
0.979762	1.06308
0.979836	1.06329
0.979974	1.06349
0.980115	1.06369
0.980186	1.0639
0.980249	1.0641
0.980341	1.0643
0.980351	1.0645
0.980373	1.06471
0.980514	1.06491
0.980542	1.06512
0.980634	1.06533
0.980751	1.06554
0.98074	1.06576
0.98103	1.06596
0.98086	1.06617
0.98103	1.06638
0.98104	1.0666
0.981093	1.06681
0.981192	1.06703
0.981379	1.06725
0.981429	1.06746
0.981425	1.06767
0.981577	1.06789
0.981584	1.0681
0.981715	1.06831
0.981644	1.06853
0.981856	1.06874
0.981919	1.06896
0.981944	1.06917
0.982018	1.06939
0.982191	1.0696
0.982255	1.06981
0.982276	1.07002
0.982255	1.07024
0.9824	1.07045
0.98241	1.07067
0.982513	1.07089
0.982661	1.0711
0.98276	1.07131
0.9827	1.07153
0.982753	1.07175
0.98277	1.07197
0.982912	1.0722
0.983011	1.07242
0.983159	1.07264
0.98324	1.07286
0.983251	1.07308
0.983304	1.0733
0.983406	1.07351
0.983371	1.07374
0.983403	1.07396
0.983533	1.07419
0.983547	1.07442
0.983597	1.07465
0.983678	1.07489
0.98378	1.07512
0.98395	1.07535
0.983939	1.07559
0.983946	1.07582
0.983929	1.07606
0.983992	1.07631
0.984077	1.07655
0.984095	1.0768
0.984342	1.07705
0.984356	1.0773
0.98437	1.07754
0.984381	1.07779
0.98437	1.07805
0.984529	1.07831
0.984487	1.07857
0.984536	1.07883
0.984649	1.0791
0.984794	1.07936
0.984815	1.07962
0.984879	1.07989
0.984893	1.08015
0.984971	1.08041
0.984942	1.08068
0.984949	1.08096
0.985207	1.08122
0.985161	1.08149
0.985211	1.08177
0.985214	1.08204
0.985292	1.08232
0.985334	1.0826
0.985539	1.08287
0.985476	1.08315
0.985504	1.08342
0.985613	1.0837
0.985617	1.08398
0.985631	1.08426
0.98562	1.08455
0.985684	1.08484
0.985638	1.08514
0.985776	1.08544
0.985808	1.08575
0.985977	1.08605
0.986016	1.08635
0.986023	1.08664
0.986019	1.08695
0.986136	1.08725
0.986189	1.08755
0.986182	1.08785
0.986175	1.08816
0.986182	1.08847
0.98645	1.08877
0.986454	1.08908
0.986475	1.08938
0.986447	1.08968
0.98651	1.08999
0.986549	1.0903
0.986655	1.0906
0.986588	1.09092
0.98674	1.09123
0.98686	1.09153
0.98693	1.09183
0.986863	1.09214
0.986874	1.09244
0.986934	1.09275
0.98693	1.09306
0.986998	1.09337
0.987022	1.09369
0.987033	1.09401
0.987188	1.09433
0.987294	1.09464
0.98734	1.09495
0.98739	1.09526
0.987421	1.09556
0.987421	1.09587
0.987435	1.09618
0.987435	1.09649
0.987513	1.09681
0.987633	1.09712
0.987799	1.09743
0.987764	1.09773
0.987799	1.09803
0.987831	1.09834
0.987831	1.09864
0.987824	1.09895
0.987863	1.09926
0.987895	1.09958
0.988046	1.09989
0.98811	1.1002
0.988181	1.10051
0.988152	1.10082
0.988255	1.10113
0.988294	1.10144
0.988463	1.10174
0.988509	1.10203
0.988523	1.10233
0.98852	1.10262
0.98864	1.10291
0.988534	1.10321
0.988679	1.1035
0.988668	1.1038
0.988724	1.1041
0.988813	1.1044
0.988862	1.10469
0.988947	1.10499
0.98894	1.10528
0.98901	1.10558
0.98906	1.10587
0.989095	1.10617
0.98923	1.10646
0.989346	1.10675
0.989127	1.10704
0.989208	1.10734
0.989268	1.10764
0.989293	1.10794
0.98935	1.10825
0.989477	1.10855
0.989459	1.10886
0.989438	1.10917
0.989632	1.10947
0.989509	1.10979
0.989692	1.11009
0.989706	1.1104
0.989798	1.11071
0.989763	1.11102
0.989756	1.11133
0.989805	1.11164
0.989915	1.11196
0.989911	1.11227
0.989886	1.11259
0.989922	1.11291
0.990084	1.11323
0.990112	1.11355
0.990105	1.11387
0.990169	1.11419
0.990261	1.11451
0.990229	1.11483
0.990179	1.11515
0.990328	1.11548
0.990321	1.1158
0.990324	1.11613
0.990331	1.11646
0.990321	1.1168
0.990342	1.11714
0.990575	1.11748
0.990451	1.11782
0.990589	1.11816
0.990628	1.1185
0.990688	1.11884
0.990688	1.11918
0.99067	1.11951
0.990741	1.11985
0.990903	1.12019
0.990875	1.12052
0.99072	1.12086
0.991009	1.1212
0.991002	1.12153
0.990999	1.12187
0.991006	1.1222
0.990981	1.12254
0.990999	1.12288
0.991013	1.12323
0.991013	1.12358
0.991052	1.12394
0.991108	1.1243
0.991133	1.12466
0.991154	1.12502
0.991207	1.12538
0.991271	1.12574
0.991327	1.1261
0.991274	1.12647
0.991408	1.12683
0.991426	1.12718
0.991412	1.12754
0.991493	1.1279
0.991405	1.12827
0.991426	1.12863
0.991433	1.129
0.991479	1.12937
0.99156	1.12975
0.99155	1.13012
0.991507	1.1305
0.99156	1.13088
0.991504	1.13127
0.99162	1.13165
0.991567	1.13204
0.991656	1.13243
0.991747	1.13282
0.991712	1.13321
0.991733	1.1336
0.991832	1.13399
0.991885	1.13437
0.991903	1.13476
0.991956	1.13514
0.991942	1.13551
0.991949	1.13589
0.991818	1.13628
0.991973	1.13666
0.99197	1.13705
0.99197	1.13744
0.991966	1.13783
0.992242	1.13822
0.991977	1.13861
0.99215	1.139
0.992221	1.13938
0.992125	1.13977
0.992093	1.14016
0.992224	1.14055
0.992242	1.14094
0.992221	1.14134
0.992252	1.14173
0.992277	1.14212
0.992348	1.14251
0.992298	1.14291
0.992401	1.1433
0.992387	1.14369
0.992383	1.14409
0.99239	1.14449
0.992517	1.14488
0.992659	1.14526
0.992641	1.14565
0.992673	1.14602
0.992556	1.1464
0.992655	1.14679
0.992655	1.14717
0.992719	1.14755
0.992733	1.14793
0.992803	1.14831
0.992779	1.14868
0.992821	1.14906
0.992814	1.14944
0.992814	1.14982
0.992846	1.1502
0.992835	1.15059
0.992881	1.15098
0.993079	1.15136
0.993082	1.15173
0.993118	1.15211
0.993107	1.15248
0.993128	1.15285
0.993206	1.15322
0.993209	1.15358
0.993192	1.15395
0.993241	1.15432
0.993277	1.15468
0.993439	1.15505
0.993499	1.1554
0.993248	1.15576
0.993284	1.15613
0.993326	1.1565
0.993382	1.15688
0.993435	1.15725
0.993488	1.15762
0.993506	1.158
0.993499	1.15837
0.993524	1.15875
0.993495	1.15913
0.993418	1.15951
0.993224	1.15991
0.993216	1.16033
0.993294	1.16075
0.993273	1.16118
0.993199	1.16162
0.993068	1.16208
0.993202	1.16254
0.993146	1.16301
0.993224	1.16348
0.993227	1.16396
0.993277	1.16444
0.993273	1.16492
0.993488	1.16539
0.993608	1.16584
0.993672	1.16629
0.993651	1.16673
0.993909	1.16715
0.993902	1.16756
0.993905	1.16796
0.993895	1.16835
0.993944	1.16874
0.993944	1.16912
0.99406	1.1695
0.994113	1.16987
0.994078	1.17023
0.994128	1.17059
0.994279	1.17095
0.994145	1.1713
0.994315	1.17165
0.994322	1.17199
0.994424	1.17233
0.994389	1.17267
0.994435	1.173
0.994474	1.17334
0.994311	1.17368
0.99446	1.17402
0.994484	1.17436
0.994498	1.1747
0.994491	1.17505
0.994477	1.1754
0.994495	1.17576
0.994491	1.17612
0.994495	1.17648
0.994505	1.17685
0.994555	1.17722
0.994491	1.1776
0.994573	1.17798
0.994502	1.17837
0.994558	1.17876
0.9947	1.17915
0.994608	1.17955
0.994714	1.17994
0.994763	1.18033
0.9947	1.18072
0.994834	1.18111
0.994788	1.1815
0.994802	1.18189
0.994837	1.18227
0.994731	1.18267
0.994894	1.18306
0.994912	1.18346
0.994862	1.18385
0.994904	1.18425
0.994908	1.18464
0.994901	1.18504
0.994746	1.18545
0.994904	1.18586
0.994894	1.18627
0.994912	1.18669
0.994901	1.18711
0.994908	1.18753
0.99489	1.18795
0.994904	1.18838
0.994897	1.18881
0.99489	1.18924
0.99488	1.18968
0.994883	1.19012
0.994887	1.19056
0.994912	1.19101
0.994887	1.19146
0.995162	1.1919
0.994883	1.19234
0.995003	1.19279
0.994968	1.19323
0.995035	1.19368
0.995032	1.19413
0.995159	1.19456
0.995148	1.195
0.995148	1.19544
0.995198	1.19587
0.995166	1.1963
0.995148	1.19673
0.995162	1.19716
0.995201	1.19759
0.995219	1.19802
0.995244	1.19845
0.995282	1.19887
0.995318	1.1993
0.995272	1.19972
0.995311	1.20014
0.995357	1.20057
0.995339	1.20099
0.995508	1.2014
0.995307	1.20182
0.995477	1.20224
0.995519	1.20265
0.995508	1.20306
0.9953	1.20348
0.995611	1.20389
0.995583	1.2043
0.995311	1.20471
0.995579	1.20513
0.995568	1.20554
0.995657	1.20595
0.995561	1.20637
0.99559	1.20678
0.995586	1.20719
0.995621	1.20761
0.995717	1.20802
0.995635	1.20843
0.995667	1.20885
0.995671	1.20926
0.995664	1.20968
0.995678	1.2101
0.995703	1.21052
0.995717	1.21094
0.995734	1.21136
0.995833	1.21177
0.995809	1.21219
0.995763	1.21261
0.995851	1.21303
0.995893	1.21344
0.995805	1.21386
0.995847	1.21428
0.995907	1.21469
0.996013	1.2151
0.995992	1.21551
0.99601	1.21592
0.996017	1.21633
0.995985	1.21674
0.995992	1.21715
0.995975	1.21756
0.996119	1.21797
0.99614	1.21837
0.996126	1.21878
0.99613	1.21918
0.996123	1.21959
0.996126	1.21999
0.996119	1.2204
0.996137	1.22081
0.996183	1.22122
0.996105	1.22164
0.99613	1.22205
0.996215	1.22247
0.996151	1.22289
0.996292	1.22331
0.996264	1.22372
0.996317	1.22414
0.996306	1.22455
0.996211	1.22497
0.996335	1.22538
0.996342	1.2258
0.996388	1.22621
0.996275	1.22663
0.996391	1.22705
0.99637	1.22747
0.996395	1.22789
0.996423	1.2283
0.996405	1.22872
0.99643	1.22914
0.996412	1.22956
0.996465	1.22998
0.996395	1.2304
0.996419	1.23083
0.996441	1.23126
0.996427	1.23169
0.996374	1.23212
0.996448	1.23256
0.996465	1.23299
0.996455	1.23343
0.996476	1.23387
0.996511	1.2343
0.99672	1.23473
0.996568	1.23516
0.996571	1.23559
0.996621	1.23602
0.996628	1.23644
0.996543	1.23687
0.996681	1.2373
0.996804	1.23772
0.996804	1.23814
0.996532	1.23856
0.996804	1.23898
0.996864	1.23939
0.996801	1.23981
0.996808	1.24022
0.996811	1.24063
0.996808	1.24104
0.996808	1.24146
0.996804	1.24187
0.996702	1.2423
0.996804	1.24272
0.996734	1.24315
0.996794	1.24358
0.996967	1.244
0.996946	1.24443
0.99684	1.24485
0.996946	1.24528
0.996801	1.2457
0.996829	1.24614
0.996917	1.24657
0.996861	1.247
0.996819	1.24744
0.996967	1.24788
0.996868	1.24832
0.996932	1.24876
0.996886	1.2492
0.996903	1.24964
0.996939	1.25008
0.996942	1.25053
0.996949	1.25097
0.996942	1.25141
0.996939	1.25186
0.996914	1.25231
0.996903	1.25276
0.996921	1.25321
0.996956	1.25366
0.996967	1.25412
0.996985	1.25457
0.99697	1.25502
0.996932	1.25548
0.996956	1.25593
0.997087	1.25638
0.997006	1.25684
0.996963	1.25729
0.997059	1.25774
0.997172	1.25819
0.996999	1.25864
0.99708	1.25908
0.99697	1.25954
0.997119	1.25999
0.997133	1.26043
0.997002	1.26088
0.997225	1.26133
0.997048	1.26178
0.997189	1.26222
0.997094	1.26267
0.997179	1.26311
0.997235	1.26355
0.997225	1.26399
0.997175	1.26443
0.997299	1.26487
0.997239	1.2653
0.997207	1.26574
0.997218	1.26618
0.997249	1.26661
0.997288	1.26705
0.997235	1.26749
0.997249	1.26793
0.997341	1.26836
0.997352	1.2688
0.997313	1.26923
0.997362	1.26967
0.997232	1.27011
0.997366	1.27054
0.99732	1.27098
0.997387	1.27142
0.997232	1.27186
0.997316	1.2723
0.997387	1.27275
0.997391	1.27319
0.997376	1.27363
0.997391	1.27407
0.997394	1.27451
0.997384	1.27496
0.997384	1.2754
0.997391	1.27584
0.997369	1.27629
0.997373	1.27674
0.997373	1.27719
0.997391	1.27764
0.997638	1.27808
0.997634	1.27852
0.997429	1.27896
0.997398	1.2794
0.997444	1.27984
0.997581	1.28028
0.997578	1.28072
0.997521	1.28116
0.997585	1.2816
0.99756	1.28203
0.99761	1.28247
0.99762	1.2829
0.997641	1.28333
0.997631	1.28377
0.997666	1.2842
0.997698	1.28462
0.997698	1.28505
0.997648	1.28548
0.997726	1.28591
0.997733	1.28633
0.99773	1.28676
0.997776	1.28718
0.997783	1.28761
0.997744	1.28803
0.997793	1.28846
0.997804	1.28888
0.997783	1.2893
0.997913	1.28972
0.997776	1.29015
0.997804	1.29057
0.997839	1.291
0.997804	1.29143
0.997913	1.29185
0.997892	1.29228
0.997786	1.29271
0.997984	1.29313
0.997956	1.29356
0.997977	1.29398
0.997973	1.2944
0.997885	1.29483
0.997945	1.29525
0.99804	1.29568
0.997973	1.2961
0.997973	1.29653
0.997934	1.29696
0.99803	1.29738
0.998009	1.29781
0.998044	1.29824
0.9978	1.29868
0.998051	1.29912
0.998051	1.29955
0.998002	1.29999
0.998047	1.30042
0.998054	1.30086
0.998069	1.3013
0.99804	1.30173
0.998044	1.30217
0.997874	1.30262
0.997864	1.30308
0.998044	1.30353
0.998058	1.30398
0.997987	1.30444
0.998051	1.30489
0.998054	1.30535
0.998051	1.3058
0.998051	1.30625
0.998065	1.30671
0.998086	1.30716
0.998086	1.30761
0.998037	1.30807
0.998051	1.30852
0.998065	1.30898
0.998097	1.30943
0.998104	1.30989
0.998097	1.31034
0.9981	1.3108
0.998185	1.31125
0.998178	1.3117
0.998146	1.31215
0.998199	1.3126
0.998217	1.31304
0.998132	1.31349
0.998206	1.31393
0.998175	1.31438
0.998171	1.31483
0.998281	1.31527
0.99816	1.31572
0.998143	1.31617
0.998153	1.31662
0.998252	1.31707
0.998153	1.31752
0.998178	1.31798
0.998129	1.31844
0.998178	1.31889
0.998185	1.31935
0.998196	1.31981
0.99821	1.32027
0.99815	1.32073
0.998206	1.32119
0.998203	1.32166
0.998196	1.32212
0.998206	1.32258
0.998266	1.32304
0.998235	1.3235
0.998185	1.32396
0.99821	1.32442
0.998298	1.32488
0.998284	1.32534
0.998259	1.3258
0.998199	1.32626
0.998206	1.32672
0.998266	1.32718
0.998326	1.32764
0.998259	1.3281
0.998288	1.32855
0.998259	1.32901
0.998203	1.32948
0.998196	1.32994
0.998199	1.33041
0.998192	1.33088
0.998217	1.33135
0.998333	1.33182
0.998372	1.33228
0.998386	1.33274
0.998302	1.33319
0.998454	1.33365
0.998457	1.33409
0.998185	1.33455
0.998344	1.335
0.998408	1.33545
0.998471	1.3359
0.998461	1.33635
0.998408	1.33679
0.998443	1.33723
0.998457	1.33768
0.998468	1.33812
0.998425	1.33856
0.998535	1.339
0.998464	1.33944
0.998461	1.33988
0.998326	1.34033
0.99845	1.34077
0.99845	1.34122
0.998461	1.34167
0.998457	1.34212
0.998468	1.34257
0.998457	1.34302
0.998471	1.34347
0.998464	1.34392
0.998461	1.34438
0.99845	1.34483
0.998457	1.34529
0.998605	1.34574
0.99845	1.34619
0.998531	1.34665
0.998464	1.3471
0.998425	1.34756
0.998549	1.34801
0.998492	1.34847
0.998514	1.34893
0.998609	1.34938
0.998528	1.34984
0.998574	1.35029
0.998514	1.35074
0.998612	1.35119
0.998584	1.35164
0.998605	1.35209
0.998567	1.35254
0.998556	1.35299
0.998616	1.35345
0.998602	1.3539
0.998602	1.35435
0.998605	1.3548
0.998651	1.35525
0.998595	1.3557
0.998648	1.35615
0.998648	1.35659
0.998761	1.35704
0.998634	1.35748
0.998609	1.35793
0.998627	1.35838
0.998609	1.35884
0.99868	1.35929
0.998715	1.35974
0.99868	1.36019
0.998655	1.36064
0.998634	1.36109
0.998754	1.36154
0.998708	1.36199
0.998789	1.36244
0.998736	1.36288
0.998736	1.36333
0.998764	1.36377
0.99887	1.36421
0.998877	1.36465
0.998891	1.36508
0.998867	1.36551
0.99886	1.36595
0.998856	1.36638
0.998888	1.36681
0.998853	1.36724
0.998856	1.36767
0.998937	1.3681
0.99886	1.36854
0.998916	1.36897
0.998923	1.3694
0.998906	1.36983
0.998916	1.37027
0.998973	1.3707
0.998987	1.37113
0.998987	1.37156
0.998941	1.37199
0.998997	1.37243
0.999004	1.37286
0.998983	1.37329
0.999001	1.37372
0.99886	1.37416
0.998969	1.3746
0.999026	1.37504
0.998962	1.37548
0.998899	1.37593
0.999022	1.37638
0.998927	1.37682
0.999015	1.37727
0.998881	1.37772
0.999004	1.37818
0.998983	1.37863
0.999022	1.37908
0.999012	1.37953
0.99887	1.37999
0.999012	1.38045
0.999033	1.3809
0.999036	1.38136
0.998884	1.38182
0.999022	1.38227
0.999019	1.38273
0.998909	1.38319
0.998906	1.38366
0.999103	1.38412
0.999029	1.38458
0.999022	1.38504
0.998969	1.3855
0.999033	1.38596
0.999015	1.38642
0.999135	1.38688
0.999029	1.38733
0.999033	1.38779
0.999026	1.38825
0.999026	1.38871
0.999026	1.38917
0.99904	1.38963
0.999022	1.39009
0.999019	1.39055
0.999022	1.39102
0.998884	1.39149
0.998913	1.39196
0.998899	1.39244
0.999022	1.39291
0.999022	1.39339
0.999029	1.39386
0.998913	1.39434
0.999026	1.39481
0.999019	1.39528
0.998884	1.39576
0.999033	1.39624
0.999072	1.39671
0.999008	1.39718
0.999043	1.39765
0.999022	1.39812
0.99904	1.39859
0.999029	1.39906
0.999019	1.39953
0.999022	1.39999
0.998941	1.40047
0.999029	1.40094
0.999022	1.40141
0.998899	1.40188
0.999019	1.40236
0.999019	1.40283
0.999015	1.4033
0.999019	1.40378
0.998906	1.40425
0.999029	1.40473
0.999075	1.4052
0.999174	1.40566
0.999033	1.40613
0.999033	1.40659
0.999012	1.40706
0.999004	1.40753
0.999001	1.408
0.99928	1.40846
0.999008	1.40892
0.999036	1.40938
0.99929	1.40984
0.99905	1.41029
0.999054	1.41075
0.999216	1.4112
0.999107	1.41166
0.999149	1.41211
0.999029	1.41257
0.999252	1.41302
0.999128	1.41347
0.99928	1.41392
0.999103	1.41437
0.999132	1.41482
0.999135	1.41528
0.999121	1.41573
0.999298	1.41618
0.999213	1.41663
0.999146	1.41708
0.999114	1.41753
0.999174	1.41799
0.999132	1.41844
0.999287	1.4189
0.999248	1.41935
0.999315	1.41979
0.999142	1.42024
0.999283	1.42069
0.99923	1.42114
0.999301	1.42159
0.99928	1.42203
0.999319	1.42248
0.999294	1.42292
0.999379	1.42336
0.999287	1.4238
0.999266	1.42425
0.999312	1.42469
0.999333	1.42513
0.999315	1.42558
0.999305	1.42602
0.999336	1.42647
0.999315	1.42691
0.999354	1.42736
0.999375	1.4278
0.999407	1.42824
0.999354	1.42869
0.999365	1.42913
0.999372	1.42957
0.99934	1.43002
0.999389	1.43047
0.999354	1.43091
0.999326	1.43136
0.999389	1.43181
0.999361	1.43226
0.999382	1.43271
0.999414	1.43317
0.999418	1.43361
0.999421	1.43406
0.999545	1.43451
0.999403	1.43495
0.999375	1.4354
0.999421	1.43585
0.999425	1.4363
0.999435	1.43675
0.999442	1.4372
0.999488	1.43765
0.999464	1.43809
0.999425	1.43854
0.999439	1.439
0.999439	1.43945
0.999467	1.4399
0.999495	1.44035
0.999446	1.4408
0.999492	1.44125
0.999577	1.4417
0.999527	1.44215
0.999538	1.44259
0.999682	1.44303
0.999559	1.44347
0.999566	1.44391
0.999562	1.44435
0.999545	1.44479
0.999619	1.44523
0.999555	1.44568
0.999531	1.44612
0.999615	1.44656
0.999608	1.447
0.999531	1.44745
0.999594	1.4479
0.999552	1.44834
0.999675	1.44879
0.999488	1.44924
0.999538	1.44969
0.999435	1.45015
0.999658	1.45061
0.99969	1.45106
0.999658	1.45151
0.999594	1.45196
0.999697	1.4524
0.99969	1.45285
0.999439	1.4533
0.999658	1.45376
0.9997	1.45421
0.999693	1.45466
0.999644	1.4551
0.999682	1.45555
0.999637	1.456
0.999697	1.45645
0.999569	1.4569
0.999697	1.45735
0.999693	1.45781
0.999682	1.45826
0.999654	1.45871
0.99969	1.45916
0.9997	1.45961
0.999704	1.46006
0.999682	1.46051
0.999682	1.46097
0.9997	1.46142
0.999682	1.46187
0.9997	1.46233
0.99964	1.46279
0.999682	1.46324
0.999428	1.46371
0.999665	1.46418
0.999686	1.46465
0.999672	1.46511
0.9997	1.46558
0.999644	1.46604
0.999718	1.46651
0.999629	1.46697
0.999658	1.46744
0.999682	1.46791
0.999682	1.46837
0.999697	1.46884
0.999682	1.4693
0.99969	1.46976
0.999488	1.47024
0.999679	1.47071
0.999584	1.47118
0.99969	1.47166
0.999728	1.47212
0.999531	1.4726
0.99969	1.47307
0.999682	1.47354
0.999513	1.47402
0.9997	1.47449
0.999693	1.47496
0.99969	1.47543
0.99969	1.4759
0.999686	1.47637
0.999686	1.47684
0.999693	1.4773
0.999513	1.47778
0.999704	1.47825
0.999682	1.47871
0.999693	1.47918
0.999792	1.47965
0.999693	1.48011
0.999714	1.48057
0.999665	1.48103
0.99975	1.4815
0.999682	1.48196
0.999757	1.48242
0.999675	1.48288
0.999682	1.48334
0.999732	1.48381
0.99969	1.48427
0.99969	1.48473
0.999848	1.48519
0.99976	1.48565
0.999838	1.4861
0.999732	1.48656
0.999834	1.48701
0.999781	1.48746
0.999848	1.48791
0.999757	1.48836
0.999767	1.48881
0.999806	1.48926
0.999764	1.48972
0.999721	1.49017
0.999735	1.49063
0.999852	1.49109
0.999707	1.49155
0.999711	1.49201
0.99981	1.49247
0.999813	1.49293
0.999845	1.49338
0.999803	1.49384
0.999824	1.4943
0.999788	1.49476
0.999753	1.49522
0.99976	1.49568
0.999813	1.49614
0.999795	1.4966
0.999792	1.49706
0.999859	1.49752
0.999838	1.49798
0.99987	1.49843
0.999838	1.49889
0.999824	1.49934
0.999863	1.4998
0.999901	1.50025
0.999856	1.50071
0.999834	1.50116
0.999863	1.50162
0.999916	1.50207
0.999937	1.50252
0.99993	1.50297
0.999912	1.50341
0.999937	1.50386
0.999912	1.50431
0.999933	1.50476
1.00007	1.5052
0.999947	1.50564
1.00006	1.50608
0.999848	1.50652
0.999954	1.50697
1.00007	1.50741
0.999983	1.50785
0.999961	1.50829
1.00003	1.50873
1.00008	1.50917
1.0001	1.5096
0.999954	1.51004
0.99999	1.51049
0.999997	1.51093
1	1.51137
1.00004	1.51182
0.999972	1.51227
1	1.51271
1	1.51316
0.999979	1.51362
1.00003	1.51407
1.00009	1.51452
0.999993	1.51497
1.00004	1.51542
1.00003	1.51587
1.00006	1.51633
1.0001	1.51677
0.999937	1.51723
1.00006	1.51768
0.99999	1.51814
1.00007	1.5186
0.999986	1.51905
0.999993	1.51951
0.999993	1.51998
1.00003	1.52044
0.999863	1.52091
0.999898	1.52138
0.999856	1.52186
0.999848	1.52234
0.999976	1.52282
0.99987	1.52331
0.99994	1.52379
1.00001	1.52427
0.999905	1.52475
0.999951	1.52523
0.999916	1.52571
0.99994	1.52619
0.999852	1.52667
0.99993	1.52715
0.999894	1.52764
1.00004	1.52811
0.999856	1.5286
0.999976	1.52907
1.00003	1.52955
0.999856	1.53002
1.00004	1.53049
1.00005	1.53096
1.00001	1.53143
1.00002	1.53189
0.999947	1.53235
0.999898	1.53282
1.00003	1.53329
0.999976	1.53375
1.00001	1.53422
1.00002	1.53468
1.0001	1.53514
1.00007	1.5356
0.999961	1.53606
1.00004	1.53651
1.00009	1.53697
1.00007	1.53742
1.0001	1.53787
1.00008	1.53833
1.00007	1.53878
1.00006	1.53923
1	1.53968
1.00008	1.54014
1.00002	1.54059
0.999993	1.54105
1.00007	1.54151
1.00003	1.54197
1.00011	1.54243
1.00007	1.54288
1.00011	1.54334
1.00006	1.5438
1.00012	1.54425
1.00009	1.54471
1.00014	1.54516
1.00012	1.54561
1.00011	1.54607
1.00012	1.54652
1.00014	1.54697
1.0002	1.54742
1.00011	1.54787
1.00016	1.54832
1.00011	1.54877
1.00011	1.54922
1.00015	1.54967
1.00012	1.55013
1.00018	1.55058
1.00011	1.55103
1.00021	1.55148
1.00021	1.55193
1.00017	1.55238
1.00021	1.55283
1.00013	1.55328
1.00024	1.55373
1.00021	1.55418
1.00019	1.55463
1.00017	1.55508
1.0002	1.55553
1.00022	1.55598
1.00022	1.55643
1.00019	1.55688
1.00011	1.55734
1.00026	1.55779
1.00037	1.55824
1.00029	1.55868
1.00026	1.55913
1.00028	1.55957
1.00028	1.56002
1.00026	1.56046
