Prel	liquid_fraction	
1.00025	1.60021
0.999859	1.59795
0.999863	1.59571
0.999873	1.59347
0.999877	1.59123
0.99982	1.58901
0.999838	1.58678
0.999774	1.58456
0.999824	1.58235
0.999711	1.58014
0.999739	1.57793
0.999771	1.57572
0.99969	1.57352
0.999757	1.57131
0.999732	1.5691
0.999753	1.5669
0.99975	1.56469
0.999704	1.56247
0.999707	1.56026
0.9997	1.55805
0.999686	1.55583
0.999693	1.55362
0.999629	1.5514
0.99969	1.54918
0.999682	1.54696
0.999693	1.54474
0.99969	1.54251
0.99958	1.54029
0.999707	1.53806
0.999439	1.53584
0.999435	1.53363
0.999697	1.5314
0.999693	1.52917
0.999566	1.52694
0.999682	1.52471
0.999548	1.52247
0.999612	1.52024
0.999439	1.51801
0.999545	1.51577
0.999587	1.51354
0.999538	1.5113
0.999442	1.50907
0.999449	1.50684
0.999407	1.50461
0.999411	1.50238
0.9994	1.50016
0.999358	1.49793
0.999333	1.49571
0.999354	1.49349
0.99934	1.49127
0.999276	1.48906
0.999329	1.48684
0.999273	1.48462
0.999283	1.48241
0.999167	1.48019
0.999273	1.47798
0.999117	1.47577
0.999153	1.47356
0.999026	1.47136
0.998997	1.46917
0.999033	1.46697
0.999015	1.46478
0.999033	1.46259
0.999255	1.46039
0.999036	1.45819
0.999026	1.45598
0.998874	1.45379
0.999026	1.45159
0.999019	1.44939
0.999022	1.44718
0.998973	1.44498
0.999004	1.44277
0.998987	1.44056
0.99886	1.43835
0.998867	1.43615
0.99886	1.43394
0.998782	1.43174
0.998785	1.42954
0.998874	1.42734
0.998687	1.42514
0.998757	1.42294
0.998697	1.42075
0.998641	1.41856
0.998658	1.41636
0.998538	1.41418
0.998454	1.412
0.998503	1.40982
0.998482	1.40765
0.998464	1.40548
0.998581	1.4033
0.998397	1.40113
0.998457	1.39895
0.998471	1.39678
0.998252	1.39461
0.998542	1.39243
0.998457	1.39025
0.99845	1.38806
0.998397	1.38587
0.998323	1.38369
0.998196	1.38151
0.998199	1.37933
0.998333	1.37715
0.998203	1.37497
0.998196	1.37279
0.998157	1.37061
0.998185	1.36843
0.998153	1.36625
0.998086	1.36408
0.998044	1.3619
0.998058	1.35973
0.998044	1.35755
0.99804	1.35538
0.998054	1.3532
0.997765	1.35103
0.997973	1.34886
0.997786	1.3467
0.997768	1.34454
0.997786	1.34238
0.997677	1.34022
0.997659	1.33807
0.997659	1.33592
0.997627	1.33378
0.997514	1.33164
0.997553	1.32949
0.997373	1.32736
0.997369	1.32523
0.997362	1.32311
0.997232	1.32099
0.99732	1.31887
0.997334	1.31675
0.997352	1.31463
0.997256	1.3125
0.997242	1.31038
0.997165	1.30825
0.997147	1.30613
0.996967	1.30401
0.996949	1.3019
0.996896	1.29979
0.996811	1.29769
0.996783	1.29559
0.996794	1.2935
0.9966	1.29141
0.996797	1.28932
0.996748	1.28722
0.996536	1.28514
0.996596	1.28305
0.996434	1.28096
0.996476	1.27888
0.996349	1.2768
0.996356	1.27473
0.996204	1.27266
0.996119	1.27059
0.996116	1.26853
0.996027	1.26648
0.995978	1.26443
0.995989	1.26238
0.995971	1.26032
0.995982	1.25827
0.995823	1.25622
0.995763	1.25417
0.995632	1.25213
0.995604	1.25009
0.995572	1.24805
0.995568	1.24601
0.995381	1.24398
0.995448	1.24195
0.995477	1.23991
0.995381	1.23788
0.995215	1.23584
0.99518	1.23382
0.995102	1.23179
0.994915	1.22977
0.994887	1.22776
0.994731	1.22576
0.994735	1.22376
0.994806	1.22176
0.994746	1.21976
0.994647	1.21776
0.99447	1.21577
0.994329	1.21378
0.994498	1.21179
0.994378	1.2098
0.994251	1.20782
0.994099	1.20584
0.994068	1.20386
0.993923	1.2019
0.993912	1.19993
0.993644	1.19798
0.993866	1.19602
0.99363	1.19407
0.993478	1.19212
0.993407	1.19018
0.993259	1.18825
0.993195	1.18633
0.993132	1.18441
0.993019	1.1825
0.992779	1.1806
0.992726	1.17871
0.992644	1.17682
0.992383	1.17495
0.992344	1.17309
0.992281	1.17123
0.992115	1.16938
0.99197	1.16755
0.991963	1.16571
0.991832	1.16388
0.991596	1.16206
0.991483	1.16025
0.991405	1.15845
0.991415	1.15665
0.991161	1.15486
0.990999	1.15307
0.990992	1.15129
0.990752	1.14951
0.990621	1.14775
0.990526	1.14599
0.990307	1.14424
0.990194	1.1425
0.990028	1.14077
0.989791	1.13905
0.989749	1.13733
0.989583	1.13563
0.989452	1.13393
0.989328	1.13224
0.989169	1.13056
0.988922	1.12888
0.988671	1.12723
0.988506	1.12558
0.9884	1.12394
0.988237	1.12232
0.987902	1.12071
0.987813	1.11911
0.987623	1.11752
0.987414	1.11594
0.987277	1.11438
0.986976	1.11282
0.986842	1.11128
0.986584	1.10976
0.986404	1.10824
0.986182	1.10674
0.986076	1.10524
0.985712	1.10377
0.985617	1.1023
0.985235	1.10085
0.984953	1.09941
0.984843	1.09799
0.984508	1.09659
0.984324	1.0952
0.983996	1.09383
0.983848	1.09247
0.98366	1.09112
0.983258	1.08979
0.983113	1.08847
0.982785	1.08717
0.982665	1.08588
0.982287	1.0846
0.981965	1.08334
0.981828	1.08209
0.981563	1.08085
0.981361	1.07962
0.980708	1.07842
0.980715	1.07723
0.980306	1.07605
0.980161	1.07489
0.979889	1.07374
0.979465	1.0726
0.979094	1.07148
0.97896	1.07038
0.978656	1.06929
0.978229	1.06821
0.97788	1.06716
0.977632	1.06612
0.977226	1.0651
0.977011	1.06409
0.976809	1.06309
0.976432	1.0621
0.976011	1.06114
0.975704	1.06018
0.975446	1.05924
0.97516	1.05831
0.974832	1.05739
0.974521	1.05648
0.974104	1.05558
0.973716	1.0547
0.973423	1.05383
0.97314	1.05298
0.972695	1.05214
0.97242	1.05131
0.97206	1.05049
0.971583	1.0497
0.971389	1.04891
0.970873	1.04814
0.970686	1.04738
0.970195	1.04663
0.969867	1.0459
0.969475	1.04518
0.969033	1.04448
0.968747	1.04379
0.968518	1.0431
0.967917	1.04244
0.967716	1.04178
0.967268	1.04113
0.966869	1.0405
0.966575	1.03987
0.966116	1.03926
0.965855	1.03865
0.965597	1.03805
0.965025	1.03746
0.964767	1.03687
0.96434	1.0363
0.963959	1.03573
0.963669	1.03516
0.963168	1.03461
0.962786	1.03407
0.962521	1.03353
0.962013	1.033
0.961692	1.03248
0.961201	1.03197
0.960922	1.03147
0.960646	1.03097
0.960226	1.03048
0.959816	1.02998
0.959439	1.0295
0.959131	1.02902
0.958711	1.02854
0.95827	1.02807
0.957881	1.0276
0.957472	1.02714
0.95727	1.02669
0.95667	1.02624
0.956327	1.0258
0.95608	1.02536
0.955649	1.02492
0.955275	1.02448
0.954826	1.02406
0.95442	1.02363
0.954074	1.02322
0.953665	1.0228
0.953248	1.0224
0.952941	1.02199
0.952496	1.02159
0.952086	1.0212
0.951726	1.02081
0.951486	1.02042
0.950963	1.02003
0.950603	1.01964
0.950331	1.01926
0.949882	1.01887
0.94948	1.01849
0.949067	1.01811
0.948756	1.01773
0.94829	1.01736
0.947979	1.01699
0.947492	1.01662
0.947142	1.01626
0.946754	1.0159
0.946245	1.01554
0.945959	1.01519
0.945532	1.01485
0.945059	1.01451
0.944755	1.01417
0.944568	1.01383
0.943957	1.0135
0.94365	1.01316
0.943286	1.01283
0.942827	1.0125
0.942417	1.01217
0.94206	1.01184
0.941778	1.01152
0.941287	1.01119
0.940937	1.01087
0.940425	1.01055
0.940079	1.01024
0.939694	1.00993
0.939306	1.00963
0.938864	1.00932
0.938476	1.00903
0.938049	1.00874
0.937777	1.00844
0.937484	1.00815
0.93701	1.00785
0.936739	1.00755
0.936357	1.00724
0.936018	1.00693
0.93576	1.00661
0.93558	1.00628
0.935414	1.00592
0.935029	1.00555
0.935008	1.00515
0.934906	1.00471
0.934616	1.00425
0.934595	1.00374
0.9345	1.0032
0.934291	1.00261
0.934217	1.00198
0.934168	1.00131
0.934115	1.00059
0.934009	0.999825
0.933913	0.999013
0.933875	0.998154
0.933783	0.99725
0.93367	0.996302
0.933638	0.995311
0.9335	0.994281
0.933507	0.993208
0.933377	0.992097
0.933352	0.990948
0.933355	0.989759
0.933366	0.98853
0.933306	0.987262
0.933087	0.985965
0.933094	0.984637
0.933027	0.98328
0.933006	0.981894
0.932949	0.98048
0.932935	0.979038
0.932949	0.977567
0.932677	0.97608
0.932685	0.974573
0.932766	0.973041
0.932677	0.971488
0.932653	0.969915
0.932603	0.968323
0.932522	0.966714
0.932441	0.965091
0.932519	0.963449
0.932257	0.961801
0.932285	0.960141
0.932236	0.95847
0.932261	0.956786
0.932201	0.955091
0.932261	0.953381
0.932268	0.951655
0.932098	0.949921
0.932095	0.948176
0.932158	0.946419
0.932105	0.94465
0.931911	0.942878
0.932088	0.941093
0.932084	0.939295
0.931883	0.937493
0.931788	0.93569
0.93183	0.933881
0.931759	0.932069
0.931728	0.930253
0.931692	0.928434
0.931696	0.926609
0.931699	0.924779
0.931696	0.922941
0.931427	0.921107
0.931699	0.919263
0.931699	0.917408
0.931699	0.915543
0.931643	0.913671
0.931562	0.911795
0.931509	0.909917
0.931424	0.908038
0.931449	0.906156
0.93141	0.904273
0.931406	0.902386
0.93136	0.900498
0.93142	0.898604
0.931279	0.89671
0.931275	0.894815
0.931268	0.892919
0.931265	0.891019
0.93106	0.889125
0.931078	0.887233
0.931014	0.885344
0.931007	0.883456
0.931155	0.881562
0.931155	0.87966
0.931014	0.877759
0.930996	0.875856
0.930982	0.873952
0.931014	0.872043
0.931021	0.87013
0.930936	0.868216
0.930915	0.8663
0.930848	0.864385
0.930845	0.862469
0.930915	0.860549
0.930862	0.858626
0.930841	0.856701
0.930845	0.854773
0.930753	0.852845
0.930601	0.850924
0.930576	0.849007
0.930548	0.847093
0.930555	0.845181
0.930573	0.843269
0.930534	0.841357
0.930499	0.839445
0.930587	0.837528
0.930643	0.835604
0.930587	0.833676
0.930463	0.831748
0.930456	0.82982
0.93059	0.827885
0.930576	0.825944
0.930569	0.823997
0.930449	0.82205
0.930442	0.820103
0.930431	0.818155
0.930428	0.816205
0.930301	0.814258
0.930258	0.812316
0.930248	0.810375
0.930223	0.808438
0.930163	0.806503
0.930061	0.804575
0.930082	0.80265
0.930145	0.800724
0.930025	0.798801
0.930011	0.79688
0.930032	0.794959
0.930018	0.793037
0.930025	0.791113
0.930032	0.789187
0.929955	0.78726
0.929905	0.785335
0.929937	0.783408
0.929757	0.781487
0.929771	0.779568
0.9297	0.777654
0.929669	0.775743
0.929697	0.773833
0.929708	0.771921
0.929626	0.770011
0.929598	0.768103
0.929584	0.766194
0.929591	0.764285
0.929411	0.762381
0.929453	0.760479
0.929489	0.758575
0.92946	0.75667
0.929496	0.754761
0.929379	0.752853
0.929326	0.750948
0.929319	0.749042
0.929326	0.747136
0.929319	0.745227
0.92934	0.743315
0.929231	0.741405
0.929326	0.739489
0.929316	0.737569
0.9294	0.73564
0.929301	0.733709
0.929256	0.731775
0.929238	0.72984
0.929284	0.727901
0.929167	0.725962
0.929132	0.724025
0.929192	0.722084
0.929033	0.720148
0.929128	0.71821
0.928906	0.71628
0.928902	0.714354
0.928909	0.712431
0.928804	0.710513
0.928743	0.708602
0.928733	0.706696
0.928761	0.70479
0.92874	0.702885
0.92874	0.700979
0.928754	0.699071
0.928634	0.697166
0.928701	0.695258
0.928623	0.693351
0.928613	0.691443
0.928482	0.689539
0.928419	0.68764
0.928464	0.685742
0.928376	0.683847
0.928295	0.681957
0.928337	0.680068
0.928313	0.678178
0.928291	0.676289
0.928108	0.674407
0.928065	0.67253
0.928069	0.670656
0.928037	0.668785
0.928073	0.666912
0.928083	0.665037
0.928069	0.663159
0.928048	0.661278
0.928037	0.659393
0.927935	0.657509
0.927914	0.655625
0.927931	0.653739
0.927839	0.651853
0.927751	0.649971
0.927914	0.648082
0.927649	0.6462
0.927645	0.64432
0.927638	0.642441
0.927716	0.640559
0.927493	0.638682
0.927649	0.636802
0.927642	0.634917
0.927539	0.633032
0.92756	0.631145
0.927539	0.629255
0.927497	0.627364
0.927426	0.625474
0.927352	0.623586
0.92726	0.621703
0.927218	0.619823
0.927239	0.617945
0.927151	0.61607
0.927094	0.614199
0.92708	0.61233
0.927091	0.610461
0.927077	0.608591
0.927084	0.606718
0.926872	0.604851
0.927052	0.602979
0.926815	0.601113
0.927077	0.599237
0.926801	0.597365
0.926875	0.595492
0.926787	0.593619
0.926769	0.591746
0.926724	0.589874
0.926685	0.588002
0.926741	0.586127
0.926671	0.584251
0.926667	0.582373
0.926663	0.580493
0.926667	0.578608
0.92648	0.576727
0.926515	0.574846
0.926423	0.572968
0.926413	0.571091
0.926427	0.569213
0.926409	0.567334
0.926533	0.565447
0.926406	0.563557
0.926388	0.561666
0.926342	0.559774
0.926367	0.557878
0.926254	0.555984
0.926233	0.55409
0.926197	0.552197
0.926148	0.550305
0.925971	0.548422
0.926038	0.54654
0.925961	0.544661
0.925922	0.542786
0.925918	0.540913
0.925869	0.539041
0.925904	0.537168
0.925837	0.535295
0.925749	0.533426
0.925834	0.531553
0.925897	0.529674
0.925788	0.527793
0.925827	0.525907
0.925646	0.524025
0.925544	0.522149
0.925544	0.520275
0.925392	0.518409
0.925403	0.516546
0.925382	0.514687
0.925392	0.512828
0.925378	0.510969
0.925223	0.509114
0.925279	0.50726
0.92512	0.50541
0.925134	0.503563
0.925145	0.501715
0.925007	0.499871
0.92499	0.49803
0.924972	0.496189
0.925092	0.494343
0.924993	0.492494
0.92494	0.490645
0.924898	0.488794
0.924891	0.486942
0.924689	0.485096
0.92464	0.483255
0.924658	0.481416
0.92464	0.479576
0.924608	0.477737
0.924718	0.475892
0.924573	0.474046
0.924562	0.472199
0.924326	0.47036
0.924509	0.468516
0.924403	0.466673
0.92434	0.464831
0.924315	0.462989
0.924312	0.461146
0.924202	0.459305
0.924184	0.457465
0.92417	0.455624
0.924114	0.453784
0.924153	0.451941
0.924156	0.450094
0.924149	0.448243
0.923895	0.446397
0.923905	0.444554
0.923948	0.442709
0.923849	0.440866
0.923874	0.439022
0.923764	0.437179
0.923771	0.435337
0.923648	0.433497
0.923528	0.431665
0.923517	0.429835
0.923718	0.427999
0.923503	0.426164
0.923386	0.424335
0.923344	0.422509
0.923513	0.420677
0.923429	0.418843
0.92333	0.417009
0.923273	0.415176
0.923259	0.413343
0.923259	0.411508
0.923111	0.409677
0.923069	0.407848
0.923054	0.40602
0.922839	0.404201
0.922948	0.402381
0.922948	0.400561
0.922684	0.398749
0.92285	0.396934
0.922807	0.395118
0.922691	0.393304
0.922648	0.391491
0.922539	0.389682
0.922542	0.387874
0.922398	0.386072
0.922348	0.384274
0.92233	0.382479
0.92226	0.380686
0.922214	0.378896
0.922263	0.377104
0.922249	0.375309
0.922207	0.373511
0.92214	0.371711
0.922108	0.36991
0.921903	0.368115
0.921942	0.366321
0.921871	0.364528
0.921811	0.362737
0.921716	0.36095
0.921723	0.359163
0.921518	0.357384
0.92172	0.355599
0.921568	0.353815
0.921631	0.352027
0.921465	0.35024
0.921419	0.348455
0.921363	0.346671
0.921328	0.344887
0.921271	0.343104
0.921112	0.341327
0.921133	0.33955
0.92102	0.337778
0.920996	0.336008
0.921031	0.334235
0.921045	0.332458
0.920996	0.330677
0.920939	0.328894
0.920897	0.327108
0.920868	0.32532
0.920653	0.323537
0.920625	0.321757
0.920639	0.319977
0.920632	0.318195
0.920445	0.316418
0.920565	0.314636
0.920579	0.312849
0.920473	0.311061
0.920455	0.309269
0.920243	0.307482
0.9203	0.305695
0.920201	0.303909
0.920197	0.302123
0.920176	0.300336
0.920039	0.298551
0.92006	0.296766
0.919904	0.294985
0.920053	0.293198
0.920014	0.291407
0.919957	0.289613
0.919791	0.287822
0.919774	0.286031
0.919682	0.284243
0.919689	0.282456
0.919569	0.280671
0.919586	0.278886
0.919403	0.277107
0.919364	0.275332
0.919424	0.273555
0.919343	0.27178
0.919212	0.270008
0.919283	0.268234
0.919106	0.266464
0.918958	0.264701
0.91888	0.262946
0.918855	0.261195
0.918795	0.259448
0.91888	0.257698
0.918788	0.255948
0.918538	0.254206
0.918672	0.252462
0.918495	0.250722
0.918464	0.248985
0.918382	0.24725
0.918283	0.245519
0.91835	0.243786
0.918015	0.242064
0.918114	0.240344
0.918047	0.238625
0.917902	0.236911
0.917874	0.235199
0.917814	0.23349
0.917708	0.231784
0.91763	0.230082
0.917538	0.228384
0.917538	0.226687
0.917542	0.224987
0.917478	0.223286
0.917259	0.221589
0.917111	0.219901
0.917132	0.218215
0.917118	0.216529
0.916931	0.214848
0.916867	0.213171
0.91674	0.211499
0.91668	0.209832
0.916458	0.208176
0.91644	0.206524
0.916426	0.204875
0.916345	0.203228
0.916105	0.20159
0.915963	0.199962
0.915854	0.198344
0.91591	0.196727
0.915684	0.195118
0.915642	0.193513
0.915497	0.191916
0.915229	0.190331
0.915335	0.188748
0.915176	0.187171
0.915063	0.185599
0.914858	0.184036
0.914752	0.182481
0.914607	0.180935
0.914554	0.179394
0.914339	0.177863
0.914226	0.17634
0.91406	0.174827
0.913901	0.173324
0.913834	0.171828
0.913537	0.170345
0.913512	0.168871
0.913442	0.1674
0.913128	0.165943
0.913029	0.164495
0.91293	0.163054
0.912654	0.161626
0.912407	0.160213
0.912255	0.158815
0.912209	0.157424
0.911983	0.156044
0.911715	0.15468
0.911676	0.153323
0.911404	0.151978
0.911083	0.150653
0.911012	0.149338
0.910857	0.148034
0.910553	0.146745
0.910444	0.145466
0.910281	0.144196
0.910027	0.142939
0.90978	0.141695
0.909621	0.140463
0.90936	0.139244
0.909292	0.138032
0.908943	0.136834
0.908795	0.135646
0.908523	0.134471
0.908286	0.133309
0.90812	0.132158
0.907961	0.131015
0.907643	0.129884
0.907463	0.128763
0.907202	0.127654
0.906877	0.126561
0.906746	0.125478
0.90646	0.124407
0.906308	0.123345
0.906022	0.122293
0.905892	0.121248
0.905496	0.120216
0.905214	0.119198
0.905122	0.118188
0.904712	0.117192
0.904564	0.116206
0.904243	0.115232
0.904084	0.114265
0.90373	0.113312
0.903395	0.112374
0.903243	0.111445
0.903088	0.110521
0.902756	0.109606
0.90236	0.108706
0.902223	0.107814
0.901802	0.106937
0.901703	0.106066
0.901319	0.105207
0.901138	0.104355
0.900803	0.103514
0.90051	0.102684
0.900245	0.101863
0.899832	0.101058
0.899669	0.100262
0.899394	0.0994738
0.89896	0.0987013
0.898864	0.0979338
0.898451	0.0971781
0.898204	0.0964312
0.8979	0.0956938
0.897642	0.094964
0.897275	0.0942452
0.896961	0.0935375
0.896812	0.0928336
0.896392	0.09214
0.895997	0.0914603
0.895912	0.0907834
0.895573	0.0901124
0.895223	0.0894495
0.894902	0.0887953
0.894506	0.0881534
0.894129	0.0875259
0.893991	0.0869036
0.89368	0.0862873
0.893263	0.0856819
0.893112	0.0850792
0.89278	0.0844812
0.892381	0.0838922
0.892045	0.0833122
0.891872	0.0827345
0.891399	0.0821672
0.891138	0.0816067
0.890749	0.081056
0.890523	0.0805103
0.89	0.079979
0.889845	0.0794525
0.889637	0.0789265
0.889142	0.0784098
0.888983	0.077894
0.888577	0.0773841
0.888224	0.0768809
0.887832	0.0763873
0.887585	0.0758988
0.887334	0.0754121
0.886864	0.0749345
0.88649	0.0744669
0.886229	0.0740053
0.885999	0.0735452
0.88566	0.0730878
0.885314	0.0726343
0.884901	0.0721883
0.884565	0.0717494
0.884173	0.0713197
0.883831	0.0708986
0.883591	0.0704811
0.883167	0.0700715
0.882902	0.0696658
0.882768	0.0692551
0.882231	0.0688508
0.882033	0.0684455
0.881525	0.0680483
0.881228	0.0676563
0.880769	0.0672746
0.880476	0.0668998
0.880088	0.0665336
0.879865	0.0661697
0.879593	0.0658055
0.87918	0.0654453
0.878929	0.0650846
0.878534	0.064727
0.878167	0.0643735
0.877873	0.0640218
0.877407	0.0636778
0.877104	0.0633388
0.876641	0.0630098
0.876454	0.0626823
0.875949	0.0623641
0.875723	0.0620484
0.875433	0.061733
0.874971	0.0614239
0.874745	0.0611147
0.874155	0.0608172
0.874042	0.0605186
0.873699	0.06022
0.873216	0.0599281
0.872894	0.0596405
0.872495	0.0593594
0.872181	0.0590823
0.87199	0.058802
0.871503	0.0585261
0.871118	0.0582555
0.870818	0.0579875
0.87051	0.0577201
0.870023	0.0574599
0.869854	0.0571976
0.869451	0.0569369
0.869052	0.0566799
0.868752	0.0564239
0.868526	0.0561639
0.867993	0.0559095
0.86783	0.0556512
0.86729	0.0553992
0.866972	0.0551508
0.866654	0.0549043
0.866266	0.0546616
0.865941	0.0544211
0.865468	0.0541884
0.865235	0.0539567
0.864889	0.0537262
0.864468	0.0535003
0.864179	0.0532754
0.863709	0.0530571
0.863366	0.0528438
0.863073	0.0526321
0.862643	0.0524259
0.862374	0.0522202
0.861947	0.0520076
0.861407	0.0518091
0.861286	0.0516114
0.860764	0.0514229
0.860545	0.0512354
0.860298	0.0510448
0.859839	0.0508567
0.85951	0.0506695
0.859037	0.0504887
0.85868	0.050313
0.858362	0.05014
0.857932	0.0499729
0.857437	0.0498168
0.857367	0.0496566
0.856999	0.0494946
0.856547	0.0493355
0.856166	0.0491797
0.855873	0.0490239
0.85541	0.0488731
0.85523	0.0487185
0.855001	0.0485557
0.854503	0.0483932
0.85422	0.0482274
0.853712	0.0480662
0.853411	0.0479062
0.852981	0.0477507
0.852825	0.0475902
0.852504	0.0474248
0.851985	0.0472631
0.851699	0.0471011
0.851165	0.0469473
0.850879	0.0467968
0.850671	0.0466429
0.850328	0.0464864
0.849979	0.0463277
0.849664	0.0461658
0.849184	0.0460073
0.84882	0.0458518
0.848534	0.0456962
0.848234	0.0455385
0.847991	0.0453746
0.84756	0.0452098
0.847182	0.0450453
0.846709	0.0448868
0.846529	0.0447256
0.8462	0.0445618
0.845801	0.0443984
0.845451	0.0442354
0.845035	0.044076
0.844858	0.043912
0.844562	0.0437424
0.844145	0.0435718
0.843813	0.0433998
0.843407	0.0432297
0.843068	0.0430607
0.842651	0.0428962
0.842404	0.0427308
0.841948	0.0425701
0.841726	0.0424076
0.84144	0.0422416
0.841023	0.0420763
0.840758	0.0419079
0.840451	0.0417359
0.840066	0.0415631
0.839794	0.0413865
0.839363	0.0412114
0.838961	0.04104
0.838565	0.0408741
0.838368	0.0407064
0.837986	0.0405394
0.837672	0.040372
0.837301	0.0402058
0.83692	0.0400424
0.836754	0.0398735
0.83633	0.0397047
0.835987	0.0395358
0.835504	0.0393736
0.83521	0.0392144
0.835073	0.0390491
0.834801	0.0388763
0.83431	0.0387047
0.833805	0.0385412
0.833586	0.0383787
0.833289	0.0382157
0.832911	0.0380543
0.832604	0.0378928
0.832163	0.0377361
0.831849	0.0375822
0.83146	0.0374328
0.831171	0.0372851
0.830673	0.0371458
0.830517	0.0370051
0.830217	0.036862
0.829987	0.0367122
0.829468	0.0365655
0.829309	0.0364129
0.82885	0.0362616
0.828557	0.0361092
0.828169	0.0359584
0.82795	0.0358036
0.827636	0.0356451
0.827187	0.0354888
0.826926	0.0353309
0.826421	0.0351796
0.826188	0.0350288
0.825729	0.0348843
0.825573	0.0347368
0.825104	0.0345934
0.824832	0.0344502
0.824507	0.0343071
0.824044	0.0341697
0.823868	0.0340298
0.823567	0.0338868
0.823098	0.0337474
0.822935	0.0336031
0.822384	0.033465
0.82218	0.0333257
0.82177	0.0331892
0.821494	0.0330524
0.821074	0.0329193
0.820781	0.0327873
0.820322	0.0326619
0.820135	0.0325352
0.819821	0.0324068
0.819425	0.03228
0.819188	0.0321501
0.818793	0.0320207
0.818443	0.0318924
0.818005	0.0317697
0.817726	0.0316488
0.817356	0.0315313
0.817175	0.0314097
0.816773	0.0312883
0.816522	0.0311632
0.81613	0.0310381
0.815982	0.0309047
0.815526	0.0307707
0.815148	0.030638
0.814817	0.0305064
0.814516	0.0303745
0.814078	0.0302473
0.813782	0.0301223
0.813333	0.0300044
0.813097	0.0298879
0.812789	0.0297718
0.81238	0.0296595
0.812203	0.0295435
0.81179	0.0294284
0.811455	0.0293143
0.81107	0.0292032
0.810854	0.0290895
0.810279	0.0289849
0.810127	0.028879
0.809767	0.0287741
0.809452	0.0286691
0.80917	0.0285619
0.808877	0.0284515
0.808453	0.0283428
0.808043	0.0282388
0.807778	0.0281356
0.807489	0.0280315
0.807062	0.0279311
0.806768	0.0278319
0.806387	0.0277361
0.806119	0.0276402
0.805949	0.0275373
0.80537	0.0274402
0.805229	0.0273389
0.804805	0.0272389
0.804438	0.0271415
0.804035	0.0270493
0.803841	0.0269554
0.803452	0.026863
0.803092	0.0267731
0.802866	0.0266805
0.80257	0.0265848
0.802351	0.0264816
0.801821	0.0263818
0.80156	0.0262813
0.801139	0.0261846
0.800917	0.0260863
0.80055	0.0259886
0.800257	0.0258901
0.800048	0.0257857
0.799564	0.025684
0.799349	0.0255792
0.798946	0.0254758
0.798622	0.0253733
0.798251	0.0252738
0.79806	0.0251707
0.797569	0.0250725
0.797375	0.024972
0.796994	0.0248728
0.79675	0.0247708
0.796485	0.0246644
0.79604	0.0245601
0.795758	0.0244553
0.795369	0.0243534
0.795221	0.024246
0.794797	0.0241391
0.794504	0.0240313
0.794115	0.0239259
0.793752	0.0238243
0.793522	0.0237216
0.793229	0.0236172
0.792922	0.0235109
0.792555	0.0234052
0.792385	0.0232935
0.79194	0.0231828
0.79164	0.0230719
0.791364	0.0229592
0.79081	0.0228556
0.790651	0.0227519
0.790376	0.0226466
0.789984	0.0225436
0.789825	0.0224352
0.789493	0.0223235
0.789104	0.0222125
0.788744	0.0221038
0.788437	0.0219965
0.7882	0.021887
0.787872	0.0217765
0.787688	0.0216595
0.787335	0.0215393
0.787042	0.0214155
0.786579	0.0212956
0.786392	0.0211731
0.786127	0.0210467
0.785778	0.0209192
0.785449	0.0207914
0.7851	0.0206652
0.784891	0.020536
0.784475	0.0204092
0.784174	0.0202838
0.783768	0.0201641
0.78339	0.0200517
0.783217	0.0199392
0.782988	0.0198233
0.782546	0.0197107
0.782402	0.0195933
0.781992	0.0194769
0.781699	0.0193603
0.7813	0.0192476
0.781003	0.0191375
0.780753	0.0190268
0.780466	0.0189149
0.780057	0.0188066
0.779887	0.0186947
0.779502	0.0185839
0.779142	0.0184759
0.778966	0.0183643
0.778574	0.018254
0.778358	0.0181404
0.777952	0.0180289
0.777783	0.0179126
0.77738	0.0177971
0.777098	0.0176811
0.776985	0.0175561
0.776469	0.0174339
0.776098	0.0173162
0.77583	0.0172007
0.77553	0.0170868
0.775198	0.0169755
0.77494	0.0168641
0.774566	0.016756
0.774272	0.0166499
0.773887	0.016549
0.773697	0.016447
0.773393	0.0163444
0.773093	0.0162411
0.772701	0.0161411
0.772468	0.0160404
0.772185	0.0159384
0.771818	0.0158381
0.771359	0.015746
0.771235	0.015652
0.770787	0.0155634
0.770529	0.0154766
0.770183	0.0153931
0.770031	0.0153056
0.769593	0.0152209
0.769335	0.015136
0.769106	0.0150478
0.768838	0.0149554
0.768446	0.0148635
0.768135	0.0147722
0.767842	0.0146808
0.767481	0.0145921
0.767266	0.0145013
0.766924	0.0144108
0.766666	0.0143184
0.766284	0.0142282
0.766027	0.0141376
0.765663	0.0140495
0.765426	0.0139603
0.765084	0.0138722
0.764872	0.0137809
0.764402	0.0136946
0.764233	0.0136062
0.763795	0.0135225
0.763565	0.013439
0.763286	0.0133548
0.762905	0.0132737
0.762862	0.0131833
0.762467	0.0130904
0.762078	0.012999
0.761761	0.0129094
0.76139	0.0128245
0.761107	0.0127424
0.760804	0.0126627
0.760546	0.0125832
0.760366	0.0124986
0.759931	0.012416
0.75955	0.0123384
0.759282	0.0122632
0.759105	0.0121845
0.758794	0.0121038
0.758445	0.0120236
0.758039	0.0119485
0.757858	0.011872
0.757512	0.0117966
0.757205	0.0117225
0.75688	0.0116504
0.7567	0.0115747
0.756312	0.0115002
0.755948	0.0114294
0.755669	0.0113605
0.755344	0.0112943
0.755097	0.011228
0.75486	0.0111579
0.75444	0.0110912
0.754242	0.0110226
0.753847	0.0109568
0.753695	0.0108867
0.75331	0.0108172
0.753027	0.0107473
0.752734	0.0106768
0.752508	0.0106029
0.752102	0.010531
0.751957	0.0104539
0.751534	0.0103785
0.751286	0.0103022
0.750933	0.0102276
0.750665	0.0101533
0.750354	0.0100799
0.750072	0.0100066
0.749754	0.00993458
0.749538	0.00985987
0.749182	0.00978599
0.748874	0.00971324
0.748581	0.0096413
0.748299	0.00956951
0.747932	0.00950111
0.747854	0.00942572
0.74748	0.00934879
0.747208	0.00926946
0.746819	0.0091925
0.746667	0.00911104
0.746279	0.00903057
0.746018	0.00894933
0.745809	0.00886389
0.745382	0.00878137
0.745124	0.00869948
0.744902	0.00861519
0.744566	0.00853115
0.744358	0.00844366
0.74386	0.00836279
0.7438	0.0082767
0.743401	0.00819188
0.743175	0.00810509
0.742772	0.00802196
0.742585	0.00793704
0.742225	0.00785416
0.742069	0.0077669
0.741677	0.00768112
0.741487	0.00759205
0.741017	0.00750864
0.740848	0.00742421
0.740494	0.00734222
0.740166	0.00726392
0.739986	0.00718379
0.739742	0.00710056
0.739495	0.0070132
0.73904	0.00693013
0.738863	0.00684531
0.738485	0.00676346
0.738284	0.00668008
0.73798	0.00659653
0.737712	0.00651208
0.737556	0.00642124
0.737171	0.00633005
0.736808	0.0062419
0.736645	0.00615072
0.736306	0.00605989
0.736006	0.00597004
0.735699	0.00588206
0.735543	0.00578998
0.735243	0.0056957
0.735035	0.0055964
0.734682	0.00549644
0.734389	0.00539641
0.73405	0.00529899
0.733877	0.00519885
0.733488	0.00510166
0.7334	0.00499816
0.73304	0.00489366
0.732605	0.00479515
0.732365	0.00469952
0.73221	0.00460089
0.731818	0.00450523
0.731556	0.00441092
0.731362	0.00431409
0.731027	0.00421803
0.730705	0.00412442
0.730331	0.00403702
0.730207	0.00394759
0.729883	0.00385897
0.729692	0.00376707
0.729328	0.00367651
0.729067	0.00358617
0.728671	0.00350128
0.728481	0.0034167
0.728135	0.00333564
0.727831	0.00325838
0.727633	0.00318059
0.727389	0.00310109
0.727068	0.00302214
0.726853	0.00294076
0.726471	0.00286216
0.726221	0.00278439
0.725995	0.00270508
0.725726	0.00262431
0.725359	0.00254634
0.725151	0.00246739
0.724794	0.00239137
0.724674	0.00230739
0.724144	0.00223176
0.724084	0.00215277
0.723833	0.00207042
0.723498	0.00198807
0.723208	0.00190622
0.72282	0.00182976
0.722682	0.00175131
0.722283	0.0016771
0.722205	0.00159729
0.721827	0.00151794
0.721534	0.00143957
0.721167	0.00136605
0.720998	0.00129164
0.720743	0.00121583
0.720337	0.00114474
0.720115	0.00107487
0.719864	0.00100502
0.719596	0.000934984
0.719338	0.000864066
0.719048	0.000793133
0.718646	0.000727859
0.718487	0.000661727
0.718254	0.000593334
0.717901	0.000526696
0.717682	0.000458839
0.717378	0.000391446
0.716975	0.00033003
0.716908	0.000264003
0.716421	0.000204142
0.716248	0.00014431
0.715976	8.46663e-05
0.715704	2.50194e-05
0.715361	-3.15925e-05
0.715164	-8.93077e-05
0.714892	-0.000147829
0.714719	-0.000211472
0.714323	-0.000273632
0.714069	-0.000335724
0.713804	-0.000398039
0.71349	-0.000458705
0.713225	-0.000518438
0.713062	-0.000582277
0.712706	-0.000645457
0.712282	-0.000701563
0.712222	-0.000761693
0.711837	-0.000819596
0.711544	-0.000875045
0.711346	-0.000931826
0.711113	-0.000991249
0.710735	-0.00104801
0.710594	-0.00110864
0.71022	-0.00116749
0.709923	-0.00122404
0.709708	-0.00128126
0.709443	-0.00133912
0.709284	-0.00140244
0.709072	-0.00147244
0.708698	-0.00154312
0.708549	-0.00161987
0.708136	-0.00169478
0.70785	-0.00176764
0.707695	-0.00184379
0.707313	-0.00191724
0.707017	-0.00198741
0.706791	-0.00205675
0.706586	-0.00212806
0.706233	-0.00219695
0.705964	-0.00226396
0.705742	-0.00233138
0.705622	-0.00240545
0.705198	-0.00247759
0.704834	-0.00254419
0.704506	-0.0026037
0.704358	-0.00266283
0.704096	-0.00272158
0.703658	-0.00277245
0.703651	-0.00282883
0.703312	-0.00288586
0.702839	-0.00293453
0.702839	-0.00298869
0.702376	-0.00303802
0.702295	-0.00309215
0.701893	-0.00314371
0.701575	-0.00319132
0.701479	-0.0032434
0.701306	-0.00330286
0.700907	-0.00336218
0.700752	-0.00342655
0.700402	-0.00349098
0.700134	-0.00355544
0.699911	-0.00362169
0.699576	-0.00368614
0.699357	-0.00375119
0.699075	-0.00381575
0.698916	-0.00388449
0.69858	-0.00395312
0.698202	-0.00401669
0.698107	-0.00408379
0.697771	-0.00415007
0.697418	-0.00421181
0.697288	-0.00427578
0.697019	-0.00434096
0.696776	-0.00440794
0.696451	-0.00447345
0.696253	-0.00454068
0.69603	-0.00461085
0.695766	-0.00468308
0.69537	-0.00475094
0.695285	-0.00482324
0.694893	-0.00489287
0.69483	-0.00496919
0.694452	-0.00504519
0.694078	-0.00511605
0.693958	-0.00518907
0.69371	-0.00526393
0.693389	-0.00533743
0.693124	-0.00540957
0.692933	-0.00548358
0.692541	-0.00555296
0.692446	-0.00562602
0.692047	-0.00569531
0.691874	-0.00576558
0.691588	-0.00583512
0.691447	-0.00590927
0.691132	-0.00598425
0.690776	-0.00605558
0.690712	-0.00613264
0.690352	-0.00620923
0.689967	-0.0062799
0.689829	-0.00635121
0.689448	-0.0064172
0.689402	-0.00648839
0.688992	-0.00655644
0.688826	-0.00662623
0.688696	-0.00670267
0.6883	-0.006778
0.688049	-0.00685287
0.687894	-0.0069316
0.687492	-0.00700661
0.68734	-0.0070834
0.687061	-0.00716021
0.686768	-0.00723524
0.686577	-0.00731161
0.68615	-0.0073812
0.68609	-0.00745415
0.685733	-0.00752478
0.685436	-0.00759178
0.685299	-0.00766097
0.685034	-0.00773113
0.684617	-0.00779485
0.684465	-0.00785816
0.684324	-0.00792583
0.683974	-0.00799249
0.683635	-0.00805469
0.68354	-0.00812038
0.683226	-0.00818579
0.683003	-0.00825241
0.682689	-0.00831717
0.682558	-0.00838588
0.682205	-0.00845303
0.682004	-0.00852129
0.681721	-0.00858889
0.68159	-0.00866132
0.681259	-0.00873376
0.680891	-0.00880121
0.680867	-0.00887476
0.680439	-0.00894488
0.680086	-0.00900802
0.67997	-0.00907158
0.679687	-0.00913374
0.679542	-0.00919945
0.679157	-0.00926184
0.679094	-0.00933005
0.67873	-0.00939745
0.678444	-0.00946283
0.678207	-0.00952717
0.677897	-0.00958786
0.677717	-0.0096488
0.677614	-0.00971624
0.677208	-0.00978166
0.676887	-0.00984258
0.676791	-0.00990671
0.676466	-0.00996968
0.676106	-0.010027
0.675983	-0.0100854
0.675566	-0.010137
0.675474	-0.0101904
0.675379	-0.0102516
0.674962	-0.0103115
0.674701	-0.01037
0.674535	-0.010431
0.674114	-0.0104863
0.673839	-0.0105361
0.673747	-0.0105883
0.673412	-0.0106383
0.673323	-0.0106939
0.672917	-0.0107465
0.672871	-0.010806
0.672518	-0.0108661
0.672462	-0.010935
0.672052	-0.0110036
0.671671	-0.0110661
0.671378	-0.0111219
0.671222	-0.0111764
0.670972	-0.0112292
0.670897	-0.0112884
0.670484	-0.011345
0.670145	-0.0113957
0.670085	-0.01145
0.669983	-0.0115131
0.669686	-0.0115808
0.669255	-0.011644
0.669146	-0.0117099
0.668877	-0.0117765
0.668468	-0.0118364
0.668383	-0.0118981
0.668199	-0.0119637
0.667917	-0.0120303
0.667553	-0.0120926
0.667447	-0.0121577
0.667108	-0.0122204
0.666812	-0.0122789
0.666434	-0.0123282
0.666416	-0.0123803
0.666151	-0.0124331
0.665978	-0.0124898
0.66554	-0.0125407
0.66542	-0.0125929
0.665131	-0.0126438
0.665	-0.0126986
0.664696	-0.0127537
0.664597	-0.0128155
0.664152	-0.0128734
0.664078	-0.012936
0.663771	-0.012999
0.663372	-0.0130556
0.663351	-0.0131169
0.662966	-0.0131751
0.662652	-0.0132278
0.662489	-0.0132798
0.662164	-0.0133272
0.662079	-0.0133781
0.661758	-0.0134278
0.661486	-0.0134754
0.661211	-0.0135198
0.661002	-0.0135633
0.660918	-0.0136128
0.660589	-0.013663
0.660381	-0.0137154
0.660134	-0.0137692
0.659961	-0.013827
0.659643	-0.0138845
0.659378	-0.0139408
0.659283	-0.0140024
0.658841	-0.0140591
0.658778	-0.0141197
0.658446	-0.0141792
0.658301	-0.0142419
0.657902	-0.0142999
0.657686	-0.0143553
0.657506	-0.0144112
0.657326	-0.0144697
0.657075	-0.0145296
0.656825	-0.0145902
0.656574	-0.0146505
0.656288	-0.0147085
0.65614	-0.0147686
0.655942	-0.0148318
0.655737	-0.0148988
0.655465	-0.0149671
0.655094	-0.0150306
0.654967	-0.0150952
0.654748	-0.015161
0.654632	-0.015233
0.654257	-0.0153035
0.654109	-0.0153767
0.653841	-0.0154503
0.653509	-0.0155198
0.653392	-0.0155914
0.653046	-0.0156593
0.652923	-0.0157292
0.652622	-0.0157975
0.652326	-0.0158617
0.652223	-0.0159284
0.65192	-0.0159937
0.651627	-0.0160553
0.651404	-0.0161145
0.6511	-0.0161685
0.650811	-0.0162159
0.650782	-0.0162673
0.650405	-0.016315
0.650232	-0.0163627
0.649935	-0.0164076
0.649896	-0.0164589
0.649511	-0.0165083
0.649207	-0.0165534
0.649049	-0.0165986
0.648741	-0.0166403
0.64848	-0.0166783
0.64836	-0.0167183
0.648275	-0.0167663
0.647919	-0.016815
0.647636	-0.0168624
0.647498	-0.016913
0.647131	-0.0169601
0.647078	-0.0170126
0.646778	-0.0170659
0.646407	-0.0171139
0.646351	-0.0171657
0.64599	-0.0172145
0.645757	-0.0172611
0.64557	-0.0173078
0.645415	-0.0173578
0.645019	-0.0174031
0.644896	-0.0174497
0.64455	-0.0174921
0.644376	-0.0175339
0.644175	-0.0175764
0.643981	-0.017621
0.643723	-0.0176661
0.643483	-0.0177112
0.64331	-0.017759
0.643017	-0.0178059
0.642925	-0.0178584
0.642544	-0.0179084
0.64254	-0.0179667
0.642148	-0.018024
0.641866	-0.0180783
0.641749	-0.0181387
0.641301	-0.0181906
0.641297	-0.0182459
0.641018	-0.0183012
0.640721	-0.0183536
0.640453	-0.0184019
0.640209	-0.0184464
0.640001	-0.0184885
0.639779	-0.018529
0.639627	-0.0185715
0.639355	-0.0186137
0.639192	-0.0186585
0.638875	-0.0187015
0.638786	-0.0187493
0.638461	-0.0187964
0.638324	-0.018847
0.638027	-0.0188973
0.637688	-0.0189425
0.637586	-0.0189892
0.637307	-0.0190346
0.637059	-0.0190782
0.636872	-0.019122
0.636622	-0.0191649
0.636343	-0.0192048
0.636184	-0.0192454
0.635929	-0.0192852
0.635633	-0.0193213
0.635495	-0.0193585
0.635209	-0.0193939
0.635135	-0.0194346
0.634799	-0.0194745
0.634693	-0.0195193
0.634386	-0.0195643
0.63422	-0.0196121
0.633969	-0.0196611
0.633683	-0.0197082
0.633549	-0.019758
0.633355	-0.019811
0.633055	-0.0198631
0.632995	-0.0199219
0.632688	-0.0199819
0.632359	-0.0200384
0.632264	-0.0200978
0.631939	-0.0201547
0.631766	-0.0202119
0.631554	-0.0202696
0.631515	-0.0203358
0.631226	-0.0204053
0.630964	-0.0204758
0.630696	-0.0205449
0.630297	-0.020605
0.630187	-0.0206631
0.63011	-0.0207254
0.629774	-0.0207857
0.629492	-0.0208418
0.629389	-0.0208998
0.629117	-0.0209568
0.628916	-0.0210138
0.628648	-0.0210686
0.628503	-0.021125
0.628181	-0.021178
0.628097	-0.0212345
0.627835	-0.0212915
0.627789	-0.0213566
0.62739	-0.0214201
0.627337	-0.0214897
0.626864	-0.0215526
0.626808	-0.0216178
0.626589	-0.0216842
0.626352	-0.0217508
0.626063	-0.0218142
0.625897	-0.0218775
0.625777	-0.0219447
0.625339	-0.0220051
0.625353	-0.0220705
0.62518	-0.0221414
0.624721	-0.0222059
0.624622	-0.0222708
0.624385	-0.0223348
0.624279	-0.0224028
0.623961	-0.0224694
0.623704	-0.022533
0.623358	-0.0225886
0.623223	-0.0226415
0.623128	-0.0226972
0.622877	-0.0227535
0.622588	-0.0228071
0.622277	-0.0228545
0.622277	-0.0229065
0.621917	-0.0229555
0.621797	-0.0230065
0.621624	-0.0230609
0.621532	-0.0231234
0.62114	-0.0231843
0.621037	-0.0232493
0.620744	-0.0233137
0.620497	-0.0233765
0.62025	-0.0234363
0.620066	-0.0234951
0.619869	-0.0235538
0.619526	-0.0236065
0.619487	-0.0236624
0.619148	-0.023715
0.618979	-0.023767
0.618717	-0.0238166
0.618686	-0.0238721
0.618315	-0.0239251
0.618128	-0.0239778
0.617894	-0.024029
0.617746	-0.0240821
0.617485	-0.0241345
0.617386	-0.0241913
0.617054	-0.0242462
0.616916	-0.0243032
0.616648	-0.0243592
0.616489	-0.0244168
0.616146	-0.0244698
0.616104	-0.0245269
0.615772	-0.0245815
0.615447	-0.0246295
0.615362	-0.0246779
0.615253	-0.0247308
0.614819	-0.0247774
0.614755	-0.0248259
0.614571	-0.0248769
0.614381	-0.0249307
0.613999	-0.0249793
0.613999	-0.0250334
0.613692	-0.0250871
0.613346	-0.0251349
0.613169	-0.0251796
0.613032	-0.0252251
0.612897	-0.0252743
0.612481	-0.0253174
0.612399	-0.0253616
0.612025	-0.0253995
0.611972	-0.0254394
0.611637	-0.0254753
0.611432	-0.0255085
0.611291	-0.0255426
0.611089	-0.0255779
0.610807	-0.025611
0.610644	-0.0256447
0.61038	-0.0256766
0.610284	-0.0257122
0.60997	-0.0257461
0.609776	-0.0257798
0.609543	-0.0258121
0.609341	-0.025844
0.609271	-0.0258817
0.608963	-0.0259197
0.60872	-0.0259566
0.608377	-0.0259869
0.608289	-0.0260177
0.608091	-0.0260491
0.607876	-0.0260808
0.607611	-0.0261105
0.60742	-0.0261395
0.607035	-0.0261604
0.606982	-0.026182
0.606792	-0.0262049
0.606619	-0.0262305
0.606386	-0.0262573
0.606085	-0.0262812
0.606043	-0.0263105
0.605683	-0.0263373
0.605489	-0.026363
0.605337	-0.0263905
0.6051	-0.0264182
0.604924	-0.0264476
0.604846	-0.0264841
0.604553	-0.0265224
0.604422	-0.0265659
0.604168	-0.0266113
0.603846	-0.0266534
0.603737	-0.0266972
0.603596	-0.0267451
0.603363	-0.026795
0.603285	-0.0268523
0.602893	-0.0269069
0.602656	-0.0269584
0.602586	-0.0270132
0.602324	-0.027068
0.602257	-0.0271287
0.601943	-0.0271891
0.601692	-0.0272474
0.601544	-0.0273064
0.601258	-0.0273622
0.600972	-0.0274118
0.600845	-0.02746
0.600838	-0.0275154
0.600439	-0.0275677
0.600273	-0.0276195
0.600086	-0.0276714
0.599859	-0.0277224
0.599782	-0.0277782
0.599425	-0.0278308
0.599429	-0.0278902
0.599104	-0.0279492
0.598857	-0.0280062
0.598535	-0.0280562
0.598348	-0.0281015
0.598203	-0.0281454
0.598051	-0.0281904
0.597868	-0.0282369
0.597476	-0.0282764
0.597373	-0.0283149
0.5972	-0.0283538
0.596953	-0.028391
0.596907	-0.0284338
0.596614	-0.028477
0.596257	-0.0285138
0.596204	-0.0285524
0.596024	-0.0285932
0.595795	-0.0286344
0.595608	-0.0286767
0.595368	-0.0287183
0.595113	-0.0287571
0.595018	-0.0287983
0.594647	-0.0288339
0.594538	-0.0288694
0.594315	-0.0289038
0.594103	-0.0289368
0.593997	-0.028973
0.593736	-0.029009
0.593619	-0.0290488
0.593341	-0.029088
0.593256	-0.0291321
0.592934	-0.0291746
0.592758	-0.0292171
0.592624	-0.0292624
0.592373	-0.0293077
0.592034	-0.0293469
0.591999	-0.0293887
0.591794	-0.0294321
0.591663	-0.0294797
0.591412	-0.0295284
0.591123	-0.0295741
0.591116	-0.0296259
0.590681	-0.0296719
0.590579	-0.0297179
0.590353	-0.0297624
0.590282	-0.0298114
0.589957	-0.0298582
0.589866	-0.029908
0.589601	-0.0299572
0.589375	-0.0300048
0.589096	-0.0300474
0.589053	-0.030093
0.588796	-0.0301381
0.588661	-0.0301857
0.588372	-0.030231
0.588358	-0.0302828
0.588178	-0.0303401
0.587885	-0.0303976
0.587577	-0.0304504
0.58751	-0.0305054
0.587284	-0.0305604
0.587069	-0.0306146
0.586945	-0.0306713
0.58667	-0.0307262
0.586341	-0.030774
0.586267	-0.0308216
0.586073	-0.0308688
0.585801	-0.0309123
0.585691	-0.0309568
0.585427	-0.0309987
0.585137	-0.0310347
0.585081	-0.0310722
0.584844	-0.0311089
0.584583	-0.0311421
0.584357	-0.0311715
0.584212	-0.0312
0.584074	-0.0312304
0.583958	-0.0312657
0.583728	-0.0313035
0.583442	-0.0313394
0.583333	-0.0313778
0.583001	-0.031412
0.582845	-0.0314449
0.58282	-0.0314842
0.582556	-0.0315253
0.582411	-0.0315701
0.582171	-0.0316159
0.582005	-0.0316637
0.581729	-0.0317095
0.581645	-0.0317587
0.581288	-0.0318032
0.581154	-0.0318467
0.581069	-0.0318941
0.58079	-0.0319406
0.580751	-0.0319933
0.58044	-0.0320455
0.580296	-0.0320995
0.579932	-0.0321474
0.579886	-0.032197
0.579593	-0.0322431
0.579409	-0.0322871
0.579264	-0.0323314
0.579024	-0.0323737
0.578855	-0.0324154
0.578798	-0.0324626
0.578403	-0.032505
0.578286	-0.0325472
0.578265	-0.0325966
0.577876	-0.0326428
0.577615	-0.0326837
0.577544	-0.0327258
0.577205	-0.0327621
0.577237	-0.0328038
0.576792	-0.0328383
0.576771	-0.032875
0.576708	-0.0329187
0.576298	-0.0329584
0.576266	-0.0330021
0.57592	-0.033042
0.575878	-0.0330856
0.575662	-0.0331308
0.575436	-0.0331758
0.575263	-0.0332214
0.575087	-0.0332681
0.574825	-0.0333124
0.57473	-0.0333591
0.574546	-0.0334077
0.574221	-0.0334519
0.574165	-0.0334986
0.573914	-0.0335444
0.573628	-0.0335852
0.573508	-0.0336252
0.573427	-0.0336691
0.573356	-0.0337212
0.572879	-0.0337671
0.57289	-0.0338171
0.572579	-0.0338647
0.572283	-0.0339058
0.572279	-0.0339499
0.572106	-0.0339967
0.571855	-0.034043
0.571757	-0.0340927
0.571453	-0.03414
0.571297	-0.034187
0.571156	-0.0342355
0.570888	-0.0342817
0.570884	-0.0343342
0.570602	-0.0343871
0.570475	-0.0344431
0.570326	-0.0345031
0.570058	-0.0345626
0.569751	-0.0346165
0.569532	-0.0346645
0.569553	-0.0347168
0.56926	-0.0347674
0.568956	-0.0348116
0.568938	-0.0348583
0.568684	-0.0349036
0.568437	-0.0349452
0.568373	-0.0349893
0.56813	-0.0350326
0.56796	-0.0350761
0.567699	-0.0351164
0.567547	-0.0351558
0.567409	-0.0351965
0.567152	-0.035235
0.567081	-0.0352768
0.566837	-0.0353187
0.566738	-0.0353644
0.566421	-0.0354073
0.566308	-0.0354513
0.565961	-0.0354918
0.565898	-0.0355322
0.565633	-0.0355689
0.565637	-0.035611
0.565435	-0.0356562
0.565153	-0.0356999
0.56516	-0.0357509
0.564881	-0.0358031
0.564726	-0.0358578
0.564415	-0.0359087
0.564337	-0.0359615
0.564122	-0.0360139
0.563995	-0.0360686
0.563581	-0.0361149
0.563553	-0.0361615
0.563419	-0.0362101
0.563094	-0.036254
0.562977	-0.0362973
0.562684	-0.0363351
0.56255	-0.0363707
0.562554	-0.0364128
0.562239	-0.036454
0.562169	-0.0364996
0.561939	-0.0365465
0.561756	-0.0365945
0.561494	-0.0366399
0.561332	-0.0366841
0.561169	-0.0367281
0.560922	-0.0367692
0.560657	-0.0368042
0.560594	-0.0368398
0.560505	-0.0368797
0.560368	-0.0369249
0.560096	-0.0369703
0.559856	-0.0370135
0.559626	-0.037053
0.559407	-0.0370877
0.559308	-0.0371225
0.559245	-0.0371621
0.558976	-0.0372018
0.558757	-0.0372401
0.558701	-0.0372827
0.558503	-0.0373278
0.558217	-0.0373704
0.558002	-0.0374097
0.557726	-0.0374421
0.557613	-0.0374722
0.557408	-0.0374992
0.557175	-0.0375216
0.557133	-0.0375464
0.556889	-0.0375704
0.55679	-0.0375974
0.556473	-0.0376209
0.556342	-0.0376441
0.556056	-0.0376624
0.555901	-0.0376782
0.555745	-0.0376932
0.555544	-0.0377068
0.555406	-0.0377212
0.555219	-0.0377362
0.555064	-0.0377529
0.555064	-0.037779
0.554682	-0.0378037
0.55447	-0.0378264
0.554294	-0.0378477
0.554241	-0.0378735
0.553934	-0.0378974
0.553951	-0.0379285
0.553552	-0.0379556
0.553478	-0.0379846
0.553393	-0.038019
0.552991	-0.038048
0.552945	-0.0380789
0.552828	-0.0381137
0.552426	-0.0381419
0.552298	-0.0381675
0.5522	-0.0381944
0.551892	-0.0382166
0.551882	-0.0382427
0.551702	-0.0382716
0.551497	-0.0383018
0.551331	-0.0383335
0.551225	-0.0383697
0.550911	-0.0384035
0.550671	-0.0384329
0.550635	-0.038465
0.550522	-0.038502
0.550218	-0.0385372
0.550127	-0.038575
0.549897	-0.0386125
0.549721	-0.0386498
0.549438	-0.0386823
0.54941	-0.0387177
0.549286	-0.0387573
0.54912	-0.0388009
0.548908	-0.0388459
0.548594	-0.0388862
0.548439	-0.0389237
0.548428	-0.0389662
0.548114	-0.0390062
0.548011	-0.0390478
0.547895	-0.0390929
0.547644	-0.0391375
0.547358	-0.039177
0.547323	-0.0392185
0.547121	-0.0392603
0.546917	-0.039301
0.546782	-0.0393426
0.546564	-0.039383
0.54639	-0.0394224
0.54632	-0.0394656
0.545924	-0.039502
0.545935	-0.0395413
0.545642	-0.0395775
0.545373	-0.0396073
0.545264	-0.0396348
0.54513	-0.0396623
0.545101	-0.0396961
0.544861	-0.0397318
0.544494	-0.0397609
0.544399	-0.0397884
0.544247	-0.0398155
0.544141	-0.0398453
0.543904	-0.0398745
0.543834	-0.0399078
0.543572	-0.0399405
0.543551	-0.0399796
0.543353	-0.0400224
0.543127	-0.040066
0.542894	-0.0401078
0.542725	-0.0401481
0.542605	-0.0401896
0.542319	-0.040227
0.542167	-0.0402621
0.542114	-0.0403005
0.541888	-0.0403391
0.541616	-0.0403768
0.541461	-0.0404115
0.541446	-0.0404505
0.5411	-0.0404852
0.540941	-0.0405172
0.540896	-0.0405526
0.540652	-0.0405873
0.540511	-0.0406231
0.540242	-0.0406553
0.540165	-0.0406891
0.54008	-0.0407276
0.539681	-0.04076
0.539734	-0.0407976
0.539497	-0.0408362
0.53925	-0.0408723
0.539059	-0.0409057
0.538837	-0.0409348
0.538766	-0.0409647
0.538572	-0.0409943
0.538455	-0.0410261
0.538176	-0.0410547
0.538028	-0.0410822
0.538017	-0.0411156
0.537756	-0.0411496
0.537753	-0.0411916
0.537279	-0.0412265
0.537262	-0.041263
0.53699	-0.0412958
0.536813	-0.0413257
0.536781	-0.0413593
0.53652	-0.0413916
0.536389	-0.0414248
0.536118	-0.0414542
0.536086	-0.0414867
0.53586	-0.0415191
0.53592	-0.0415615
0.535595	-0.0416048
0.53527	-0.0416423
0.535432	-0.0416898
0.534956	-0.0417313
0.534889	-0.0417728
0.534701	-0.0418134
0.534451	-0.0418495
0.534391	-0.0418869
0.534189	-0.0419237
0.534186	-0.0419672
0.533861	-0.042009
0.533751	-0.0420522
0.533455	-0.0420907
0.533494	-0.0421347
0.533211	-0.0421777
0.533045	-0.0422201
0.532766	-0.0422571
0.532745	-0.0422962
0.532438	-0.0423308
0.532367	-0.042366
0.532208	-0.042402
0.531993	-0.0424365
0.531841	-0.0424705
0.531534	-0.042498
0.531481	-0.0425254
0.531364	-0.042555
0.531117	-0.0425826
0.530976	-0.04261
0.530888	-0.0426407
0.530559	-0.0426669
0.530605	-0.0426991
0.530199	-0.0427254
0.530111	-0.0427507
0.529874	-0.0427722
0.529867	-0.0427977
0.529712	-0.0428267
0.529471	-0.0428554
0.529207	-0.0428798
0.529203	-0.0429079
0.52891	-0.0429334
0.52873	-0.0429563
0.528642	-0.0429807
0.528578	-0.0430106
0.528225	-0.0430367
0.528091	-0.0430616
0.528059	-0.0430913
0.527755	-0.0431186
0.527646	-0.0431468
0.527533	-0.0431778
0.527331	-0.0432096
0.527158	-0.0432418
0.526992	-0.0432741
0.526826	-0.0433067
0.52666	-0.0433393
0.526434	-0.0433694
0.526442	-0.0434051
0.526057	-0.0434352
0.526032	-0.0434675
0.525771	-0.043497
0.525725	-0.0435296
0.525566	-0.0435647
0.525333	-0.0435989
0.525206	-0.0436341
0.524979	-0.0436673
0.524874	-0.0437014
0.52464	-0.0437332
0.524535	-0.0437658
0.524414	-0.0438009
0.524185	-0.0438349
0.523959	-0.0438655
0.523945	-0.0438999
0.523683	-0.0439329
0.523535	-0.0439655
0.523284	-0.0439941
0.523277	-0.0440262
0.523083	-0.0440597
0.522889	-0.044093
0.522854	-0.0441317
0.522666	-0.0441734
0.522405	-0.0442134
0.522324	-0.0442555
0.521992	-0.0442918
0.521988	-0.0443305
0.521928	-0.0443753
0.521646	-0.0444196
0.521512	-0.0444648
0.52125	-0.0445061
0.52124	-0.0445512
0.521084	-0.044599
0.52083	-0.044645
0.520668	-0.0446895
0.520413	-0.0447287
0.520392	-0.0447697
0.520283	-0.0448141
0.520004	-0.044856
0.519983	-0.0449021
0.519661	-0.0449442
0.519591	-0.0449873
0.519499	-0.0450339
0.519354	-0.0450838
0.519093	-0.0451319
0.519022	-0.0451824
0.518906	-0.0452366
0.518644	-0.045289
0.518598	-0.0453451
0.518291	-0.0453973
0.518199	-0.0454494
0.51797	-0.0454981
0.517821	-0.0455446
0.517839	-0.0455968
0.517504	-0.0456456
0.517429	-0.0456954
0.517073	-0.0457373
0.517101	-0.0457811
0.51697	-0.0458273
0.516713	-0.0458709
0.516543	-0.0459122
0.516515	-0.0459572
0.516183	-0.0459973
0.516123	-0.0460387
0.515851	-0.0460752
0.515823	-0.0461138
0.515607	-0.0461512
0.515434	-0.046187
0.51536	-0.0462253
0.51513	-0.0462624
0.515028	-0.0463009
0.514742	-0.046335
0.514661	-0.046369
0.514527	-0.0464038
0.514459	-0.0464433
0.514188	-0.0464812
0.514043	-0.0465188
0.513856	-0.0465546
0.513778	-0.0465926
0.513637	-0.0466329
0.513382	-0.0466708
0.513276	-0.0467091
0.513216	-0.0467518
0.512941	-0.0467928
0.512828	-0.0468343
0.512535	-0.0468704
0.512503	-0.0469075
0.512351	-0.0469456
0.512132	-0.0469816
0.511818	-0.0470092
0.511708	-0.0470324
0.511744	-0.0470603
0.511497	-0.0470878
0.511525	-0.0471232
0.511278	-0.0471608
0.511115	-0.0472001
0.510878	-0.0472371
0.510765	-0.0472743
0.510663	-0.047314
0.510398	-0.0473507
0.510303	-0.0473879
0.510282	-0.0474311
0.51001	-0.0474738
0.509819	-0.0475149
0.509551	-0.0475496
0.509469	-0.0475826
0.509219	-0.0476098
0.509148	-0.0476364
0.508876	-0.0476572
0.508851	-0.0476793
0.50864	-0.0476998
0.50865	-0.0477265
0.50841	-0.0477542
0.508237	-0.0477823
0.508029	-0.0478083
0.50781	-0.0478301
0.507598	-0.0478462
0.507559	-0.0478629
0.507425	-0.0478808
0.507411	-0.0479061
0.507174	-0.0479335
0.507128	-0.0479676
0.506733	-0.0479966
0.506729	-0.0480283
0.506372	-0.0480532
0.506288	-0.048076
0.506153	-0.0480979
0.506139	-0.0481252
0.505874	-0.0481519
0.505744	-0.0481793
0.505479	-0.0482026
0.505465	-0.0482287
0.505228	-0.0482534
0.505052	-0.0482762
0.504953	-0.0482999
0.50479	-0.0483239
0.504589	-0.0483462
0.504391	-0.0483652
0.504388	-0.0483884
0.504049	-0.0484066
0.503932	-0.0484229
0.503784	-0.0484379
0.503738	-0.0484565
0.503374	-0.0484689
0.503367	-0.0484832
0.503162	-0.0484965
0.503113	-0.0485138
0.502869	-0.0485304
0.502664	-0.0485444
0.502534	-0.0485575
0.502382	-0.04857
0.502272	-0.048584
0.502096	-0.0485982
0.501958	-0.0486136
0.501697	-0.0486251
0.501683	-0.04864
0.501534	-0.0486575
0.501534	-0.048684
0.501262	-0.0487124
0.500998	-0.0487375
0.501146	-0.0487735
0.500842	-0.048811
0.500436	-0.0488389
0.50044	-0.0488662
0.500281	-0.0488925
0.500231	-0.0489224
0.49985	-0.0489451
0.499903	-0.0489712
0.499603	-0.0489934
0.499469	-0.0490133
0.499419	-0.0490359
0.499151	-0.0490555
0.499073	-0.0490761
0.499059	-0.0491034
0.498766	-0.0491298
0.498663	-0.0491578
0.498388	-0.0491816
0.498398	-0.0492093
0.498158	-0.0492361
0.498045	-0.0492638
0.497982	-0.049296
0.497897	-0.0493346
0.497565	-0.0493704
0.497491	-0.0494074
0.497487	-0.0494515
0.497343	-0.0495014
0.497011	-0.0495478
0.496922	-0.0495942
0.496785	-0.0496409
0.496707	-0.0496908
0.496453	-0.0497384
0.496283	-0.0497834
0.496184	-0.0498282
0.496001	-0.0498712
0.495884	-0.0499142
0.495708	-0.0499556
0.495496	-0.0499931
0.4954	-0.0500297
0.495263	-0.0500659
0.495058	-0.0500993
0.494994	-0.0501341
0.494814	-0.0501685
0.494666	-0.0502027
0.494503	-0.050236
0.494489	-0.0502743
0.49421	-0.0503109
0.494069	-0.0503465
0.493839	-0.0503777
0.493825	-0.0504112
0.493673	-0.0504462
0.493416	-0.0504777
0.493282	-0.0505069
0.493246	-0.0505393
0.493108	-0.0505743
0.492886	-0.0506084
0.492628	-0.0506368
0.492575	-0.050665
0.492459	-0.0506942
0.492264	-0.0507222
0.492307	-0.0507574
0.491989	-0.0507908
0.491911	-0.050826
0.491646	-0.0508574
0.491541	-0.0508877
0.491516	-0.0509223
0.49129	-0.0509566
0.491138	-0.0509907
0.490884	-0.0510199
0.490877	-0.0510513
0.490732	-0.0510844
0.490467	-0.0511136
0.490301	-0.0511391
0.490333	-0.0511693
0.490089	-0.0511988
0.489888	-0.0512255
0.48969	-0.0512479
0.489637	-0.0512709
0.489531	-0.051296
0.489256	-0.0513172
0.489153	-0.0513374
0.489076	-0.0513597
0.488913	-0.0513829
0.48868	-0.0514032
0.488486	-0.0514193
0.488599	-0.0514433
0.488281	-0.0514659
0.488235	-0.051492
0.488101	-0.0515214
0.487861	-0.0515493
0.487769	-0.0515785
0.487451	-0.0516011
0.487412	-0.0516233
0.487405	-0.0516511
0.48713	-0.0516775
0.486985	-0.0517031
0.486957	-0.0517331
0.486727	-0.0517627
0.486582	-0.0517923
0.486311	-0.0518162
0.486152	-0.0518352
0.486145	-0.0518562
0.485869	-0.051873
0.485714	-0.0518862
0.485484	-0.0518929
0.485548	-0.0519037
0.485452	-0.0519198
0.485191	-0.051935
0.485007	-0.0519483
0.484916	-0.0519623
0.484856	-0.0519807
0.484668	-0.0520007
0.484488	-0.0520206
0.484411	-0.0520433
0.484195	-0.0520653
0.484019	-0.0520853
0.483835	-0.0521022
0.483821	-0.0521223
0.483669	-0.0521444
0.483397	-0.0521628
0.483259	-0.0521785
0.483266	-0.0521989
0.483076	-0.0522206
0.482857	-0.0522403
0.482701	-0.0522581
0.482705	-0.0522808
0.482553	-0.0523068
0.482426	-0.0523363
0.482136	-0.0523622
0.482027	-0.0523869
0.481751	-0.0524049
0.481699	-0.0524215
0.481603	-0.052439
0.481543	-0.0524608
0.481271	-0.0524804
0.481246	-0.0525036
0.48119	-0.0525333
0.481042	-0.0525678
0.480798	-0.0526018
0.480494	-0.0526286
0.480427	-0.0526529
0.480127	-0.0526683
0.479989	-0.0526769
0.480099	-0.0526911
0.479792	-0.0527022
0.479908	-0.0527225
0.479654	-0.052745
0.479558	-0.0527716
0.479509	-0.0528054
0.479128	-0.0528345
0.479174	-0.0528683
0.479015	-0.0529047
0.478842	-0.0529419
0.478714	-0.0529802
0.478598	-0.0530204
0.478404	-0.0530597
0.478213	-0.0530961
0.478022	-0.0531279
0.477955	-0.0531592
0.477849	-0.0531915
0.477606	-0.0532199
0.477496	-0.0532467
0.477447	-0.0532761
0.477323	-0.0533081
0.477072	-0.0533374
0.47715	-0.0533742
0.476832	-0.0534088
0.476673	-0.0534411
0.476528	-0.0534713
0.47661	-0.0535094
0.476345	-0.053548
0.476214	-0.0535875
0.475967	-0.053623
0.475953	-0.0536607
0.47561	-0.0536912
0.475776	-0.0537293
0.475469	-0.0537657
0.475384	-0.0538034
0.475109	-0.0538359
0.474957	-0.0538639
0.47495	-0.0538939
0.474763	-0.0539232
0.474593	-0.0539507
0.474547	-0.0539808
0.47418	-0.0540046
0.474117	-0.0540253
0.474131	-0.05405
0.474081	-0.0540815
0.473816	-0.054113
0.473619	-0.054142
0.4737	-0.0541787
0.473347	-0.0542119
0.47334	-0.0542482
0.473181	-0.0542858
0.473075	-0.0543259
0.472686	-0.054357
0.472662	-0.0543859
0.472587	-0.0544158
0.472421	-0.0544449
0.472227	-0.0544712
0.472104	-0.0544957
0.47209	-0.0545242
0.471863	-0.0545518
0.471775	-0.0545811
0.47174	-0.054616
0.471507	-0.0546512
0.471369	-0.0546866
0.471108	-0.0547167
0.471005	-0.0547443
0.471019	-0.0547763
0.470861	-0.0548106
0.470596	-0.0548413
0.470606	-0.0548755
0.470546	-0.0549157
0.470285	-0.054955
0.47019	-0.0549957
0.470087	-0.0550386
0.470009	-0.0550859
0.469787	-0.0551326
0.469656	-0.055179
0.469374	-0.0552188
0.469526	-0.0552658
0.469226	-0.0553108
0.469028	-0.0553518
0.468879	-0.0553887
0.468879	-0.0554284
0.468551	-0.0554614
0.468491	-0.0554927
0.468406	-0.0555247
0.468152	-0.0555518
0.468141	-0.0555806
0.468	-0.0556103
0.467944	-0.0556443
0.467668	-0.0556753
0.467633	-0.0557086
0.467435	-0.0557408
0.46723	-0.0557691
0.467156	-0.0557971
0.466909	-0.0558197
0.466912	-0.0558442
0.466775	-0.05587
0.466852	-0.055906
0.4664	-0.0559362
0.46645	-0.0559702
0.466203	-0.0560019
0.466083	-0.0560327
0.465807	-0.0560565
0.465669	-0.0560747
0.465676	-0.0560947
0.465507	-0.0561143
0.465214	-0.0561269
0.465143	-0.0561369
0.465157	-0.0561512
0.465041	-0.0561698
0.464783	-0.0561864
0.464748	-0.0562061
0.46467	-0.0562306
0.464409	-0.0562535
0.464285	-0.0562757
0.464109	-0.0562956
0.464229	-0.0563247
0.463935	-0.056354
0.463854	-0.056386
0.463554	-0.0564127
0.463589	-0.0564429
0.463431	-0.0564744
0.463166	-0.0565012
0.463176	-0.0565308
0.462834	-0.0565532
0.462837	-0.0565762
0.462692	-0.0565988
0.462601	-0.0566231
0.462583	-0.0566535
0.46236	-0.056685
0.46218	-0.0567154
0.461972	-0.0567416
0.461834	-0.0567644
0.461587	-0.0567795
0.461728	-0.0568004
0.461474	-0.0568203
0.461393	-0.056842
0.461086	-0.0568576
0.461132	-0.0568761
0.460937	-0.0568943
0.460831	-0.0569134
0.460676	-0.0569323
0.460623	-0.0569547
0.460514	-0.0569807
0.460252	-0.057004
0.460139	-0.0570262
0.460171	-0.0570547
0.459934	-0.0570834
0.459768	-0.057111
0.459698	-0.0571404
0.459638	-0.0571742
0.459278	-0.0572015
0.459334	-0.057232
0.459112	-0.0572609
0.459013	-0.05729
0.458716	-0.057312
0.458596	-0.0573291
0.458568	-0.0573465
0.458451	-0.0573649
0.458448	-0.0573896
0.458328	-0.0574197
0.458116	-0.0574507
0.458031	-0.0574844
0.457756	-0.0575141
0.45778	-0.0575474
0.457614	-0.0575818
0.457402	-0.0576135
0.457254	-0.0576424
0.457074	-0.0576669
0.457201	-0.0576989
0.456883	-0.0577286
0.456777	-0.0577577
0.456774	-0.0577917
0.45653	-0.0578246
0.456354	-0.0578546
0.456159	-0.0578795
0.45605	-0.0579014
0.456106	-0.0579288
0.456007	-0.0579618
0.455732	-0.0579928
0.455845	-0.058033
0.455439	-0.0580682
0.455495	-0.0581078
0.455269	-0.0581463
0.455121	-0.0581832
0.454853	-0.0582127
0.454764	-0.0582382
0.454729	-0.0582644
0.45456	-0.0582892
0.454365	-0.0583102
0.454295	-0.0583308
0.454295	-0.0583565
0.45409	-0.058383
0.453931	-0.0584088
0.453899	-0.0584385
0.453709	-0.0584684
0.453465	-0.0584936
0.453454	-0.0585203
0.453214	-0.0585432
0.4532	-0.0585681
0.453098	-0.0585957
0.452914	-0.0586229
0.452773	-0.0586494
0.452621	-0.0586743
0.452674	-0.0587058
0.452526	-0.0587415
0.452218	-0.0587728
0.452116	-0.0588019
0.45196	-0.0588279
0.451936	-0.058856
0.451844	-0.058887
0.451607	-0.0589158
0.451399	-0.0589393
0.45135	-0.058962
0.451222	-0.0589841
0.451099	-0.0590058
0.450968	-0.0590272
0.450753	-0.0590444
0.450675	-0.0590608
0.450629	-0.0590799
0.450509	-0.0591014
0.450287	-0.0591209
0.450248	-0.0591428
0.450167	-0.0591685
0.449937	-0.0591928
0.449771	-0.0592144
0.449693	-0.0592362
0.449676	-0.0592627
0.44927	-0.0592809
0.449436	-0.0593054
0.449128	-0.0593268
0.449012	-0.0593464
0.448945	-0.0593673
0.448595	-0.0593794
0.448556	-0.0593887
0.448549	-0.0594008
0.448436	-0.0594157
0.448415	-0.0594375
0.44814	-0.0594584
0.448023	-0.0594793
0.447765	-0.0594944
0.447755	-0.0595103
0.447624	-0.0595263
0.44761	-0.0595475
0.447539	-0.0595751
0.447183	-0.0595979
0.447175	-0.0596223
0.44696	-0.0596439
0.446752	-0.0596599
0.446607	-0.0596707
0.446625	-0.0596836
0.446339	-0.0596911
0.44642	-0.0597037
0.446116	-0.0597123
0.446077	-0.0597221
0.446049	-0.0597368
0.445869	-0.0597533
0.445932	-0.0597795
0.44553	-0.0598013
0.445519	-0.0598251
0.445367	-0.059849
0.445148	-0.0598691
0.445074	-0.0598884
0.444859	-0.0599032
0.444859	-0.05992
0.444566	-0.0599308
0.444559	-0.0599424
0.444403	-0.0599532
0.444311	-0.0599649
0.444322	-0.0599833
0.444057	-0.0600009
0.44399	-0.0600206
0.443718	-0.0600357
0.443641	-0.0600493
0.443626	-0.0600665
0.443598	-0.0600906
0.443323	-0.0601138
0.443298	-0.0601407
0.44321	-0.0601721
0.443005	-0.0602034
0.442818	-0.0602322
0.44268	-0.0602583
0.442638	-0.0602857
0.442592	-0.0603174
0.44232	-0.060346
0.44221	-0.0603729
0.442002	-0.0603947
0.441952	-0.0604158
0.441914	-0.0604397
0.441726	-0.0604632
0.441532	-0.0604833
0.441444	-0.0605023
0.441472	-0.060527
0.441207	-0.06055
0.44107	-0.0605711
0.440967	-0.0605918
0.440752	-0.060608
0.440713	-0.0606245
0.440614	-0.0606422
0.440437	-0.0606586
0.440293	-0.060673
0.440123	-0.0606841
0.440201	-0.0607012
0.440091	-0.0607235
0.439812	-0.0607434
0.439869	-0.0607693
0.439721	-0.0607987
0.439519	-0.0608276
0.439459	-0.0608589
0.439272	-0.0608891
0.439035	-0.0609135
0.439032	-0.0609387
0.438693	-0.0609547
0.438838	-0.0609753
0.438877	-0.0610062
0.438463	-0.0610326
0.438446	-0.0610602
0.438255	-0.0610858
0.438142	-0.0611101
0.438089	-0.0611363
0.437821	-0.0611576
0.437764	-0.0611781
0.437669	-0.0611988
0.437577	-0.0612211
0.437542	-0.0612483
0.437206	-0.0612701
0.436991	-0.0612839
0.437008	-0.0612973
0.436864	-0.0613093
0.436885	-0.0613264
0.436807	-0.0613494
0.436571	-0.0613722
0.436511	-0.0613976
0.436126	-0.0614137
0.436104	-0.061427
0.436087	-0.0614424
0.436051	-0.0614631
0.435949	-0.0614888
0.435642	-0.0615105
0.435529	-0.0615296
0.435543	-0.0615525
0.435426	-0.0615784
0.4352	-0.0616021
0.435098	-0.0616251
0.434847	-0.0616418
0.434847	-0.0616589
0.434798	-0.0616792
0.434688	-0.0617024
0.434427	-0.061722
0.434293	-0.0617383
0.434392	-0.0617614
0.434183	-0.061786
0.434024	-0.0618101
0.433887	-0.0618333
0.433678	-0.0618518
0.433608	-0.0618689
0.433558	-0.0618878
0.433452	-0.0619088
0.433205	-0.0619259
0.433188	-0.0619445
0.433127	-0.0619668
0.433025	-0.0619928
0.432757	-0.0620153
0.432679	-0.0620371
0.43263	-0.0620611
0.432425	-0.0620833
0.432361	-0.0621064
0.432206	-0.0621288
0.43204	-0.0621485
0.431937	-0.0621669
0.431874	-0.0621866
0.431733	-0.0622064
0.431552	-0.0622237
0.431687	-0.0622501
0.431362	-0.0622745
0.431302	-0.0623002
0.431108	-0.0623235
0.431118	-0.0623506
0.431019	-0.0623815
0.430701	-0.0624067
0.430648	-0.0624304
0.430539	-0.0624531
0.43038	-0.0624734
0.430235	-0.0624905
0.430136	-0.0625061
0.430133	-0.0625253
0.429956	-0.0625448
0.429886	-0.0625668
0.429769	-0.0625909
0.429653	-0.0626166
0.429472	-0.062641
0.429314	-0.0626627
0.429239	-0.062684
0.429049	-0.062702
0.42901	-0.0627207
0.428925	-0.0627414
0.428897	-0.0627676
0.428568	-0.0627889
0.428593	-0.0628128
0.428512	-0.0628401
0.428339	-0.0628678
0.428109	-0.0628909
0.428191	-0.062919
0.428039	-0.0629494
0.427792	-0.0629761
0.427721	-0.0630018
0.427626	-0.0630277
0.427622	-0.0630586
0.427244	-0.0630819
0.427237	-0.0631044
0.427128	-0.0631263
0.426944	-0.0631447
0.426923	-0.0631647
0.426796	-0.0631853
0.426623	-0.0632041
0.426446	-0.0632189
0.426375	-0.0632327
0.426386	-0.063251
0.426001	-0.0632614
0.426068	-0.0632737
0.425959	-0.0632877
0.425959	-0.0633082
0.425595	-0.0633231
0.42556	-0.0633374
0.425546	-0.0633557
0.425298	-0.0633714
0.425302	-0.0633903
0.42527	-0.0634155
0.42515	-0.0634454
0.424899	-0.0634733
0.424832	-0.0635018
0.424546	-0.0635234
0.424401	-0.0635384
0.424447	-0.0635551
0.424377	-0.0635748
0.424161	-0.0635927
0.424038	-0.063609
0.424062	-0.0636301
0.42366	-0.0636426
0.42366	-0.0636534
0.423656	-0.0636678
0.423427	-0.0636799
0.423335	-0.0636916
0.423247	-0.0637041
0.423151	-0.0637181
0.423102	-0.0637363
0.422879	-0.0637532
0.422826	-0.063772
0.422671	-0.0637905
0.422703	-0.0638151
0.422466	-0.0638394
0.422314	-0.0638619
0.42235	-0.0638895
0.422007	-0.0639111
0.422007	-0.0639332
0.421905	-0.063956
0.421792	-0.0639795
0.421555	-0.0639982
0.421629	-0.0640213
0.421544	-0.0640492
0.421336	-0.0640766
0.421167	-0.0641016
0.42105	-0.0641243
0.421156	-0.0641549
0.421015	-0.0641902
0.420768	-0.0642236
0.420669	-0.0642563
0.420609	-0.0642904
0.420316	-0.064318
0.420457	-0.0643513
0.420252	-0.064385
0.420167	-0.0644203
0.419899	-0.06445
0.419969	-0.0644834
0.419818	-0.0645176
0.419733	-0.0645538
0.419514	-0.0645869
0.419429	-0.0646187
0.419242	-0.0646462
0.419136	-0.0646706
0.419133	-0.0646971
0.419012	-0.0647249
0.418843	-0.0647512
0.418949	-0.0647859
0.418709	-0.0648214
0.41861	-0.0648583
0.418486	-0.0648959
0.418299	-0.0649305
0.418324	-0.0649688
0.418144	-0.0650067
0.417886	-0.0650382
0.417861	-0.0650683
0.417794	-0.065099
0.41755	-0.0651244
0.417596	-0.0651525
0.417317	-0.0651753
0.41731	-0.0651986
0.417113	-0.0652185
0.417063	-0.0652385
0.417014	-0.0652611
0.416925	-0.0652869
0.416795	-0.0653143
0.416583	-0.0653389
0.416551	-0.0653647
0.416265	-0.0653838
0.416265	-0.0654026
0.416223	-0.065424
0.416106	-0.0654473
0.41611	-0.0654771
0.415781	-0.0655026
0.415689	-0.0655257
0.415735	-0.0655538
0.415502	-0.0655803
0.415432	-0.0656075
0.415259	-0.0656325
0.415326	-0.0656634
0.415064	-0.0656924
0.414997	-0.0657219
0.414842	-0.0657499
0.41486	-0.0657821
0.41486	-0.0658223
0.41457	-0.065861
0.414453	-0.0658985
0.414199	-0.0659286
0.414121	-0.0659542
0.414196	-0.0659842
0.414054	-0.0660161
0.413779	-0.0660423
0.413691	-0.0660651
0.413627	-0.0660872
0.413373	-0.0661024
0.413373	-0.066117
0.413306	-0.066133
0.413232	-0.0661516
0.412984	-0.0661664
0.41296	-0.0661822
0.412801	-0.0661966
0.412818	-0.0662155
0.412561	-0.0662315
0.412522	-0.0662487
0.412275	-0.0662607
0.412359	-0.0662774
0.412123	-0.066292
0.412052	-0.066307
0.41196	-0.0663231
0.411971	-0.0663454
0.41183	-0.066371
0.41171	-0.0663992
0.411536	-0.0664265
0.411356	-0.0664503
0.411307	-0.0664739
0.411056	-0.0664911
0.411169	-0.066513
0.41088	-0.0665305
0.410866	-0.0665491
0.410728	-0.066567
0.410724	-0.0665892
0.410629	-0.0666152
0.410413	-0.0666398
0.410442	-0.0666693
0.41018	-0.066696
0.410064	-0.0667203
0.410057	-0.066747
0.409969	-0.0667764
0.409803	-0.0668054
0.409577	-0.0668292
0.409513	-0.0668508
0.409524	-0.0668756
0.409495	-0.0669065
0.409185	-0.0669333
0.409125	-0.0669592
0.409064	-0.0669864
0.408722	-0.0670044
0.408786	-0.0670228
0.408651	-0.0670401
0.40856	-0.0670574
0.408347	-0.0670702
0.408365	-0.067085
0.408256	-0.0671012
0.408146	-0.0671188
0.407899	-0.0671313
0.40785	-0.0671428
0.407818	-0.0671565
0.407564	-0.0671658
0.407412	-0.0671699
0.407408	-0.0671746
0.407345	-0.0671816
0.407172	-0.0671878
0.407013	-0.0671914
0.406878	-0.067192
0.406981	-0.0671994
0.406716	-0.0672054
0.406893	-0.0672229
0.406564	-0.06724
0.40655	-0.0672611
0.406299	-0.0672792
0.406218	-0.0672963
0.406183	-0.0673156
0.406169	-0.0673408
0.405957	-0.067366
0.405745	-0.0673868
0.405787	-0.0674109
0.405586	-0.0674331
0.405484	-0.0674543
0.405349	-0.0674735
0.405134	-0.0674864
0.405254	-0.0675042
0.405024	-0.0675205
0.404922	-0.0675359
0.404904	-0.0675545
0.404915	-0.0675808
0.404696	-0.0676082
0.404555	-0.0676352
0.404463	-0.0676626
0.40424	-0.0676852
0.40423	-0.0677082
0.404184	-0.0677341
0.403863	-0.0677528
0.40382	-0.0677689
0.403771	-0.0677853
0.403651	-0.0678012
0.403658	-0.0678217
0.403524	-0.0678446
0.403315	-0.0678652
0.403315	-0.0678886
0.403022	-0.067906
0.402969	-0.0679212
0.402948	-0.0679383
0.402906	-0.0679595
0.402807	-0.0679843
0.402828	-0.0680175
0.402471	-0.0680466
0.402542	-0.0680801
0.402358	-0.0681136
0.402164	-0.0681433
0.402107	-0.068172
0.402012	-0.0682003
0.401765	-0.0682221
0.401765	-0.0682433
0.401708	-0.0682659
0.401613	-0.0682902
0.401525	-0.0683164
0.401249	-0.068337
0.401331	-0.0683611
0.401235	-0.0683884
0.401154	-0.0684191
0.400928	-0.0684474
0.400776	-0.0684718
0.400776	-0.0684977
0.400617	-0.0685221
0.40048	-0.0685442
0.400398	-0.0685653
0.400236	-0.0685831
0.400038	-0.0685945
0.400073	-0.0686067
0.400035	-0.0686225
0.399939	-0.0686415
0.399664	-0.0686557
0.3996	-0.0686683
0.399505	-0.0686798
0.399498	-0.0686948
0.399399	-0.0687128
0.399219	-0.06873
0.399109	-0.0687466
0.399095	-0.0687665
0.399056	-0.0687919
0.398848	-0.0688172
0.398675	-0.0688396
0.398601	-0.068861
0.398428	-0.0688785
0.398407	-0.0688967
0.39835	-0.0689173
0.398251	-0.0689401
0.398029	-0.0689595
0.397884	-0.0689747
0.397827	-0.0689886
0.397813	-0.0690052
0.397566	-0.0690179
0.397527	-0.0690304
0.397411	-0.0690422
0.397213	-0.0690495
0.397368	-0.0690646
0.397142	-0.0690804
0.396994	-0.0690952
0.396835	-0.0691068
0.396715	-0.0691153
0.396595	-0.0691207
0.39656	-0.0691267
0.396496	-0.069135
0.396295	-0.0691408
0.396214	-0.0691461
0.396281	-0.0691582
0.396132	-0.0691739
0.396012	-0.0691918
0.395942	-0.0692131
0.395751	-0.0692334
0.395592	-0.0692505
0.395461	-0.0692639
0.395461	-0.069279
0.395341	-0.0692945
0.395317	-0.0693139
0.395302	-0.0693401
0.395105	-0.0693676
0.3949	-0.0693919
0.394896	-0.0694181
0.394639	-0.0694388
0.394639	-0.0694598
0.394466	-0.0694778
0.394222	-0.0694874
0.394211	-0.0694945
0.394183	-0.0695026
0.394112	-0.069513
0.394059	-0.0695275
0.393717	-0.0695348
0.393664	-0.0695391
0.393632	-0.0695438
0.393554	-0.0695501
0.393544	-0.0695617
0.39336	-0.0695741
0.393226	-0.0695859
0.393049	-0.0695942
0.392972	-0.069601
0.392954	-0.0696101
0.392862	-0.0696217
0.3927	-0.0696327
0.392587	-0.0696429
0.39258	-0.0696567
0.392513	-0.0696749
0.392442	-0.0696979
0.392297	-0.069723
0.392124	-0.0697467
0.392061	-0.069771
0.392011	-0.0697981
0.391888	-0.0698262
0.391732	-0.0698529
0.391757	-0.0698838
0.391492	-0.069911
0.391376	-0.0699346
0.39133	-0.0699577
0.391333	-0.0699847
0.391213	-0.070014
0.390948	-0.070038
0.391153	-0.0700711
0.390952	-0.0701067
0.390613	-0.0701342
0.390676	-0.0701624
0.390521	-0.0701886
0.390415	-0.070213
0.390249	-0.070233
0.390097	-0.0702473
0.390101	-0.0702617
0.390037	-0.0702775
0.389967	-0.0702959
0.389698	-0.0703092
0.389578	-0.0703176
0.389546	-0.0703254
0.389536	-0.0703363
0.389515	-0.0703533
0.38937	-0.0703733
0.389267	-0.0703956
0.389267	-0.0704242
0.389115	-0.0704556
0.389027	-0.0704896
0.38884	-0.070522
0.388731	-0.0705527
0.388568	-0.0705793
0.388441	-0.0706013
0.388434	-0.0706237
0.388367	-0.0706476
0.388282	-0.0706734
0.388021	-0.0706936
0.387971	-0.0707118
0.387862	-0.0707278
0.387869	-0.0707467
0.387763	-0.0707675
0.387593	-0.070787
0.387484	-0.070805
0.387343	-0.0708201
0.3873	-0.0708354
0.387233	-0.0708522
0.387078	-0.0708679
0.387021	-0.0708846
0.387025	-0.0709065
0.386944	-0.0709333
0.386633	-0.070955
0.386629	-0.0709769
0.386453	-0.0709955
0.386421	-0.0710144
0.386354	-0.0710349
0.386128	-0.0710512
0.386177	-0.0710707
0.38592	-0.0710857
0.385898	-0.0711008
0.385761	-0.0711141
0.385658	-0.0711261
0.385485	-0.0711337
0.385517	-0.0711437
0.385446	-0.0711568
0.385319	-0.0711712
0.385256	-0.0711882
0.385023	-0.0712016
0.385051	-0.0712178
0.38491	-0.0712343
0.384804	-0.0712508
0.384715	-0.0712679
0.384549	-0.0712824
0.384405	-0.0712932
0.3845	-0.0713093
0.384366	-0.0713279
0.384235	-0.0713474
0.384133	-0.0713674
0.383896	-0.0713818
0.383769	-0.0713909
0.383667	-0.0713954
0.383659	-0.0714003
0.383554	-0.0714051
0.383391	-0.0714074
0.383345	-0.07141
0.383179	-0.07141
0.383271	-0.0714164
0.382967	-0.071419
0.382978	-0.0714236
0.382865	-0.0714292
0.382798	-0.0714371
0.382794	-0.071451
0.382628	-0.0714667
0.382346	-0.0714762
0.382448	-0.0714896
0.382155	-0.0714975
0.382081	-0.0715023
0.382028	-0.0715066
0.381986	-0.0715129
0.381975	-0.0715247
0.381731	-0.0715346
0.381632	-0.0715432
0.381459	-0.0715476
0.381382	-0.0715497
0.381318	-0.0715515
0.381308	-0.0715568
0.381212	-0.0715651
0.381173	-0.0715786
0.381124	-0.0715981
0.380972	-0.0716203
0.380743	-0.0716391
0.380771	-0.0716606
0.380725	-0.0716863
0.380439	-0.0717073
0.380502	-0.0717316
0.380206	-0.0717496
0.3801	-0.0717625
0.380061	-0.0717738
0.37999	-0.0717848
0.379944	-0.0717979
0.379916	-0.0718156
0.379602	-0.0718276
0.379722	-0.0718446
0.379567	-0.071863
0.379524	-0.0718849
0.379242	-0.0719016
0.379249	-0.0719187
0.379238	-0.0719399
0.379093	-0.071962
0.379023	-0.0719861
0.378839	-0.072008
0.378708	-0.0720267
0.378652	-0.0720446
0.378412	-0.0720556
0.378412	-0.0720654
0.378387	-0.0720772
0.378274	-0.0720898
0.378242	-0.072106
0.377988	-0.0721183
0.377928	-0.0721292
0.37785	-0.0721398
0.377847	-0.0721542
0.37772	-0.0721701
0.377585	-0.0721859
0.377593	-0.072206
0.37755	-0.0722318
0.377197	-0.072251
0.377218	-0.0722702
0.377169	-0.0722913
0.376978	-0.0723098
0.377027	-0.0723324
0.376741	-0.0723501
0.376777	-0.0723696
0.376681	-0.0723905
0.376512	-0.0724092
0.376357	-0.0724237
0.376296	-0.0724364
0.376205	-0.0724479
0.376318	-0.0724673
0.375933	-0.0724804
0.376025	-0.072497
0.375841	-0.0725122
0.375809	-0.0725294
0.375777	-0.0725507
0.375791	-0.0725799
0.375604	-0.0726115
0.37546	-0.0726429
0.375357	-0.0726737
0.375364	-0.0727085
0.375304	-0.0727475
0.375121	-0.0727861
0.374951	-0.072821
0.374965	-0.0728577
0.3747	-0.072888
0.374658	-0.0729156
0.3747	-0.0729467
0.374375	-0.0729705
0.374407	-0.072994
0.374266	-0.073015
0.374234	-0.0730367
0.373994	-0.0730527
0.373899	-0.0730641
0.37405	-0.0730825
0.37387	-0.0731025
0.373764	-0.0731235
0.373651	-0.0731444
0.373563	-0.0731656
0.373447	-0.073186
0.373408	-0.0732082
0.373362	-0.0732338
0.373249	-0.0732612
0.373016	-0.0732841
0.372959	-0.073305
0.372853	-0.0733239
0.372694	-0.0733381
0.372599	-0.0733488
0.372631	-0.073362
0.3725	-0.0733754
0.37237	-0.0733877
0.372189	-0.0733953
0.372122	-0.0734006
0.372196	-0.0734112
0.372098	-0.0734258
0.371956	-0.0734416
0.371812	-0.0734564
0.37179	-0.0734735
0.371741	-0.0734943
0.37142	-0.0735082
0.371589	-0.0735283
0.371384	-0.0735481
0.371225	-0.0735651
0.371208	-0.0735832
0.37095	-0.0735949
0.371137	-0.0736138
0.370907	-0.0736323
0.370791	-0.0736497
0.37071	-0.0736667
0.370565	-0.0736812
0.370526	-0.0736961
0.370523	-0.0737151
0.370222	-0.0737284
0.370381	-0.0737482
0.370261	-0.0737719
0.370028	-0.0737926
0.369975	-0.0738128
0.369785	-0.0738283
0.369972	-0.0738522
0.369664	-0.0738733
0.369559	-0.0738918
0.369332	-0.0739024
0.369301	-0.0739096
0.369297	-0.0739176
0.369145	-0.0739239
0.369159	-0.0739335
0.369061	-0.0739454
0.368888	-0.0739558
0.368764	-0.0739639
0.368725	-0.0739725
0.368729	-0.0739856
0.36846	-0.0739948
0.368478	-0.0740058
0.368386	-0.0740183
0.368337	-0.0740338
0.368082	-0.0740448
0.368238	-0.0740631
0.368061	-0.0740833
0.36798	-0.0741057
0.367856	-0.0741284
0.367757	-0.0741511
0.367644	-0.0741729
0.367634	-0.0741975
0.367553	-0.0742245
0.367447	-0.0742529
0.367507	-0.0742889
0.367168	-0.0743201
0.367058	-0.0743468
0.367104	-0.0743758
0.367062	-0.0744083
0.366906	-0.0744409
0.366684	-0.0744679
0.366698	-0.0744949
0.366486	-0.0745165
0.366444	-0.074536
0.366433	-0.0745571
0.366048	-0.0745669
0.366257	-0.0745806
0.366031	-0.0745915
0.365985	-0.0746022
0.365886	-0.0746125
0.365872	-0.0746258
0.36561	-0.0746342
0.365822	-0.0746519
0.36555	-0.0746691
0.365536	-0.0746894
0.365441	-0.0747119
0.365441	-0.0747402
0.365261	-0.074769
0.365165	-0.0747982
0.36507	-0.0748274
0.364851	-0.074851
0.364773	-0.0748707
0.364682	-0.0748872
0.364728	-0.0749069
0.36465	-0.0749296
0.364519	-0.0749529
0.364413	-0.0749762
0.364258	-0.0749966
0.364205	-0.0750162
0.364212	-0.0750395
0.363912	-0.0750565
0.363845	-0.0750697
0.363891	-0.0750856
0.363809	-0.075104
0.363682	-0.0751228
0.363548	-0.0751401
0.363477	-0.075157
0.363456	-0.0751767
0.363393	-0.0751995
0.363174	-0.0752195
0.363308	-0.0752467
0.363018	-0.0752711
0.362997	-0.0752962
0.362976	-0.0753248
0.362817	-0.075353
0.362725	-0.0753809
0.362655	-0.0754092
0.36269	-0.0754432
0.362316	-0.0754692
0.362323	-0.0754932
0.362234	-0.0755155
0.362206	-0.0755389
0.362174	-0.0755656
0.361991	-0.0755908
0.361895	-0.0756146
0.361917	-0.075642
0.361849	-0.075673
0.361691	-0.0757038
0.361507	-0.0757305
0.361422	-0.075754
0.361369	-0.0757764
0.361337	-0.0758003
0.361348	-0.0758296
0.361193	-0.0758602
0.361051	-0.0758896
0.360938	-0.0759171
0.360794	-0.0759405
0.360681	-0.0759595
0.360659	-0.0759779
0.360624	-0.0759981
0.360546	-0.07602
0.360447	-0.0760429
0.360504	-0.0760729
0.360151	-0.0760969
0.360098	-0.076118
0.360108	-0.0761409
0.359844	-0.0761574
0.359893	-0.076175
0.359741	-0.0761905
0.359678	-0.0762056
0.35978	-0.0762285
0.359423	-0.0762459
0.359413	-0.0762626
0.35936	-0.0762801
0.35924	-0.0762969
0.359035	-0.0763082
0.358971	-0.0763163
0.358887	-0.076322
0.358975	-0.0763334
0.358618	-0.0763377
0.358809	-0.0763488
0.358608	-0.0763601
0.35847	-0.0763699
0.358562	-0.0763861
0.358442	-0.0764061
0.3583	-0.0764268
0.358043	-0.0764411
0.358046	-0.0764541
0.358191	-0.0764761
0.357912	-0.0764968
0.357735	-0.076513
0.357682	-0.0765271
0.3577	-0.076544
0.357576	-0.0765647
0.35734	-0.076579
0.357368	-0.0765932
0.357124	-0.0766007
0.357195	-0.0766096
0.357202	-0.0766236
0.356849	-0.0766304
0.356796	-0.0766331
0.356792	-0.0766363
0.35674	-0.0766413
0.356521	-0.0766423
0.35651	-0.0766436
0.356506	-0.0766487
0.356182	-0.0766469
0.356365	-0.0766515
0.356107	-0.0766537
0.356196	-0.0766619
0.355945	-0.0766679
0.355945	-0.0766761
0.355878	-0.0766869
0.355687	-0.0766955
0.355631	-0.0767039
0.355595	-0.0767142
0.355535	-0.0767274
0.355525	-0.0767462
0.355422	-0.0767688
0.355122	-0.0767853
0.355182	-0.0768035
0.355051	-0.0768209
0.355136	-0.0768452
0.354861	-0.0768667
0.354702	-0.076883
0.354755	-0.0769012
0.354501	-0.0769136
0.354561	-0.0769277
0.354695	-0.0769526
0.354306	-0.0769731
0.354282	-0.0769928
0.354278	-0.0770156
0.354186	-0.0770403
0.354059	-0.0770649
0.353943	-0.0770881
0.353872	-0.0771108
0.353703	-0.0771294
0.353625	-0.0771453
0.353614	-0.0771621
0.353593	-0.0771823
0.353469	-0.0772037
0.353346	-0.0772244
0.353187	-0.0772415
0.353127	-0.0772568
0.353056	-0.0772714
0.353056	-0.077289
0.353053	-0.0773125
0.352685	-0.0773286
0.352668	-0.077342
0.352615	-0.0773546
0.352753	-0.0773761
0.352392	-0.0773927
0.352385	-0.0774091
0.352343	-0.0774272
0.352226	-0.0774452
0.352096	-0.0774612
0.351997	-0.0774752
0.351969	-0.07749
0.35193	-0.0775074
0.35163	-0.0775177
0.351661	-0.0775276
0.351637	-0.0775396
0.351538	-0.0775529
0.351471	-0.0775679
0.351223	-0.0775774
0.351393	-0.0775937
0.351266	-0.0776135
0.351118	-0.0776333
0.351015	-0.0776526
0.350877	-0.0776691
0.350877	-0.0776872
0.350722	-0.0777034
0.350715	-0.0777215
0.35063	-0.0777411
0.350549	-0.077762
0.350341	-0.0777787
0.350252	-0.077792
0.350178	-0.0778031
0.35015	-0.0778147
0.349896	-0.0778196
0.349991	-0.077827
0.349867	-0.0778346
0.349818	-0.0778441
0.349864	-0.0778608
0.349638	-0.077877
0.349468	-0.0778896
0.349571	-0.0779073
0.349419	-0.077926
0.349359	-0.0779467
0.349317	-0.0779708
0.349048	-0.0779897
0.349016	-0.0780068
0.348907	-0.0780214
0.3489	-0.0780372
0.348872	-0.0780563
0.34873	-0.0780756
0.348621	-0.0780941
0.348624	-0.0781157
0.348465	-0.0781365
0.348441	-0.0781593
0.348349	-0.0781832
0.348197	-0.078205
0.348116	-0.0782255
0.348204	-0.0782521
0.348105	-0.0782828
0.347802	-0.0783073
0.347858	-0.078333
0.347787	-0.0783601
0.347671	-0.0783867
0.347498	-0.0784091
0.347643	-0.078438
0.347537	-0.0784707
0.347381	-0.0785035
0.347219	-0.0785329
0.347212	-0.0785628
0.346954	-0.0785855
0.346894	-0.0786034
0.346859	-0.0786195
0.346883	-0.0786387
0.346558	-0.0786499
0.346548	-0.0786581
0.346516	-0.0786661
0.346417	-0.0786731
0.346403	-0.0786826
0.346131	-0.0786859
0.346085	-0.0786862
0.345972	-0.0786828
0.345997	-0.0786813
0.346032	-0.0786865
0.345979	-0.0786983
0.345714	-0.0787077
0.345591	-0.0787139
0.345545	-0.0787192
0.34564	-0.0787314
0.345386	-0.0787417
0.345375	-0.0787539
0.345224	-0.0787646
0.345118	-0.0787734
0.345012	-0.0787796
0.345111	-0.0787917
0.344976	-0.0788061
0.34486	-0.0788212
0.344793	-0.0788375
0.344644	-0.0788521
0.344436	-0.0788599
0.344376	-0.0788634
0.344305	-0.078864
0.344291	-0.0788654
0.344284	-0.0788706
0.344147	-0.0788766
0.344019	-0.0788815
0.344026	-0.0788896
0.343871	-0.0788971
0.343942	-0.0789109
0.343617	-0.0789192
0.343786	-0.0789343
0.343613	-0.0789508
0.343507	-0.0789674
0.343345	-0.0789808
0.343218	-0.0789898
0.343126	-0.0789949
0.343228	-0.0790049
0.343031	-0.0790137
0.34278	-0.0790146
0.342836	-0.0790153
0.34273	-0.0790148
0.342667	-0.0790142
0.342483	-0.0790095
0.342367	-0.0790002
0.342356	-0.0789905
0.342353	-0.0789839
0.342264	-0.0789797
0.342254	-0.0789809
0.342211	-0.078988
0.34195	-0.0789924
0.34195	-0.0789984
0.341918	-0.079008
0.341833	-0.0790202
0.341788	-0.0790363
0.341569	-0.0790495
0.34172	-0.0790707
0.341463	-0.0790904
0.341509	-0.0791147
0.341208	-0.0791331
0.341339	-0.0791561
0.341099	-0.0791756
0.340986	-0.0791912
0.340972	-0.0792064
0.340873	-0.0792207
0.340714	-0.0792307
0.340785	-0.0792441
0.340718	-0.0792606
0.340573	-0.079277
0.340523	-0.0792946
0.34035	-0.0793093
0.340266	-0.0793216
0.340145	-0.0793304
0.34011	-0.0793383
0.340107	-0.079349
0.340025	-0.0793617
0.339905	-0.0793745
0.33976	-0.0793848
0.339729	-0.0793952
0.33963	-0.079405
0.339718	-0.0794216
0.339623	-0.0794429
0.339457	-0.0794644
0.339344	-0.0794848
0.339308	-0.0795062
0.339107	-0.0795232
0.339255	-0.0795466
0.338934	-0.0795645
0.339037	-0.0795861
0.33886	-0.0796063
0.338789	-0.0796258
0.338828	-0.07965
0.338532	-0.0796685
0.338648	-0.0796909
0.338468	-0.0797121
0.338482	-0.0797364
0.338298	-0.0797586
0.338217	-0.0797791
0.338224	-0.0798021
0.338193	-0.0798288
0.338168	-0.079861
0.337839	-0.0798867
0.337832	-0.0799105
0.337832	-0.079936
0.337762	-0.0799632
0.337786	-0.0799961
0.337504	-0.0800248
0.337423	-0.0800501
0.337557	-0.0800817
0.337253	-0.0801085
0.337288	-0.0801366
0.336935	-0.0801537
0.337073	-0.0801715
0.336985	-0.0801892
0.336858	-0.0802049
0.336967	-0.080227
0.336607	-0.0802422
0.336766	-0.0802622
0.336688	-0.080286
0.336473	-0.0803069
0.336423	-0.080327
0.336321	-0.0803453
0.336416	-0.0803697
0.336236	-0.0803945
0.336031	-0.0804143
0.336113	-0.080437
0.335989	-0.08046
0.335837	-0.0804801
0.335678	-0.0804945
0.335565	-0.0805029
0.335682	-0.080515
0.335572	-0.0805285
0.335512	-0.080544
0.335212	-0.0805519
0.335307	-0.0805612
0.335194	-0.0805701
0.335078	-0.0805773
0.335237	-0.0805933
0.335032	-0.0806109
0.33488	-0.0806268
0.334799	-0.0806413
0.334746	-0.0806559
0.334502	-0.0806634
0.334506	-0.080669
0.334361	-0.0806702
0.334322	-0.0806698
0.33441	-0.0806752
0.334273	-0.0806829
0.3341	-0.0806885
0.334075	-0.0806949
0.333955	-0.0807002
0.33404	-0.0807119
0.333718	-0.0807182
0.333641	-0.0807205
0.333605	-0.0807215
0.333446	-0.0807182
0.333503	-0.0807173
0.333337	-0.0807147
0.333196	-0.0807083
0.333189	-0.0807022
0.333266	-0.080703
0.333068	-0.0807043
0.333153	-0.0807134
0.333019	-0.0807263
0.332853	-0.0807386
0.332804	-0.0807519
0.332641	-0.0807624
0.332761	-0.0807792
0.332648	-0.0807995
0.332397	-0.0808152
0.332369	-0.0808295
0.332274	-0.080842
0.3322	-0.0808532
0.33221	-0.0808671
0.331963	-0.080876
0.331949	-0.0808838
0.331931	-0.0808932
0.331787	-0.0809011
0.331769	-0.0809105
0.331797	-0.0809257
0.331525	-0.0809372
0.331529	-0.0809494
0.331306	-0.0809559
0.331391	-0.0809651
0.331193	-0.0809712
0.331123	-0.0809753
0.331024	-0.0809769
0.330992	-0.0809786
0.330822	-0.0809766
0.330996	-0.0809825
0.330847	-0.0809916
0.330699	-0.0810006
0.330635	-0.0810101
0.330547	-0.0810196
0.330533	-0.0810321
0.330522	-0.0810496
0.330173	-0.0810597
0.330279	-0.0810718
0.330233	-0.0810873
0.33	-0.0810983
0.330123	-0.0811146
0.329862	-0.081127
0.329862	-0.0811398
0.329629	-0.0811462
0.329491	-0.0811451
0.329502	-0.0811418
0.329541	-0.0811418
0.329463	-0.0811444
0.329382	-0.0811491
0.329311	-0.0811559
0.329297	-0.0811672
0.329036	-0.0811742
0.329138	-0.0811858
0.328908	-0.0811943
0.329018	-0.0812087
0.328877	-0.0812248
0.3287	-0.0812381
0.328629	-0.0812496
0.328541	-0.0812592
0.328605	-0.0812733
0.328471	-0.0812884
0.328432	-0.0813061
0.328312	-0.0813239
0.328195	-0.0813403
0.328192	-0.0813586
0.328174	-0.0813809
0.327937	-0.0813995
0.328061	-0.0814238
0.327966	-0.0814517
0.327757	-0.0814767
0.327764	-0.0815031
0.32763	-0.081528
0.327627	-0.0815547
0.327634	-0.0815863
0.327348	-0.0816127
0.327376	-0.0816394
0.32727	-0.081665
0.327153	-0.0816879
0.326998	-0.0817051
0.326938	-0.0817185
0.326931	-0.0817317
0.32692	-0.0817476
0.326839	-0.0817652
0.326518	-0.0817739
0.326535	-0.0817796
0.326521	-0.0817855
0.326426	-0.0817908
0.326387	-0.0817972
0.326369	-0.0818071
0.326373	-0.0818233
0.326288	-0.0818441
0.325967	-0.0818581
0.325953	-0.0818696
0.325946	-0.081882
0.325776	-0.081891
0.32579	-0.0819012
0.325603	-0.0819076
0.325547	-0.081912
0.325656	-0.0819227
0.32554	-0.0819366
0.325487	-0.0819542
0.325282	-0.0819693
0.325282	-0.0819856
0.325197	-0.0820026
0.325239	-0.0820251
0.32489	-0.0820402
0.324978	-0.0820566
0.324967	-0.0820766
0.324812	-0.0820961
0.324727	-0.0821147
0.324593	-0.0821302
0.324448	-0.0821402
0.324399	-0.082147
0.324484	-0.082158
0.324424	-0.082173
0.324311	-0.0821896
0.324141	-0.0822035
0.324074	-0.0822157
0.323954	-0.0822246
0.324053	-0.0822384
0.323954	-0.082255
0.323908	-0.0822751
0.323633	-0.0822894
0.323636	-0.0823027
0.323573	-0.0823155
0.323513	-0.0823286
0.323364	-0.0823388
0.323456	-0.0823539
0.323128	-0.082362
0.323262	-0.0823736
0.323177	-0.0823875
0.323078	-0.0824022
0.323156	-0.0824242
0.322817	-0.0824406
0.322736	-0.0824524
0.322654	-0.0824604
0.32275	-0.0824724
0.322389	-0.0824754
0.3224	-0.0824752
0.322393	-0.0824752
0.322312	-0.0824752
0.322435	-0.0824839
0.322234	-0.0824939
0.322241	-0.0825088
0.322047	-0.0825225
0.32199	-0.0825361
0.321923	-0.0825499
0.321839	-0.0825636
0.321821	-0.0825795
0.321538	-0.0825883
0.321503	-0.0825933
0.321538	-0.0825999
0.321485	-0.0826087
0.321436	-0.0826203
0.32127	-0.0826303
0.321115	-0.0826358
0.32109	-0.0826398
0.321139	-0.0826479
0.32091	-0.0826527
0.321058	-0.0826645
0.32073	-0.082671
0.320723	-0.0826764
0.320702	-0.0826831
0.320709	-0.0826944
0.320564	-0.0827064
0.320447	-0.0827172
0.320543	-0.0827344
0.320384	-0.082753
0.320377	-0.0827756
0.320136	-0.0827943
0.320158	-0.082814
0.319953	-0.0828287
0.319833	-0.0828376
0.319886	-0.0828473
0.319882	-0.0828605
0.319826	-0.0828772
0.319473	-0.0828848
0.319596	-0.0828939
0.319476	-0.0829019
0.319398	-0.082909
0.319317	-0.0829152
0.31931	-0.0829234
0.319307	-0.0829364
0.319307	-0.0829566
0.319059	-0.0829747
0.318908	-0.0829882
0.318946	-0.0830027
0.318766	-0.0830133
0.318798	-0.0830255
0.318643	-0.0830353
0.31865	-0.0830468
0.31865	-0.0830626
0.318491	-0.0830783
0.318505	-0.0830978
0.318325	-0.0831155
0.318254	-0.0831321
0.318166	-0.0831471
0.318184	-0.0831647
0.31812	-0.0831847
0.318056	-0.0832069
0.317883	-0.0832267
