Prel transmission
1.00161	0.971209
1.00161	0.974628
1.00108	0.969991
1.00108	0.971367
1.00111	0.971992
1.0011	0.970323
1.00107	0.96386
1.00096	0.966657
1.00105	0.969781
1.00104	0.973269
1.001	0.978752
1.00105	0.984631
1.00095	0.979499
1.00104	0.959313
1.00104	0.956381
1.00105	0.963264
1.00097	0.964777
1.00103	0.952802
1.00101	0.955415
1.00097	0.959661
1.00099	0.976235
1.00101	0.977988
1.00091	0.983276
1.00092	0.981355
1.00093	0.982937
1.00081	0.985597
1.00084	0.987314
1.0009	0.988163
1.00082	0.98645
1.00068	0.98338
1.0007	0.98476
1.00076	0.985634
1.00071	0.984171
1.00065	0.971994
1.00065	0.98178
1.00064	0.982979
1.00062	0.974301
1.00057	0.975884
1.0005	0.979935
1.00054	0.982734
1.00053	0.983453
1.0005	0.981839
1.00035	0.977562
1.0003	0.985905
1.00049	0.985022
1.00051	0.98357
1.00048	0.985573
1.00023	0.974046
1.00024	0.97357
1.00048	0.973865
1.00046	0.969499
1.00031	0.97099
1.00036	0.973412
1.00023	0.966278
1.00024	0.965894
1.00025	0.954518
1.00014	0.981683
1.00018	0.971643
1.00019	0.953467
1.00012	0.97345
1.00013	0.983269
1.00011	0.982809
1.00005	0.984902
1	0.975257
0.999919	0.980059
0.999877	0.966294
0.999852	0.971579
0.999824	0.967034
0.999827	0.967411
0.999824	0.965814
0.999834	0.965302
0.99982	0.969982
0.999665	0.974482
0.999665	0.975663
0.999739	0.974379
0.999714	0.991268
0.999668	0.99333
0.999605	0.980771
0.999449	0.976122
0.999541	0.976233
0.99946	0.989237
0.999425	0.975823
0.999375	0.977965
0.999372	0.991638
0.999273	0.968116
0.999276	0.986803
0.999209	0.972816
0.999361	0.969265
0.999185	0.970333
0.999015	0.972684
0.999033	0.973236
0.998994	0.994657
0.998994	0.975792
0.998997	0.976304
0.998997	1.00026
0.998997	0.997263
0.998948	0.996551
0.99886	1.00116
0.998849	1.00286
0.998697	1.00112
0.998669	0.983778
0.998644	0.979067
0.998595	0.986608
0.998574	0.985269
0.998581	0.985601
0.99857	0.976765
0.99857	0.98079
0.998507	0.983634
0.99851	0.989871
0.998443	0.98977
0.998439	0.976466
0.998309	0.980941
0.998206	0.986313
0.998203	0.996115
0.998175	1.00276
0.99816	1.00878
0.998023	1.00498
0.998097	0.985408
0.998005	1.00275
0.997987	0.976278
0.997931	0.977197
0.99785	0.977529
0.997744	0.99547
0.99773	1.00556
0.997645	0.981874
0.997648	1.00205
0.997634	1.019
0.997617	1.01756
0.99762	1.01167
0.997355	1.01845
0.997571	1.00763
0.997479	1.00766
0.997334	0.999958
0.997359	0.999605
0.997225	0.994904
0.997203	0.992901
0.997186	0.993236
0.996974	1.00135
0.996893	0.992786
0.996946	1.01007
0.996776	1.00749
0.996773	1.01063
0.99679	1.00717
0.996663	1.00813
0.996561	1.007
0.996497	1.00548
0.99643	1.00926
0.996398	1.03406
0.996363	1.02452
0.996215	1.01337
0.996338	1.01981
0.996091	1.02045
0.996105	1.01619
0.996066	1.0162
0.995957	1.0192
0.995865	1.01771
0.995791	1.01587
0.99571	1.00881
0.995681	0.995005
0.995551	1.02316
0.99554	1.01733
0.995501	1.0306
0.995459	1.02954
0.995275	1.01675
0.995205	1.01338
0.995127	1.01301
0.995127	1.01561
0.995056	1.0426
0.994873	1.04189
0.994827	1.04345
0.994756	1.04227
0.994714	1.04048
0.994509	1.03067
0.994442	1.04003
0.994467	1.02496
0.994318	1.02524
0.994205	1.03369
0.99405	1.04552
0.994043	1.04329
0.993877	1.03251
0.993863	1.03258
0.993852	1.03206
0.993563	1.02361
0.99345	1.02139
0.993457	1.02803
0.993446	1.04053
0.993192	1.03752
0.993043	1.04073
0.992962	1.04287
0.992796	1.04078
0.992782	1.03772
0.992662	1.03514
0.992542	1.03787
0.992351	1.0279
0.992291	1.02445
0.992206	1.00771
0.991988	1.01909
0.991836	1.03003
0.991793	1.03739
0.991528	1.03419
0.991521	1.03217
0.991394	1.02598
0.991126	1.01961
0.990978	1.02913
0.991006	1.008
0.990766	1.03377
0.990607	1.03668
0.990529	1.01261
0.990292	1.01601
0.990208	1.01569
0.989939	1.01672
0.989802	1.01414
0.989724	1.03116
0.989537	1.02612
0.989286	1.00936
0.989187	1.01443
0.989018	1.02413
0.988912	1.02376
0.98877	1.03083
0.988477	1.02139
0.988357	1.03
0.988061	1.03682
0.98782	1.02478
0.987771	1.01373
0.987623	1.02014
0.987379	1.01701
0.987206	1.01897
0.986969	1.03521
0.98674	0.999393
0.986461	1.02495
0.986157	1.02009
0.986129	1.02429
0.985836	1.0351
0.985691	1.02619
0.985401	1.02789
0.985186	1.01922
0.984914	1.01698
0.984681	1.01703
0.984324	1.03309
0.984278	1.01598
0.983925	1.01497
0.983879	1.00965
0.983523	1.02672
0.983244	1.00959
0.983011	1.01074
0.982813	1.01252
0.982456	1.00717
0.982223	1.01557
0.981979	1.01094
0.981633	1.00582
0.981503	1.00697
0.98103	1.00484
0.980941	1.01291
0.980574	1.00427
0.980397	1.00959
0.979974	1.01682
0.97973	1.03139
0.979402	1.02904
0.979289	1.0312
0.978822	1.0085
0.978593	1.0059
0.978194	0.999039
0.978014	0.997373
0.977699	1.00766
0.977353	1.00426
0.976937	1.02039
0.976824	1.01914
0.976449	1.00957
0.976206	1.01219
0.975736	1.00996
0.975588	1.01168
0.975199	1.01386
0.974899	1.01683
0.974518	1.00688
0.974334	0.993606
0.973938	1.00477
0.973631	1.02155
0.973306	1.01835
0.972854	1.00458
0.972685	1.01066
0.972272	1.00409
0.971926	1.01065
0.971491	0.986839
0.971269	1.01551
0.971018	1.01746
0.970605	1.00232
0.97016	1.00727
0.969909	1.01113
0.969556	1.01876
0.969284	1.02134
0.968853	1.00657
0.968535	1.00911
0.968122	1.00037
0.967762	1.01001
0.967395	1.00399
0.967024	1.02698
0.966554	1.01868
0.966275	1.01632
0.966113	1.01564
0.965739	1.0175
0.96523	1.02306
0.96505	1.01621
0.964495	1.01141
0.964195	1.00947
0.963902	0.995705
0.9635	0.991
0.963182	0.991235
0.962825	0.990437
0.962394	0.995877
0.962062	0.996577
0.961596	1.00107
0.961275	1.00221
0.961028	1.0021
0.960607	1.00493
0.960198	0.997908
0.959788	0.994209
0.959474	1.01817
0.959117	1.01989
0.958676	1.01649
0.958369	1.00981
0.958121	1.01833
0.957542	1.01682
0.957316	1.02455
0.95685	1.00601
0.956447	1.02725
0.95607	1.00838
0.955787	1.01643
0.95536	1.01323
0.954982	1.01866
0.954537	1.01443
0.954127	1.00817
0.953721	1.00234
0.953576	0.992039
0.952994	0.991059
0.952524	1.00265
0.95233	1.02026
0.951959	0.997821
0.951578	1.02121
0.951101	0.998752
0.950776	1.00103
0.950391	1.02204
0.94996	1.01205
0.949614	0.987783
0.94907	1.01071
0.94877	0.995611
0.94841	1.00185
0.947958	1.0105
0.947573	1.01162
0.947273	1.01514
0.946725	1.02027
0.946517	1.01957
0.946139	1.01999
0.94574	1.02238
0.945285	1.0223
0.944999	1.01853
0.944684	1.02084
0.944165	1.01798
0.943766	1.00424
0.943424	0.998806
0.942943	1.0019
0.942601	1.01086
0.942191	1.01587
0.941778	1.01657
0.941457	1.01912
0.941185	1.00957
0.940545	0.998961
0.940277	0.989225
0.939934	0.998132
0.939369	0.989781
0.93914	1.00379
0.938688	0.975771
0.938285	0.96046
0.93802	0.926035
0.937607	0.888471
0.937473	0.84079
0.93706	0.786949
0.937056	0.736219
0.936661	0.689993
0.936636	0.623457
0.936294	0.557839
0.935976	0.503042
0.935856	0.444932
0.93582	0.393216
0.935817	0.350389
0.935591	0.305971
0.935499	0.265433
0.935287	0.231793
0.935146	0.197139
0.935121	0.179227
0.935153	0.157873
0.935033	0.138389
0.935015	0.122034
0.934991	0.108372
0.934793	0.097048
0.934712	0.0862545
0.934722	0.0764456
0.934563	0.0708063
0.934563	0.0631008
0.934553	0.0574419
0.934539	0.052698
0.934546	0.0485534
0.934461	0.0447125
0.93433	0.0418446
0.934302	0.0408913
0.934196	0.0378687
0.934207	0.0369241
0.934143	0.0346474
0.93415	0.0331636
0.934154	0.0319887
0.934136	0.0309673
0.934147	0.0296472
0.933981	0.0295869
0.933942	0.0282518
0.933917	0.0276157
0.933758	0.0263628
0.933825	0.0252177
0.933769	0.0254143
0.933765	0.0251143
0.933596	0.0249445
0.93373	0.0249047
0.933737	0.024619
0.933578	0.0247514
0.93374	0.024188
0.933476	0.0240255
0.933476	0.0239478
0.933479	0.0237662
0.93349	0.0239617
0.93337	0.0238001
0.93349	0.0234992
0.933451	0.0232104
0.933387	0.0237439
0.93343	0.0246873
0.933468	0.024624
0.933324	0.0249914
0.933313	0.0237123
0.933352	0.0235465
0.933278	0.0247942
0.933175	0.0248602
0.933055	0.0250905
0.933112	0.0253868
0.933052	0.0253279
0.932956	0.0247269
0.933013	0.024237
0.933059	0.023912
0.933009	0.0248333
0.93308	0.0249388
0.932949	0.0243178
0.933055	0.0242469
0.932911	0.0243833
0.932971	0.0245865
0.932935	0.0245884
0.932914	0.0247354
0.93266	0.0239499
0.932911	0.0240931
0.932893	0.0242297
0.93278	0.0236492
0.932738	0.0238522
0.932685	0.0257156
0.932759	0.0266437
0.932646	0.0262278
0.932547	0.0257978
0.93261	0.026574
0.932529	0.0265366
0.932511	0.0263001
0.932469	0.0259845
0.932462	0.0256772
0.932314	0.0260987
0.932494	0.0265839
0.932328	0.0273566
0.932487	0.0274134
0.932476	0.0274216
0.932222	0.0271625
0.932232	0.0267999
0.932211	0.0261758
0.932208	0.0264311
0.932232	0.0262219
0.932222	0.0265323
0.932208	0.0267476
0.932218	0.0262372
0.932123	0.0263599
0.932134	0.0263444
0.932123	0.0269117
0.932116	0.026144
0.932049	0.0265822
0.932059	0.0265589
0.932056	0.0267389
0.932017	0.0275676
0.932045	0.0291385
0.931809	0.0290834
0.931788	0.0271689
0.931756	0.0264497
0.931805	0.0271691
0.931759	0.0286157
0.931802	0.0268559
0.931735	0.0285565
0.931816	0.0282713
0.931728	0.0284459
0.93172	0.0286668
0.93166	0.0284751
0.931671	0.0284315
0.931667	0.0282549
0.931544	0.026948
0.931572	0.0275698
0.931477	0.0264334
0.931406	0.0277739
0.931385	0.0276282
0.931452	0.027481
0.9313	0.0278738
0.931318	0.0282711
0.931212	0.0283107
0.931237	0.0274044
0.93123	0.0274845
0.931092	0.0286906
0.931007	0.0294159
0.930975	0.0266411
0.930982	0.0281263
0.931159	0.0293778
0.931067	0.0285335
0.931007	0.0273001
0.930968	0.0282464
0.930951	0.0288719
0.930965	0.029248
0.930852	0.0280266
0.930831	0.0279251
0.93082	0.0286976
0.930749	0.0288156
0.930827	0.0289746
0.930816	0.0296354
0.930806	0.0290401
0.930562	0.0298947
0.930679	0.0302
0.930562	0.0303151
0.93065	0.02996
0.930552	0.0300313
0.930506	0.0295165
0.930435	0.0305695
0.93046	0.029801
0.930424	0.0307974
0.930273	0.0308594
0.930428	0.031272
0.930244	0.0296531
0.930266	0.0293427
0.930149	0.0294913
0.93028	0.0295535
0.930167	0.0295236
0.930138	0.0299147
0.930075	0.0296672
0.930075	0.0295853
0.93005	0.0299402
0.93011	0.0297369
0.930029	0.0297167
0.930022	0.0302534
0.930001	0.0303587
0.929983	0.0303342
0.930001	0.0300393
0.929881	0.0308208
0.929987	0.0308686
0.929856	0.0306547
0.929849	0.0307362
0.929778	0.0309538
0.929725	0.031386
0.929658	0.0317178
0.92969	0.031597
0.929545	0.0311378
0.929633	0.0315704
0.929552	0.0320979
0.929591	0.0319854
0.929549	0.0326368
0.929393	0.0329799
0.929556	0.0332873
0.929542	0.0334788
0.929552	0.0336945
0.929552	0.0336752
0.929305	0.0339908
0.929291	0.0338836
0.929492	0.0343019
0.929482	0.0340035
0.929464	0.0331358
0.929365	0.033214
0.929287	0.0332583
0.929294	0.0320859
0.929298	0.0317715
0.929227	0.0342809
0.929203	0.0354735
0.929164	0.0348843
0.929203	0.0344213
0.929135	0.0344884
0.929054	0.0338803
0.929125	0.0339102
0.92898	0.0333068
0.92886	0.0331149
0.928832	0.0339507
0.928878	0.0352475
0.928864	0.0354432
0.928722	0.0350315
0.928708	0.0345671
0.928839	0.0351236
0.928782	0.0356768
0.928705	0.0353132
0.928768	0.0346363
0.928719	0.0352719
0.928683	0.0356068
0.928641	0.035483
0.928645	0.0357611
0.928457	0.0351935
0.928482	0.0342663
0.928443	0.03402
0.928454	0.0342425
0.928369	0.0347583
0.928316	0.034218
0.928327	0.0344274
0.928295	0.0344681
0.928302	0.0348603
0.928306	0.0349123
0.928295	0.0370343
0.928242	0.0371374
0.928253	0.035047
0.928228	0.0355621
0.928048	0.0376042
0.92803	0.0347934
0.928051	0.0347135
0.927988	0.0371772
0.927949	0.0346759
0.927945	0.0361831
0.92791	0.0361375
0.927772	0.0366306
0.927868	0.0356193
0.927726	0.0376796
0.927871	0.0382234
0.927649	0.0388442
0.927628	0.0387213
0.927539	0.037538
0.927606	0.0359844
0.927469	0.0374019
0.927472	0.0382385
0.927529	0.0362493
0.927515	0.0362467
0.927465	0.0370001
0.927451	0.0367185
0.927324	0.0364822
0.927236	0.0363398
0.927126	0.0377889
0.927221	0.0367891
0.927073	0.036974
0.927101	0.0375347
0.927193	0.0373847
0.927137	0.0383913
0.927002	0.0378178
0.927059	0.0383343
0.926946	0.0370086
0.926918	0.03714
0.926787	0.0365567
0.926766	0.0373553
0.926759	0.0386117
0.926642	0.0390691
0.926642	0.0390138
0.926632	0.0393246
0.92648	0.0388842
0.926628	0.0391661
0.926536	0.0401266
0.926483	0.040246
0.926462	0.0404909
0.926332	0.0399285
0.926317	0.0405707
0.926264	0.0410361
0.926211	0.0403979
0.926151	0.0399118
0.926049	0.0391614
0.926003	0.0396805
0.925911	0.0400359
0.925957	0.0399455
0.925936	0.0401409
0.925897	0.0405069
0.925918	0.0406527
0.925872	0.0413314
0.925802	0.0400182
0.925802	0.0430566
0.925763	0.0432787
0.925604	0.0422014
0.925615	0.0423988
0.925544	0.0425785
0.925523	0.0451098
0.925459	0.0456835
0.925314	0.0457431
0.92536	0.0463387
0.925262	0.0459282
0.925367	0.0456976
0.925353	0.0460895
0.925265	0.0453886
0.925099	0.0453005
0.925223	0.0452245
0.925106	0.0456043
0.925053	0.0462965
0.925021	0.0466757
0.925046	0.048662
0.924884	0.0498537
0.924997	0.0496726
0.924908	0.0507248
0.924944	0.050812
0.924947	0.0504399
0.924707	0.0517606
0.9247	0.0522835
0.924696	0.0519643
0.924682	0.0532093
0.924675	0.0537123
0.924686	0.0543685
0.924598	0.0539436
0.924548	0.0540809
0.924573	0.0548729
0.924262	0.0551756
0.924513	0.0550766
0.924492	0.0553484
0.924237	0.0564633
0.924266	0.0560627
0.924206	0.0567987
0.924124	0.0571908
0.924181	0.0580752
0.924114	0.059569
0.924114	0.0601439
0.92386	0.0603253
0.924142	0.0615881
0.9241	0.0607857
0.923934	0.0628182
0.92387	0.0619352
0.923814	0.0624119
0.923771	0.063759
0.923877	0.0619298
0.923729	0.0634211
0.923545	0.0630761
0.92381	0.0645664
0.923722	0.0654571
0.923736	0.0678414
0.923662	0.0684443
0.923581	0.0672331
0.923513	0.0681007
0.923468	0.0679243
0.9234	0.0690319
0.923348	0.0711082
0.923157	0.0700606
0.92321	0.0705048
0.923185	0.0710703
0.923069	0.0719888
0.923054	0.0724864
0.923054	0.0756658
0.922924	0.0758083
0.922934	0.0768316
0.922906	0.0780186
0.922903	0.0780648
0.922744	0.078517
0.922698	0.0789529
0.922631	0.080593
0.922648	0.0814736
0.922475	0.0807958
0.9225	0.0812093
0.922256	0.0823772
0.922493	0.0829147
0.922489	0.0848136
0.922426	0.0859709
0.922256	0.0866841
0.922341	0.0877384
0.922214	0.0908623
0.922179	0.0913849
0.922143	0.0917346
0.921995	0.0907254
0.922097	0.0963372
0.921847	0.0984043
0.92184	0.102599
0.92184	0.102048
0.921981	0.105702
0.92184	0.107044
0.921762	0.107486
0.921621	0.110534
0.921709	0.111712
0.921582	0.109296
0.92138	0.115739
0.921352	0.113703
0.921289	0.11759
0.921426	0.122269
0.921278	0.126929
0.921278	0.127919
0.921169	0.132309
0.921006	0.134122
0.921006	0.132369
0.920943	0.142369
0.920777	0.145969
0.920685	0.149969
0.920724	0.15382
0.92083	0.158037
0.920607	0.15941
0.920607	0.163699
0.920423	0.170331
0.92043	0.173344
0.920388	0.178693
0.920275	0.184321
0.92012	0.188492
0.920159	0.194862
0.920095	0.199887
0.92001	0.202088
0.920007	0.21125
0.919954	0.215253
0.919848	0.22249
0.919724	0.229385
0.919745	0.235431
0.91959	0.240681
0.919601	0.24677
0.919597	0.251307
0.919353	0.260285
0.919276	0.26631
0.919198	0.273148
0.919152	0.279788
0.919177	0.28738
0.918937	0.292703
0.918848	0.303751
0.918841	0.30738
0.918757	0.31639
0.9187	0.324847
0.91858	0.334376
0.918428	0.337729
0.918386	0.348768
0.91835	0.357476
0.918336	0.367066
0.91817	0.372
0.918011	0.377832
0.918047	0.388365
0.917672	0.394689
0.91768	0.403202
0.917722	0.409717
0.917619	0.413801
0.917439	0.422297
0.917242	0.431206
0.917097	0.441473
0.917097	0.455365
0.917086	0.456741
0.916973	0.470035
0.916726	0.473838
0.916673	0.489548
0.916677	0.501237
0.916542	0.507293
0.916387	0.518148
0.91621	0.521626
0.916225	0.529651
0.915974	0.540874
0.915928	0.549114
0.915667	0.540224
0.91555	0.552976
0.915328	0.563143
0.915405	0.571183
0.915144	0.578652
0.914982	0.587458
0.914745	0.593073
0.914734	0.608881
0.914522	0.615719
0.91436	0.620592
0.914183	0.617823
0.91406	0.625684
0.913837	0.640236
0.913668	0.639866
0.913541	0.646395
0.913325	0.657962
0.913064	0.663181
0.912947	0.668622
0.91282	0.673872
0.912541	0.659779
0.912234	0.671077
0.912139	0.680705
0.912001	0.683214
0.911923	0.685299
0.91163	0.68787
0.911376	0.69037
0.911164	0.692644
0.910984	0.675592
0.910744	0.69423
0.910684	0.696409
0.910458	0.697352
0.910119	0.70447
0.909978	0.707135
0.909723	0.706489
0.909723	0.691624
0.909328	0.696471
0.908911	0.689505
0.908915	0.69124
0.908579	0.691534
0.908371	0.694531
0.908254	0.696617
0.907961	0.697604
0.907679	0.698186
0.907548	0.693464
0.907149	0.689004
0.906997	0.682656
0.906757	0.678195
0.906425	0.674524
0.906277	0.67882
0.906012	0.670896
0.905708	0.674223
0.905553	0.673042
0.905224	0.666317
0.905041	0.658233
0.904702	0.667135
0.904366	0.673556
0.904197	0.666091
0.903868	0.659689
0.903723	0.663733
0.90336	0.664039
0.903098	0.667814
0.902766	0.664805
0.902562	0.664831
0.902208	0.658476
0.902046	0.655768
0.901746	0.655886
0.90146	0.648433
0.901121	0.650665
0.900736	0.64049
0.900559	0.645733
0.90022	0.642302
0.899902	0.642948
0.899574	0.640966
0.899302	0.652531
0.898921	0.652399
0.898631	0.657818
0.898416	0.656294
0.898123	0.650559
0.897773	0.650596
0.897402	0.653306
0.897265	0.65587
0.896809	0.657656
0.896601	0.652905
0.896194	0.653631
0.895976	0.660175
0.895711	0.661822
0.895315	0.657625
0.89487	0.653257
0.894658	0.66918
0.894326	0.655266
0.89398	0.656581
0.893652	0.660344
0.893373	0.657854
0.893094	0.671876
0.892713	0.670752
0.892426	0.675111
0.892246	0.687243
0.891759	0.68505
0.891233	0.690688
0.891095	0.694348
0.890774	0.669058
0.890375	0.686706
0.890159	0.672486
0.889789	0.69247
0.889439	0.694183
0.889114	0.695486
0.88875	0.700276
0.888545	0.705149
0.888129	0.707941
0.887811	0.710208
0.887574	0.714647
0.88703	0.719119
0.886624	0.712807
0.886328	0.721284
0.886119	0.710679
0.88566	0.709772
0.885215	0.71534
0.884947	0.721419
0.884739	0.721247
0.8844	0.70939
0.884011	0.734769
0.883704	0.73255
0.883308	0.721513
0.882895	0.737253
0.882715	0.735846
0.882312	0.739399
0.882041	0.7234
0.881557	0.724039
0.881228	0.731829
0.880812	0.731555
0.880635	0.73189
0.880317	0.735347
0.879915	0.731777
0.879554	0.742008
0.87917	0.73541
0.87894	0.74221
0.878597	0.740014
0.878163	0.741315
0.877778	0.741588
0.877393	0.746195
0.877174	0.756452
0.876913	0.759418
0.876394	0.757828
0.876125	0.763985
0.875719	0.766018
0.875292	0.765964
0.875204	0.770156
0.874731	0.76243
0.874399	0.760469
0.873922	0.747378
0.873636	0.746511
0.873311	0.759715
0.872887	0.751631
0.872481	0.754112
0.872033	0.755606
0.871888	0.760408
0.871471	0.768994
0.871153	0.760707
0.870793	0.773561
0.870415	0.764586
0.870253	0.766977
0.869691	0.775323
0.869433	0.762013
0.869105	0.752668
0.868678	0.755439
0.868416	0.7607
0.868028	0.773563
0.867678	0.772842
0.867368	0.762948
0.866958	0.763478
0.866601	0.751826
0.866259	0.768813
0.865902	0.773438
0.865415	0.77332
0.86528	0.766551
0.86491	0.758775
0.86444	0.768492
0.864115	0.766991
0.863886	0.751581
0.863374	0.757208
0.863102	0.766588
0.862858	0.737408
0.862367	0.75844
0.862081	0.76045
0.861689	0.759736
0.861272	0.771032
0.860958	0.77402
0.860633	0.76566
0.8604	0.764812
0.859839	0.750629
0.859676	0.750194
0.859164	0.764369
0.85891	0.768514
0.858599	0.764121
0.858179	0.759887
0.857847	0.750823
0.857391	0.75497
0.857045	0.752689
0.856851	0.756428
0.856463	0.762783
0.856117	0.770022
0.855845	0.758801
0.855435	0.757269
0.855025	0.752114
0.854591	0.748353
0.854439	0.749894
0.854019	0.751586
0.853676	0.758587
0.853351	0.768782
0.852875	0.76709
0.852617	0.768923
0.852352	0.746845
0.85196	0.749531
0.851543	0.74796
0.851148	0.752887
0.850798	0.7603
0.85035	0.761367
0.850215	0.760415
0.849873	0.751676
0.84947	0.754336
0.849202	0.753945
0.848767	0.761369
0.848372	0.767705
0.848125	0.752425
0.847652	0.767416
0.847171	0.760523
0.846952	0.760356
0.846705	0.746183
0.846299	0.751824
0.845939	0.748992
0.845494	0.747107
0.845338	0.749885
0.84495	0.748287
0.84453	0.747241
0.844223	0.744524
0.843937	0.754857
0.84358	0.76739
0.84329	0.750634
0.843015	0.750512
0.842552	0.744173
0.842263	0.761171
0.841765	0.769755
0.841574	0.763443
0.841055	0.753085
0.840779	0.758598
0.840539	0.738473
0.840084	0.735165
0.839762	0.750153
0.839342	0.734077
0.839035	0.752512
0.838805	0.765325
0.83841	0.769852
0.838103	0.766094
0.837693	0.760538
0.83729	0.75832
0.836845	0.764442
0.836704	0.756117
0.836379	0.753165
0.835913	0.755743
0.835599	0.744484
0.835433	0.750368
0.834826	0.753261
0.834638	0.762142
0.834215	0.753358
0.83395	0.75033
0.833551	0.761791
0.833198	0.754107
0.83295	0.762255
0.832488	0.743144
0.832248	0.76361
0.831739	0.766063
0.831488	0.766028
0.831047	0.769659
0.830877	0.767625
0.830475	0.769612
0.830157	0.761532
0.829867	0.753202
0.829648	0.750234
0.829211	0.767444
0.828872	0.769939
0.828434	0.770161
0.828215	0.771471
0.827766	0.765014
0.827516	0.757613
0.827155	0.757825
0.826767	0.772955
0.826481	0.771501
0.826085	0.764176
0.825923	0.75292
0.825365	0.757335
0.825157	0.754421
0.824807	0.759249
0.824387	0.756744
0.824235	0.755
0.82374	0.75234
0.823377	0.753351
0.823017	0.754343
0.822603	0.754529
0.822561	0.762821
0.822028	0.771327
0.821833	0.767924
0.821328	0.765726
0.821071	0.758978
0.820749	0.757955
0.820432	0.756063
0.820061	0.762196
0.819718	0.763502
0.819386	0.764421
0.819033	0.759859
0.818796	0.775163
0.818517	0.774275
0.81809	0.760988
0.817709	0.768448
0.817493	0.766021
0.817168	0.759296
0.816776	0.744468
0.816332	0.759169
0.816081	0.762034
0.815682	0.764246
0.815526	0.7634
0.815187	0.74661
0.814749	0.758386
0.814432	0.757588
0.814269	0.756089
0.813778	0.741711
0.813524	0.754371
0.813185	0.74951
0.812895	0.751954
0.812606	0.764114
0.812171	0.750573
0.811924	0.745344
0.811462	0.752924
0.811299	0.759282
0.810731	0.75676
0.810572	0.743777
0.810169	0.747948
0.80988	0.746555
0.809654	0.747663
0.80912	0.755406
0.808969	0.767095
0.808488	0.764357
0.808181	0.771195
0.807747	0.770132
0.80762	0.765085
0.807192	0.762196
0.806892	0.765309
0.806482	0.760981
0.8062	0.748909
0.806048	0.752682
0.805571	0.746207
0.805349	0.756101
0.804816	0.761327
0.804674	0.756233
0.804226	0.754553
0.803869	0.754348
0.803516	0.760363
0.803318	0.761862
0.803008	0.768481
0.80263	0.76325
0.802337	0.759126
0.80216	0.759751
0.801517	0.757187
0.801517	0.75337
0.80103	0.757046
0.800684	0.756084
0.80044	0.759642
0.800052	0.768836
0.799713	0.766167
0.799275	0.763419
0.799038	0.74698
0.798879	0.750344
0.79847	0.758506
0.798035	0.748688
0.79776	0.751353
0.797491	0.746657
0.797202	0.745768
0.796835	0.759225
0.796545	0.746888
0.796132	0.76029
0.795832	0.765387
0.7955	0.761565
0.795228	0.764842
0.794878	0.755375
0.794592	0.763226
0.79413	0.772312
0.7939	0.760578
0.793646	0.764468
0.793215	0.769498
0.792876	0.764897
0.792608	0.739225
0.792254	0.75668
0.791915	0.739326
0.791651	0.763191
0.791184	0.761124
0.791043	0.756308
0.790778	0.770952
0.790362	0.764404
0.789963	0.760125
0.789811	0.749279
0.789465	0.749574
0.789013	0.75685
0.788864	0.756101
0.78838	0.737083
0.788214	0.752769
0.78796	0.750274
0.787554	0.753968
0.787325	0.758271
0.786915	0.754918
0.786703	0.761334
0.78624	0.743858
0.78611	0.748217
0.785675	0.76471
0.785418	0.763245
0.785255	0.767307
0.784817	0.74628
0.784584	0.752411
0.78409	0.745401
0.78374	0.745003
0.783521	0.753005
0.783186	0.755083
0.782889	0.757623
0.782532	0.761492
0.782158	0.758985
0.782031	0.759944
0.781699	0.756169
0.781385	0.757491
0.780894	0.750373
0.780707	0.755151
0.7803	0.758815
0.780046	0.767215
0.77988	0.769013
0.779502	0.761478
0.779036	0.769772
0.778824	0.769633
0.778634	0.775846
0.77821	0.754444
0.777821	0.762189
0.777557	0.750933
0.777355	0.758982
0.776985	0.755104
0.776741	0.766372
0.77631	0.771058
0.776162	0.757361
0.775752	0.743271
0.775487	0.771391
0.775088	0.771619
0.774929	0.768313
0.774435	0.766414
0.774234	0.773535
0.774078	0.765655
0.77369	0.762458
0.773298	0.76403
0.773001	0.775205
0.772828	0.768721
0.772454	0.76918
0.772023	0.762027
0.771726	0.763881
0.771592	0.768309
0.771158	0.764286
0.770914	0.745194
0.770522	0.756965
0.770317	0.743537
0.769922	0.749743
0.769657	0.756353
0.769251	0.750436
0.769067	0.742029
0.768665	0.753339
0.768396	0.74943
0.768205	0.769673
0.767881	0.763551
0.767556	0.768547
0.767128	0.759303
0.766969	0.751666
0.766616	0.74971
0.766309	0.753881
0.766012	0.744779
0.765691	0.765062
0.765433	0.746534
0.765034	0.765029
0.764727	0.767524
0.764497	0.766921
0.764151	0.772856
0.764	0.771657
0.763664	0.770955
0.763261	0.769753
0.763011	0.770113
0.762877	0.75308
0.762481	0.760142
0.76217	0.765302
0.761881	0.770283
0.761616	0.767152
0.761178	0.762719
0.760903	0.771633
0.760585	0.759126
0.76039	0.764369
0.759981	0.758014
0.759688	0.748473
0.759267	0.751228
0.759133	0.750054
0.758724	0.768184
0.758604	0.761659
0.758176	0.767331
0.757964	0.763641
0.757576	0.749979
0.757368	0.74546
0.756986	0.752517
0.756725	0.756822
0.756312	0.763278
0.756174	0.763087
0.755778	0.756461
0.755538	0.767135
0.75521	0.772079
0.754973	0.753038
0.754726	0.751405
0.754242	0.751784
0.753981	0.749774
0.753667	0.750896
0.753416	0.763318
0.753042	0.766951
0.752837	0.748419
0.752515	0.747284
0.752166	0.744374
0.751919	0.762529
0.751724	0.762166
0.751304	0.755
0.750902	0.750165
0.750683	0.757093
0.75051	0.756987
0.750156	0.768697
0.749927	0.756367
0.749531	0.735278
0.749256	0.757392
0.748882	0.736129
0.748811	0.75709
0.748327	0.769826
0.748016	0.759435
0.747861	0.753933
0.747448	0.756296
0.747208	0.762003
0.746985	0.757001
0.746657	0.760106
0.746357	0.753525
0.746	0.757434
0.745784	0.761968
0.745435	0.764456
0.745092	0.739239
0.744835	0.755658
0.744531	0.74673
0.744188	0.743384
0.743867	0.760403
0.743659	0.761551
0.743482	0.757955
0.743058	0.757213
0.742666	0.750217
0.74256	0.762185
0.742327	0.757882
0.741971	0.745891
0.74166	0.756002
0.741391	0.748169
0.740989	0.768007
0.74083	0.762279
0.740406	0.766801
0.740223	0.762979
0.740095	0.771652
0.739661	0.759463
0.739329	0.759937
0.738909	0.760323
0.738782	0.760132
0.738496	0.760403
0.738369	0.751961
0.737987	0.755243
0.737595	0.751683
0.737493	0.757585
0.737118	0.75611
0.736861	0.753719
0.736444	0.766925
0.736331	0.767823
0.735918	0.773973
0.735837	0.774159
0.735501	0.751972
0.735151	0.758254
0.734738	0.762486
0.734576	0.750792
0.734332	0.7634
0.734053	0.765502
0.733824	0.752908
0.733418	0.752552
0.733156	0.771124
0.733015	0.774972
0.732644	0.77497
0.73234	0.762569
0.732072	0.760667
0.731867	0.757013
0.731465	0.755059
0.731087	0.766117
0.730967	0.76333
0.730546	0.760309
0.730338	0.743045
0.730042	0.77221
0.729808	0.772203
0.729695	0.774164
0.729307	0.772642
0.72894	0.763801
0.728707	0.76771
0.728378	0.751782
0.728233	0.756242
0.727774	0.770811
0.72763	0.767701
0.727368	0.765905
0.727047	0.774277
0.726793	0.766596
0.7265	0.769713
0.726125	0.760646
0.726002	0.75608
0.725617	0.756824
0.725292	0.752048
0.725048	0.764774
0.724734	0.769616
0.724522	0.768382
0.724091	0.774421
0.724028	0.770078
0.723572	0.750191
0.723473	0.761626
0.723155	0.770783
0.722806	0.767439
0.722654	0.765874
0.722382	0.767335
0.722004	0.771631
0.721852	0.757884
0.721506	0.772522
0.721393	0.754411
0.720923	0.761532
0.720722	0.750321
0.720482	0.759845
0.719988	0.754124
0.719797	0.759093
0.71973	0.767602
0.719334	0.751169
0.718963	0.769359
0.718805	0.768431
0.718466	0.753563
0.718208	0.749948
0.717879	0.745526
0.717696	0.762868
0.717311	0.76861
0.717035	0.770262
0.716795	0.771301
0.716431	0.764077
0.716248	0.763181
0.716103	0.758622
0.715697	0.765601
0.715552	0.745853
0.71521	0.749204
0.714867	0.742828
0.714694	0.750648
0.714281	0.757875
0.714026	0.768146
0.713758	0.767854
0.713606	0.736492
0.713182	0.750863
0.713027	0.735893
0.712642	0.769058
0.7123	0.755792
0.712158	0.766148
0.711918	0.75017
0.711622	0.756947
0.711403	0.750337
0.711131	0.767477
0.710749	0.75649
0.710576	0.754654
0.710276	0.756925
0.710022	0.7621
0.709771	0.761211
0.70952	0.761244
0.709196	0.765123
0.709072	0.770834
0.708662	0.75713
0.70851	0.768162
0.708171	0.767651
0.707921	0.765764
0.707649	0.766892
0.70726	0.764932
0.707003	0.752277
0.706681	0.750922
0.70642	0.769739
0.70613	0.753888
0.705781	0.74853
0.705749	0.738106
0.705477	0.747807
0.705191	0.741105
0.704894	0.746188
0.704689	0.74545
0.704485	0.74533
0.704071	0.746848
0.703623	0.745863
0.703641	0.744663
0.703213	0.749192
0.703083	0.740429
0.702758	0.735552
0.702571	0.745891
0.70214	0.754546
0.701797	0.753768
0.701677	0.752788
0.701395	0.73427
0.701147	0.756292
0.700731	0.767477
0.700635	0.754934
0.700272	0.760801
0.700159	0.761195
0.699774	0.762797
0.699594	0.766315
0.699322	0.765135
0.699064	0.770071
0.698827	0.754093
0.698492	0.753949
0.698216	0.751365
0.697927	0.75591
0.697733	0.761567
0.697408	0.762863
0.697231	0.756935
0.696995	0.752941
0.696571	0.758247
0.696437	0.752225
0.696172	0.760658
0.696006	0.755368
0.695614	0.771186
0.695515	0.771779
0.695176	0.767335
0.694932	0.767201
0.694579	0.76464
0.69436	0.753005
0.694049	0.755736
0.69383	0.754703
0.693594	0.75238
0.693329	0.772748
0.693114	0.773667
0.692827	0.772392
0.692669	0.773181
0.692322	0.771353
0.692001	0.771671
0.691853	0.751652
0.691517	0.758721
0.691327	0.751009
0.691023	0.764546
0.690783	0.767858
0.690624	0.739081
0.690355	0.761661
0.689939	0.76722
0.689918	0.764774
0.689508	0.758829
0.689137	0.765893
0.688893	0.767013
0.688699	0.761991
0.688551	0.765453
0.688201	0.766866
0.687869	0.769022
0.687746	0.764298
0.687368	0.765238
0.687294	0.770099
0.687039	0.772168
0.686799	0.76181
0.686482	0.768205
0.686213	0.771711
0.686033	0.770891
0.685811	0.771471
0.685408	0.768113
0.685196	0.767873
0.685062	0.765924
0.684635	0.757901
0.684437	0.749866
0.68426	0.74681
0.68407	0.760832
0.683656	0.750116
0.683441	0.755354
0.683201	0.746744
0.682932	0.751866
0.682788	0.772086
0.682463	0.763964
0.68212	0.766765
0.682103	0.75668
0.681721	0.767015
0.681548	0.768144
0.68123	0.762932
0.681054	0.760316
0.680753	0.7666
0.680609	0.768452
0.680227	0.76747
0.680058	0.764732
0.679768	0.769289
0.6795	0.766508
0.679309	0.763777
0.679058	0.759013
0.678674	0.737837
0.678472	0.746574
0.678186	0.738561
0.678003	0.753671
0.677649	0.737399
0.677445	0.759058
0.677286	0.754779
0.677038	0.753511
0.676738	0.73574
0.676615	0.754916
0.676198	0.736306
0.675993	0.735698
0.675831	0.759861
0.675467	0.759194
0.675333	0.760893
0.674944	0.761025
0.674641	0.75824
0.674566	0.764011
0.674157	0.773094
0.673871	0.762677
0.673761	0.761727
0.673426	0.762743
0.673306	0.760474
0.673013	0.751916
0.672748	0.745608
0.672522	0.754048
0.672359	0.756461
0.672034	0.752486
0.671671	0.750417
0.671625	0.74575
0.671275	0.749659
0.67095	0.747477
0.67077	0.752762
0.670541	0.744708
0.670346	0.748829
0.669972	0.744576
0.669834	0.750948
0.669531	0.753777
0.669319	0.752932
0.669079	0.754694
0.668867	0.748846
0.668517	0.747352
0.668305	0.755764
0.668146	0.748695
0.667783	0.762434
0.667472	0.753087
0.667309	0.763561
0.667069	0.764656
0.666875	0.761449
0.666571	0.743023
0.66636	0.748073
0.666077	0.754369
0.665784	0.764923
0.665597	0.76624
0.665395	0.767241
0.664975	0.761398
0.66494	0.757097
0.664724	0.754779
0.664562	0.764187
0.664099	0.750262
0.663877	0.751563
0.6637	0.752621
0.663446	0.752064
0.663181	0.749067
0.663029	0.749404
0.662772	0.749152
0.662454	0.748829
0.662097	0.751633
0.662044	0.749345
0.661815	0.757922
0.661504	0.754458
0.66125	0.76246
0.661119	0.762185
0.660759	0.769286
0.660522	0.765677
0.66037	0.764967
0.659943	0.75381
0.659932	0.745483
0.65959	0.765047
0.659413	0.762498
0.659117	0.768358
0.658852	0.76148
0.6587	0.773629
0.658389	0.768342
0.658068	0.766405
0.65793	0.752606
0.657644	0.764355
0.65752	0.76046
0.657128	0.775057
0.657065	0.771982
0.656793	0.759751
0.656733	0.765731
0.656344	0.761998
0.656058	0.761336
0.655882	0.751456
0.655652	0.759192
0.655433	0.753598
0.655116	0.752031
0.654798	0.750952
0.654734	0.759513
0.654427	0.764432
0.654159	0.766065
0.653993	0.768787
0.653918	0.764404
0.653495	0.764458
0.653325	0.770153
0.652951	0.764037
0.652661	0.765252
0.65258	0.747788
0.652357	0.76821
0.6521	0.767255
0.651817	0.765377
0.651683	0.767378
0.651277	0.769647
0.650973	0.773648
0.650938	0.772347
0.65079	0.755644
0.650486	0.76587
0.650129	0.764927
0.649967	0.765662
0.649712	0.770151
0.649561	0.768471
0.64925	0.76751
0.648992	0.767006
0.64871	0.760349
0.648473	0.753038
0.648314	0.747496
0.648028	0.74968
0.647795	0.754588
0.647632	0.771657
0.647375	0.766339
0.647124	0.770745
0.646961	0.766322
0.646686	0.76341
0.646368	0.76718
0.646252	0.753334
0.64593	0.766021
0.6458	0.765342
0.645556	0.763605
0.645397	0.744385
0.645107	0.758834
0.644726	0.758429
0.64462	0.747408
0.644299	0.74369
0.644154	0.74812
0.643967	0.742514
0.643688	0.748766
0.643472	0.752467
0.643289	0.739048
0.642946	0.738106
0.642766	0.7598
0.642526	0.749989
0.642222	0.756968
0.642113	0.764564
0.641972	0.768181
0.641686	0.762533
0.64135	0.770568
0.641265	0.760955
0.640933	0.770012
0.640838	0.760175
0.640492	0.759345
0.640443	0.761275
0.640022	0.752481
0.639729	0.753686
0.639719	0.754397
0.639316	0.751791
0.639182	0.750929
0.638762	0.75529
0.638765	0.750038
0.638504	0.756021
0.638324	0.763323
0.637935	0.769145
0.637925	0.765714
0.637554	0.76866
0.637225	0.763549
0.637123	0.771355
0.636851	0.769345
0.636438	0.770662
0.636378	0.766426
0.636021	0.763841
0.635989	0.767196
0.635809	0.764673
0.635463	0.764546
0.635255	0.76459
0.635018	0.764727
0.634789	0.76381
0.634584	0.757008
0.634418	0.76079
0.634234	0.757305
0.633863	0.761068
0.633814	0.764232
0.633486	0.768129
0.633383	0.766148
0.632977	0.756753
0.632808	0.752255
0.632585	0.753443
0.632423	0.747844
0.632172	0.770066
0.631907	0.772562
0.631762	0.773594
0.631494	0.771996
0.631342	0.768846
0.631324	0.767661
0.63095	0.766414
0.630615	0.768118
0.630406	0.764974
0.630208	0.767962
0.629972	0.773471
0.629862	0.766273
0.629449	0.765816
0.629322	0.758506
0.629199	0.772915
0.628951	0.765865
0.628591	0.763695
0.628503	0.763966
0.628181	0.760427
0.628051	0.753276
0.627804	0.742003
0.627563	0.74398
0.627387	0.74164
0.62721	0.753311
0.626861	0.763678
0.626557	0.756011
0.626412	0.757175
0.626405	0.757986
0.626126	0.745267
0.625883	0.75976
0.625656	0.749972
0.625332	0.766136
0.625197	0.753735
0.624904	0.746204
0.624851	0.75362
0.624488	0.757653
0.624368	0.766558
0.624099	0.776586
0.62381	0.760865
0.62369	0.749437
0.623386	0.752524
0.623262	0.772182
0.623072	0.762185
0.622863	0.753735
0.622655	0.767031
0.62239	0.76783
0.62227	0.770271
0.622051	0.768707
0.621677	0.773177
0.621553	0.76878
0.621436	0.773054
0.621122	0.768841
0.620963	0.773094
0.620656	0.771607
0.620342	0.768598
0.620246	0.770212
0.619999	0.764246
0.619907	0.777046
0.619565	0.773104
0.619367	0.765959
0.619258	0.757679
0.618965	0.760123
0.618664	0.76866
0.618565	0.769345
0.618322	0.770045
0.618124	0.757844
0.61788	0.757251
0.617679	0.746072
0.617453	0.748155
0.617298	0.759496
0.616966	0.77041
0.616892	0.763721
0.616627	0.76464
0.616588	0.764748
0.616214	0.748245
0.615991	0.753191
0.615786	0.760637
0.61556	0.771442
0.615373	0.766101
0.615232	0.76558
0.614918	0.759416
0.614593	0.749152
0.614526	0.743311
0.614229	0.741793
0.613978	0.74599
0.613915	0.770929
0.613643	0.770733
0.613325	0.772569
0.613236	0.773686
0.612908	0.770271
0.612622	0.769218
0.612576	0.771416
0.612322	0.773382
0.612	0.765071
0.611891	0.772896
0.611647	0.764336
0.611555	0.760608
0.61122	0.765314
0.611093	0.764828
0.610881	0.761678
0.610627	0.750684
0.610362	0.756169
0.610178	0.750271
0.609927	0.755867
0.609882	0.749845
0.609486	0.759623
0.60938	0.772218
0.609161	0.749906
0.608826	0.750047
0.608699	0.747599
0.608515	0.753985
0.608208	0.748191
0.607961	0.765919
0.607844	0.767109
0.607551	0.770561
0.607286	0.769171
0.607258	0.768514
0.606979	0.757727
0.606859	0.766511
0.606537	0.766471
0.606304	0.767689
0.606156	0.763641
0.606022	0.76787
0.605757	0.758787
0.605619	0.771673
0.605287	0.765163
0.605284	0.760858
0.604931	0.761235
0.604698	0.758935
0.604567	0.757724
0.60439	0.749819
0.604055	0.746862
0.603974	0.743801
0.603698	0.756855
0.60338	0.756577
0.603341	0.765809
0.603179	0.766777
0.602879	0.754835
0.602748	0.762036
0.602497	0.765118
0.602342	0.768146
0.601929	0.754732
0.601724	0.756464
0.601653	0.763259
0.601456	0.752936
0.601254	0.744324
0.601156	0.764105
0.600894	0.766718
0.60059	0.766581
0.600407	0.756482
0.600234	0.748052
0.599941	0.755389
0.599934	0.752126
0.59958	0.750363
0.599429	0.751744
0.599263	0.762965
0.599012	0.764329
0.598747	0.75534
0.598592	0.746395
0.59833	0.745938
0.598299	0.760632
0.598002	0.749225
0.597712	0.766087
0.597472	0.770707
0.597373	0.765333
0.597059	0.774312
0.596893	0.770948
0.596709	0.769161
0.596491	0.763177
0.596229	0.773012
0.596159	0.768066
0.596053	0.766961
0.595827	0.765123
0.595555	0.76468
0.595258	0.762592
0.595223	0.762686
0.594898	0.750905
0.594605	0.759579
0.594548	0.760399
0.594298	0.757632
0.594072	0.751786
0.593983	0.751058
0.59369	0.749515
0.593634	0.749428
0.593305	0.748106
0.593146	0.752208
0.593107	0.751313
0.592726	0.758756
0.592468	0.754223
0.592426	0.767196
0.592097	0.771572
0.59191	0.766242
0.591645	0.77067
0.59155	0.767507
0.591299	0.75914
0.591063	0.751984
0.59095	0.752682
0.590664	0.752481
0.590664	0.753994
0.590371	0.76837
0.590261	0.767069
0.589841	0.769805
0.589827	0.766077
0.589502	0.758617
0.589177	0.770104
0.589181	0.769991
0.588923	0.759838
0.588767	0.755387
0.588665	0.758179
0.588234	0.761195
0.588255	0.772309
0.58792	0.764548
0.587789	0.75952
0.587655	0.763801
0.587468	0.756355
0.587097	0.759991
0.586924	0.756442
0.58679	0.75554
0.586539	0.757802
0.586483	0.758514
0.586207	0.754129
0.586098	0.752286
0.585826	0.758431
0.585631	0.752241
0.585416	0.748226
0.585338	0.768735
0.58496	0.756793
0.584682	0.764121
0.584621	0.764268
0.584473	0.75758
0.584205	0.763219
0.584035	0.763997
0.583908	0.759473
0.583583	0.753375
0.583343	0.75418
0.583262	0.749338
0.583138	0.749967
0.582796	0.749461
0.58264	0.749326
0.582411	0.748405
0.582135	0.756145
0.582037	0.757524
0.581772	0.756815
0.581694	0.756367
0.581411	0.764642
0.581291	0.77341
0.581132	0.772823
0.580896	0.770867
0.580567	0.754442
0.580557	0.76373
0.58032	0.754842
0.579992	0.746883
0.579967	0.755552
0.57972	0.763563
0.579646	0.762694
0.579243	0.764534
0.579144	0.75661
0.578904	0.750399
0.57877	0.746134
0.578636	0.750142
0.578434	0.759211
0.578268	0.757137
0.578004	0.761421
0.577672	0.764378
0.577612	0.767922
0.577453	0.767192
0.577227	0.764958
0.577156	0.754755
0.576821	0.754067
0.576768	0.750052
0.576612	0.753125
0.576344	0.749432
0.576051	0.759385
0.575952	0.763587
0.575832	0.761751
0.575542	0.768829
0.575267	0.764784
0.575133	0.764253
0.574995	0.773299
0.574885	0.764699
0.574688	0.773292
0.57438	0.760936
0.574296	0.753101
0.574098	0.755377
0.573837	0.766647
0.573752	0.773638
0.573494	0.765542
0.573423	0.76799
0.573271	0.767128
0.572932	0.761791
0.572668	0.752825
0.572661	0.760728
0.572375	0.762932
0.572103	0.751501
0.572085	0.764143
0.571817	0.760391
0.571488	0.762307
0.571403	0.762762
0.571276	0.759774
0.571011	0.758912
0.570856	0.754854
0.570852	0.763334
0.570513	0.77049
0.570457	0.772149
0.570143	0.774326
0.569991	0.774567
0.569779	0.771339
0.569348	0.773886
0.569352	0.772335
0.569203	0.769802
0.569062	0.766537
0.568836	0.760443
0.568501	0.770123
0.56837	0.767043
0.56832	0.769103
0.567985	0.773118
0.567928	0.772936
0.567667	0.771214
0.567385	0.765759
0.567258	0.753469
0.56719	0.763836
0.566876	0.77066
0.56682	0.767745
0.566675	0.761652
0.566353	0.764362
0.566265	0.767522
0.565891	0.778876
0.565806	0.767448
0.565608	0.759831
0.565555	0.756341
0.565456	0.755177
0.565061	0.771984
0.564789	0.774809
0.564786	0.774128
0.564503	0.765658
0.564383	0.775948
0.564217	0.771497
0.563995	0.772795
0.563804	0.77296
0.563595	0.767114
0.563454	0.775316
0.563377	0.758151
0.563112	0.770971
0.562875	0.765931
0.562656	0.767288
0.562617	0.77034
0.562306	0.767281
0.562137	0.767006
0.562158	0.768374
0.561883	0.768891
0.56154	0.774732
0.561455	0.772284
0.561258	0.770662
0.560961	0.76029
0.560894	0.761951
0.560647	0.743935
0.56052	0.760535
0.560527	0.758473
0.560191	0.76963
0.560061	0.773841
0.55988	0.766077
0.559637	0.767446
0.559397	0.772957
0.55922	0.761989
0.559174	0.758177
0.558934	0.734239
0.55869	0.76218
0.558546	0.761315
0.558351	0.765771
0.558076	0.767368
0.557945	0.763316
0.557705	0.769176
0.557694	0.759941
0.557359	0.755128
0.557292	0.768834
0.557016	0.761928
0.556741	0.771527
0.556752	0.771732
0.556448	0.763129
0.55637	0.764143
0.55613	0.762267
0.55589	0.761671
0.555678	0.766874
0.555614	0.764819
0.555381	0.751907
0.555205	0.755632
0.555152	0.755156
0.554869	0.757239
0.554597	0.756822
0.554371	0.755394
0.554202	0.750646
0.554107	0.746567
0.553792	0.773202
0.553778	0.77009
0.553527	0.759647
0.553369	0.756621
0.553386	0.754006
0.553005	0.740759
0.552825	0.750274
0.552694	0.756061
0.552535	0.760757
0.552274	0.758214
0.552143	0.763221
0.552048	0.755043
0.551762	0.748092
0.551642	0.746958
0.551324	0.745309
0.551303	0.741897
0.551264	0.745563
0.550759	0.742095
0.550653	0.762112
0.550632	0.761242
0.55025	0.764538
0.550254	0.767154
0.55001	0.768228
0.549855	0.762121
0.549763	0.761084
0.549548	0.763742
0.549279	0.765349
0.549272	0.764732
0.548993	0.744553
0.548725	0.749953
0.548583	0.752875
0.548488	0.75312
0.548425	0.764213
0.54816	0.767338
0.54798	0.769371
0.547694	0.76369
0.547531	0.764918
0.547333	0.760413
0.547213	0.758438
0.547167	0.766346
0.546892	0.768907
0.546737	0.769331
0.546429	0.766492
0.546327	0.764496
0.546182	0.760085
0.545931	0.764428
0.545649	0.774948
0.545628	0.776186
0.545359	0.763523
0.545225	0.761098
0.545162	0.760031
0.544861	0.772227
0.544688	0.768412
0.544392	0.767835
0.544342	0.767771
0.54419	0.766046
0.54418	0.768636
0.54382	0.775271
0.543707	0.769425
0.543452	0.756949
0.543255	0.75239
0.543138	0.759444
0.542997	0.758292
0.542905	0.753796
0.542661	0.747317
0.542516	0.7657
0.542287	0.772658
0.54216	0.77563
0.541966	0.755922
0.541821	0.751383
0.541482	0.75422
0.541443	0.752644
0.541302	0.760481
0.540998	0.772842
0.540903	0.761716
0.540733	0.774366
0.540634	0.767656
0.54032	0.758768
0.540225	0.760073
0.540013	0.758224
0.540076	0.756327
0.539635	0.753799
0.539578	0.755498
0.539313	0.759944
0.539225	0.774503
0.539077	0.770325
0.538823	0.775806
0.538819	0.773742
0.538544	0.774609
0.538364	0.774293
0.538123	0.759345
0.538113	0.757241
0.537798	0.760024
0.537604	0.76299
0.537633	0.761638
0.537332	0.756683
0.537184	0.757027
0.537064	0.754586
0.536859	0.75788
0.536672	0.754864
0.536485	0.757517
0.536287	0.741275
0.536075	0.763947
0.53593	0.758379
0.53592	0.758928
0.535708	0.759524
0.535397	0.760182
0.535252	0.764795
0.535093	0.773346
0.534987	0.76665
0.534765	0.769157
0.534677	0.763337
0.534564	0.762152
0.534324	0.768316
0.534278	0.756393
0.533917	0.736101
0.533826	0.748426
0.533578	0.759647
0.533571	0.76254
0.533409	0.765205
0.533091	0.764404
0.532996	0.765231
0.532794	0.761296
0.53259	0.771702
0.532395	0.764784
0.532321	0.753231
0.532215	0.766171
0.531926	0.750057
0.53177	0.756702
0.531513	0.751386
0.53146	0.757147
0.531368	0.75045
0.530976	0.749418
0.530986	0.752279
0.53069	0.748151
0.530693	0.748968
0.530259	0.754725
0.530224	0.761195
0.530036	0.746374
0.529966	0.755988
0.529705	0.746673
0.529493	0.759402
0.529433	0.76608
0.52933	0.765413
0.529016	0.766567
0.528889	0.772095
0.528868	0.773066
0.528578	0.772166
0.52831	0.740236
0.528211	0.752588
0.528126	0.763292
0.527787	0.767364
0.527773	0.77001
0.527685	0.771131
0.527374	0.761864
0.527225	0.763245
0.527229	0.762939
0.526918	0.760194
0.526805	0.762088
0.52672	0.761605
0.526537	0.747804
0.526163	0.760514
0.526081	0.754993
0.526	0.755227
0.525891	0.764093
0.525682	0.758787
0.52541	0.749758
0.525304	0.769251
0.525209	0.762811
0.524919	0.77201
0.524757	0.768167
0.524513	0.765375
0.524503	0.769894
0.524344	0.768179
0.52422	0.769143
0.523998	0.775809
0.523849	0.769465
0.523687	0.770297
0.523359	0.772187
0.523327	0.753523
0.523154	0.752821
0.523147	0.752192
0.522868	0.764119
0.522702	0.756621
0.522603	0.767093
0.522437	0.771584
0.522239	0.756398
0.522084	0.754531
0.521907	0.757967
0.521805	0.75512
0.521568	0.75373
0.521321	0.752201
0.521144	0.753775
0.521077	0.748452
0.520904	0.757939
0.520805	0.764642
0.520759	0.758146
0.520428	0.772062
0.520413	0.776699
0.520269	0.775137
0.520053	0.767696
0.519887	0.771537
0.519587	0.780045
0.519576	0.774546
0.519428	0.761885
0.519135	0.757229
0.519004	0.772694
0.519015	0.774795
0.518718	0.769755
0.518506	0.773565
0.518319	0.765304
0.518305	0.76943
0.518104	0.765014
0.518097	0.770382
0.517662	0.76549
0.517588	0.769741
0.517507	0.769458
0.517352	0.767086
0.517161	0.769185
0.516935	0.760766
0.516709	0.75853
0.516677	0.756127
0.516515	0.757137
0.516515	0.776548
0.516098	0.766226
0.516105	0.769703
0.515833	0.769821
0.51584	0.770889
0.515424	0.766702
0.515455	0.766532
0.515205	0.774235
0.51518	0.774805
0.514837	0.771336
0.514774	0.767286
0.514544	0.772284
0.514498	0.766456
0.514354	0.77132
0.514124	0.764289
0.513905	0.745198
0.513661	0.746518
0.513711	0.758832
0.513446	0.743978
0.513333	0.754904
0.513185	0.76099
0.512941	0.767185
0.512807	0.771928
0.512853	0.772399
0.512492	0.771657
0.512454	0.766892
0.512365	0.762842
0.511952	0.767448
0.511987	0.739642
0.511663	0.751087
0.511564	0.750132
0.511267	0.771188
0.511278	0.762163
0.511108	0.738594
0.511115	0.751607
0.510864	0.760778
0.510709	0.755585
0.510455	0.765613
0.510289	0.751372
0.510292	0.740109
0.509999	0.750158
0.509876	0.739185
0.509604	0.754286
0.50954	0.774044
0.509455	0.767229
0.509145	0.76385
0.509042	0.76603
0.508855	0.764812
0.508763	0.770886
0.508587	0.773141
0.508361	0.76959
0.508325	0.764628
0.508209	0.770281
0.508085	0.768349
0.50782	0.767658
0.507746	0.761836
0.507485	0.760344
0.507386	0.755161
0.507206	0.758671
0.507075	0.750728
0.506973	0.752416
0.506768	0.752632
0.506627	0.75698
0.506397	0.757679
0.506277	0.756977
0.505973	0.753688
0.505927	0.764117
0.505857	0.751068
0.505458	0.763603
0.505419	0.766442
0.505292	0.760505
0.505048	0.760394
0.505059	0.766777
0.504861	0.768146
0.504593	0.765839
0.5046	0.76599
0.504476	0.762974
0.504183	0.765896
0.504031	0.767112
0.503759	0.767031
0.503756	0.766826
0.503625	0.769482
0.503413	0.770333
0.503187	0.770922
0.503194	0.758287
0.503	0.761657
0.502799	0.757882
0.502777	0.752639
0.50253	0.750545
0.502385	0.757474
0.502124	0.754845
0.502085	0.759034
0.501944	0.764487
0.501672	0.771197
0.501676	0.769317
0.501559	0.766546
0.501252	0.755714
0.501139	0.750276
0.501089	0.752531
0.500715	0.75259
0.50068	0.756678
0.500454	0.757712
0.500408	0.753989
0.500295	0.761782
0.500104	0.764821
0.499924	0.758622
0.499592	0.751442
0.499578	0.770241
0.499461	0.764154
0.499207	0.760719
0.499084	0.763909
0.499041	0.763879
0.498787	0.767571
0.498769	0.770615
0.498395	0.770469
0.498406	0.770354
0.4983	0.76911
0.498003	0.771028
0.498091	0.751744
0.497901	0.760408
0.497685	0.750606
0.497516	0.747144
0.497399	0.759037
0.497276	0.76784
0.49705	0.773136
0.496993	0.764034
0.496859	0.764687
0.496665	0.754689
0.49652	0.760222
0.496322	0.753372
0.496262	0.758862
0.496057	0.752609
0.495888	0.753777
0.495877	0.751129
0.495453	0.75172
0.495467	0.758631
0.495319	0.756131
0.495301	0.751548
0.495058	0.756421
0.494902	0.756859
0.494645	0.753417
0.494634	0.755
0.494479	0.753327
0.494242	0.76403
0.494051	0.768898
0.493839	0.761666
0.493801	0.747043
0.493635	0.738989
0.493419	0.761181
0.493377	0.743389
0.493345	0.773089
0.493006	0.775625
0.4929	0.770486
0.492741	0.774958
0.492759	0.76218
0.492515	0.762967
0.492381	0.764418
0.49219	0.74886
0.492113	0.759416
0.491964	0.765627
0.491654	0.757665
0.491661	0.751315
0.491544	0.760726
0.491209	0.763968
0.491117	0.770874
0.491113	0.7589
0.490852	0.756603
0.490764	0.766812
0.490439	0.750219
0.490453	0.755853
0.49035	0.748879
0.49016	0.756742
0.489916	0.765695
0.489867	0.767686
0.489612	0.764939
0.489496	0.757621
0.489319	0.743563
0.489298	0.74476
0.48903	0.755267
0.488994	0.760149
0.488768	0.765719
0.488496	0.771131
0.488599	0.767262
0.488295	0.761466
0.488203	0.759164
0.488196	0.751829
0.487794	0.771181
0.48778	0.767074
0.487529	0.769934
0.487391	0.764093
0.487395	0.769425
0.487105	0.770285
0.486971	0.762894
0.486953	0.763108
0.48678	0.769423
0.486621	0.765434
0.486575	0.756987
0.486265	0.762484
0.486183	0.759744
0.486049	0.756164
0.485823	0.762069
0.485791	0.765936
0.485611	0.750712
0.485315	0.757366
0.485279	0.750125
0.484962	0.755382
0.484972	0.75735
0.484796	0.756141
0.484626	0.754011
0.484333	0.755359
0.484471	0.757489
0.484481	0.749831
0.484065	0.75349
0.484065	0.747823
0.483651	0.747547
0.483796	0.747104
0.483439	0.763028
0.483387	0.769633
0.483316	0.765384
0.483118	0.763869
0.482867	0.756612
0.482811	0.758511
0.482684	0.752599
0.482486	0.747717
0.482408	0.749362
0.482341	0.755184
0.482143	0.764802
0.481949	0.759826
0.481737	0.762239
0.481723	0.761555
0.481335	0.750582
0.481402	0.750238
0.481194	0.751332
0.481017	0.755578
0.481063	0.757281
0.48077	0.75148
0.480646	0.746101
0.48047	0.760575
0.480378	0.755269
0.480254	0.743153
0.480025	0.741916
0.47989	0.748033
0.479869	0.756449
0.479717	0.75804
0.479488	0.762383
0.479523	0.767041
0.479219	0.768789
0.479061	0.767578
0.478944	0.764649
0.478803	0.772658
0.478729	0.772314
0.478633	0.769202
0.478397	0.764854
0.478248	0.77271
0.478255	0.76444
0.478001	0.761395
0.47792	0.770165
0.477595	0.757168
0.477581	0.758916
0.477214	0.740992
0.477231	0.756711
0.477397	0.748502
0.477002	0.741815
0.476945	0.756548
0.476687	0.772943
0.47661	0.769984
0.476348	0.766857
0.476338	0.769722
0.476239	0.755267
0.475935	0.755594
0.475808	0.761461
0.475766	0.753118
0.475737	0.7714
0.475504	0.775695
0.475349	0.770446
0.475236	0.771885
0.475116	0.775408
0.474939	0.772769
0.474674	0.769004
0.474667	0.771805
0.47459	0.765135
0.474452	0.76292
0.474173	0.757152
0.47412	0.748653
0.474148	0.749388
0.473873	0.768549
0.473703	0.775062
0.473446	0.76324
0.473435	0.761039
0.473347	0.756683
0.473301	0.75665
0.472979	0.769369
0.472888	0.780224
0.47287	0.768332
0.472644	0.768723
0.472467	0.743452
0.472368	0.765318
0.472199	0.74071
0.472075	0.742404
0.471811	0.759725
0.471814	0.756468
0.471673	0.759008
0.471535	0.746263
0.471397	0.751753
0.471242	0.749039
0.471178	0.765764
0.470977	0.77123
0.47097	0.764892
0.470839	0.763523
0.470673	0.767053
0.470479	0.774642
0.470409	0.77087
0.470211	0.753869
0.470013	0.752201
0.47002	0.765985
0.469685	0.762385
0.469614	0.769256
0.46936	0.760538
0.469342	0.768132
0.469233	0.762889
0.469183	0.750731
0.468851	0.75717
0.46889	0.768462
0.468735	0.769437
0.468519	0.75045
0.468378	0.755507
0.468378	0.758803
0.468187	0.767354
0.468103	0.762147
0.467831	0.758014
0.467696	0.759366
0.467633	0.768702
0.467492	0.761504
0.467248	0.771256
0.46716	0.774211
0.467131	0.755686
0.466972	0.761466
0.46687	0.756105
0.466792	0.758518
0.466468	0.770012
0.466429	0.756096
0.466305	0.757081
0.46628	0.751513
0.465902	0.754407
0.465881	0.749701
0.465726	0.744614
0.465616	0.750455
0.465475	0.761956
0.46532	0.760903
0.465104	0.768999
0.464928	0.765714
0.46508	0.764088
0.464836	0.770196
0.464652	0.763405
0.464416	0.763276
0.464278	0.763905
0.464338	0.764649
0.464091	0.764058
0.463974	0.750556
0.463734	0.749939
0.463558	0.75254
0.463572	0.751991
0.463434	0.764242
0.463159	0.766654
0.463162	0.768799
0.463014	0.769171
0.462798	0.752927
0.462675	0.751193
0.46253	0.768457
0.462555	0.769795
0.462307	0.753433
0.462202	0.747906
0.461983	0.748768
0.461979	0.752738
0.461803	0.758723
0.461658	0.764571
0.461435	0.749913
0.461312	0.750071
0.461329	0.746716
0.4611	0.750429
0.461043	0.74595
0.460955	0.747776
0.46063	0.740608
0.460641	0.742041
0.460475	0.749553
0.460489	0.760069
0.460316	0.753612
0.460076	0.742882
0.459853	0.761072
0.459684	0.760222
0.459447	0.762767
0.459578	0.767227
0.459652	0.769487
0.459256	0.768728
0.459066	0.773353
0.458992	0.765184
0.458953	0.767611
0.458727	0.771355
0.458575	0.755467
0.458582	0.753815
0.458494	0.758259
0.458296	0.759772
0.45802	0.760351
0.458013	0.760465
0.457971	0.753323
0.45772	0.75333
0.457611	0.769128
0.4576	0.762411
0.457413	0.754209
0.457183	0.752929
0.457039	0.755396
0.457152	0.758495
0.456876	0.753886
0.456777	0.765585
0.456534	0.755519
0.456361	0.771654
0.456082	0.771497
0.45629	0.771671
0.456068	0.780585
0.455909	0.760688
0.45581	0.762597
0.455672	0.757743
0.455605	0.770512
0.455517	0.773563
0.455167	0.764131
0.455093	0.756216
0.455043	0.758151
0.454832	0.755582
0.454736	0.762818
0.454545	0.779103
0.45444	0.770761
0.454383	0.774326
0.454245	0.767917
0.454023	0.741732
0.454012	0.76037
0.453917	0.757331
0.453581	0.759065
0.453596	0.758172
0.453423	0.755314
0.453468	0.755158
0.453193	0.753693
0.453006	0.769918
0.452889	0.773212
0.452752	0.771405
0.452709	0.771223
0.452663	0.769397
0.452331	0.768735
0.452261	0.762705
0.452176	0.75787
0.452028	0.759289
0.451883	0.756334
0.451791	0.767566
0.451501	0.772064
0.451353	0.77501
0.451332	0.757807
0.451304	0.759385
0.45106	0.760875
0.451064	0.76513
0.45065	0.749522
0.450728	0.757453
0.450576	0.73955
0.450498	0.764246
0.450195	0.758622
0.450128	0.768806
0.450071	0.767279
0.450131	0.764802
0.449813	0.768052
0.44976	0.770238
0.449626	0.758547
0.449665	0.764425
0.449245	0.772804
0.449248	0.766617
0.449178	0.768014
0.448952	0.744199
0.448828	0.760373
0.448835	0.762983
0.44857	0.764187
0.448429	0.770528
0.448249	0.768766
0.448076	0.769861
0.447995	0.76513
0.447928	0.741914
0.44774	0.743301
0.447652	0.748822
0.447557	0.750554
0.447274	0.756563
0.447296	0.748101
0.447126	0.768827
0.44696	0.758358
0.446879	0.739784
0.446833	0.764546
0.446734	0.757538
0.446663	0.734209
0.446377	0.753113
0.446317	0.753332
0.446162	0.751758
0.445982	0.767222
0.445841	0.766855
0.445653	0.759725
0.445682	0.749218
0.445579	0.751508
0.445389	0.752144
0.445452	0.746855
0.445131	0.753252
0.445117	0.746409
0.444929	0.756626
0.444792	0.76603
0.444725	0.749489
0.444439	0.75091
0.44441	0.741438
0.444329	0.759562
0.444114	0.762665
0.444029	0.753525
0.443919	0.755615
0.443881	0.743662
0.443535	0.750917
0.443471	0.740582
0.443457	0.749364
0.443429	0.752354
0.443167	0.736775
0.442917	0.753042
0.442779	0.751793
0.442779	0.756414
0.442698	0.763645
0.442507	0.759411
0.442344	0.75398
0.442193	0.754461
0.442207	0.750358
0.441952	0.74553
0.441882	0.753393
0.441758	0.755912
0.441525	0.745354
0.441518	0.755432
0.441405	0.752729
0.441225	0.75222
0.441119	0.759105
0.441119	0.75771
0.440967	0.75873
0.440808	0.754784
0.440593	0.755528
0.440611	0.751902
0.440476	0.759614
0.440282	0.75173
0.440169	0.764784
0.439904	0.772177
0.439858	0.763155
0.439798	0.759187
0.439689	0.753146
0.439452	0.750208
0.439449	0.749348
0.439272	0.75115
0.439219	0.752321
0.438859	0.752533
0.438855	0.749503
0.438679	0.755443
0.438725	0.754225
0.43858	0.757953
0.438425	0.756871
0.438287	0.75336
0.438064	0.759329
0.43811	0.770874
0.437973	0.772774
0.437736	0.761914
0.437609	0.758485
0.437591	0.762783
0.437503	0.771885
0.437309	0.771574
0.437093	0.771049
0.437185	0.767823
0.436913	0.767451
0.436906	0.767003
0.436493	0.774465
0.436493	0.7641
0.436415	0.766958
0.436338	0.767401
0.436309	0.767192
0.436164	0.770349
0.435977	0.771181
0.435815	0.772524
0.435677	0.770651
0.435603	0.763332
0.43555	0.762616
0.435511	0.768601
0.435172	0.764729
0.435225	0.763726
0.434971	0.769979
0.434815	0.766577
0.434844	0.772628
0.434784	0.761617
0.434424	0.771197
0.434399	0.761445
0.434279	0.758959
0.434166	0.757512
0.434014	0.761025
0.433993	0.760785
0.433862	0.757397
0.43364	0.766247
0.433562	0.775877
0.433431	0.76833
0.433435	0.759793
0.43317	0.744951
0.433078	0.77255
0.432788	0.760672
0.432972	0.75239
0.432753	0.753822
0.432637	0.764199
0.432347	0.773511
0.432492	0.769133
0.432195	0.755262
0.432181	0.756551
0.432068	0.75247
0.431807	0.757274
0.431771	0.759355
0.431704	0.772274
0.431507	0.772816
0.431365	0.763191
0.431358	0.7628
0.431312	0.764482
0.431012	0.760333
0.430991	0.759159
0.430797	0.755071
0.430694	0.751494
0.430532	0.751918
0.430528	0.764282
0.430338	0.745208
0.430214	0.749767
0.430154	0.748895
0.429868	0.753195
0.429762	0.747807
0.429854	0.754637
0.429593	0.750457
0.429451	0.762498
0.429331	0.763763
0.429296	0.7466
0.429254	0.762081
0.429027	0.752842
0.428932	0.757493
0.428671	0.768228
0.428858	0.771617
0.4286	0.768999
0.428452	0.765966
0.428459	0.770521
0.428335	0.769027
0.427972	0.762679
0.428053	0.763766
0.427809	0.760488
0.427731	0.76337
0.427647	0.747948
0.42753	0.761647
0.427354	0.750743
0.427248	0.755834
0.427152	0.75993
0.426965	0.758667
0.426955	0.75255
0.426824	0.761049
0.42663	0.761193
0.426485	0.756551
0.426386	0.748577
0.426171	0.754037
0.426118	0.74915
0.426019	0.755554
0.425927	0.749963
0.425719	0.747456
0.425719	0.754576
0.425591	0.752154
0.425542	0.759171
0.425274	0.751779
0.425316	0.753709
0.42515	0.760556
0.424973	0.767661
0.424896	0.767731
0.424779	0.756883
0.424808	0.767243
0.424486	0.767342
0.424447	0.764996
0.424313	0.74894
0.42431	0.765453
0.424059	0.770377
0.424031	0.766112
0.423949	0.767201
0.423677	0.755745
0.423593	0.762345
0.423628	0.766129
0.423409	0.752903
0.423289	0.749555
0.423109	0.75304
0.423232	0.741374
0.423095	0.751925
0.422823	0.748718
0.422717	0.757592
0.42265	0.761056
0.422403	0.759861
0.422438	0.748923
0.4223	0.750728
0.422187	0.754039
0.422042	0.748462
0.421965	0.766994
0.421894	0.768023
0.421689	0.766051
0.421569	0.771864
0.42146	0.7664
0.421287	0.759355
0.421092	0.753299
0.421156	0.752547
0.421043	0.75406
0.420919	0.751044
0.42075	0.754477
0.420718	0.755943
0.420658	0.764034
0.420517	0.75054
0.42028	0.755394
0.42022	0.757997
0.419973	0.759612
0.420111	0.746489
0.419902	0.761308
0.4198	0.75447
0.419645	0.753667
0.4195	0.753669
0.419461	0.746859
0.419373	0.768235
0.419224	0.774503
0.419115	0.76608
0.419108	0.758921
0.418949	0.755073
0.418815	0.756065
0.418638	0.762776
0.418546	0.753021
0.418349	0.75832
0.418356	0.752932
0.41814	0.751438
0.418115	0.751739
0.417875	0.767147
0.417879	0.759004
0.417854	0.759289
0.417473	0.765182
0.41749	0.754814
0.417434	0.753198
0.417282	0.737785
0.417204	0.734678
0.417137	0.761713
0.416996	0.766678
0.416911	0.766021
0.416904	0.751935
0.416738	0.759107
0.416611	0.77103
0.416509	0.755615
0.416258	0.772076
0.416392	0.776987
0.416201	0.748744
0.416106	0.753495
0.415954	0.755662
0.415799	0.744835
0.415633	0.762816
0.415485	0.758855
0.415605	0.760761
0.415357	0.75894
0.415191	0.76004
0.415086	0.762861
0.414951	0.758219
0.41493	0.757192
0.414852	0.764399
0.414598	0.765872
0.414499	0.755773
0.414443	0.74829
0.414446	0.748832
0.41433	0.75361
0.414118	0.749128
0.414058	0.753596
0.413814	0.756103
0.413772	0.752288
0.413729	0.760323
0.413631	0.765005
0.413369	0.769435
0.413369	0.769169
0.413242	0.751178
0.413228	0.759496
0.413048	0.757682
0.412875	0.76673
0.412765	0.756091
0.412511	0.752041
0.412624	0.75689
0.412497	0.751094
0.412373	0.751735
0.412109	0.746833
0.41202	0.762312
0.412066	0.763558
0.411953	0.766958
0.411713	0.759859
0.411642	0.763726
0.411695	0.766273
0.411544	0.758989
0.411388	0.749557
0.411236	0.762397
0.411127	0.75676
0.411162	0.745783
0.410774	0.739515
0.410883	0.751638
0.410721	0.762957
0.410519	0.763419
0.410332	0.752236
0.410343	0.756775
0.410293	0.753042
0.410138	0.733775
0.410032	0.734779
0.409898	0.768697
0.40987	0.762522
0.409796	0.758549
0.409594	0.763584
0.409467	0.754178
0.409354	0.757246
0.409149	0.745948
0.409199	0.746798
0.409033	0.753744
0.408983	0.752955
0.408761	0.748054
0.408641	0.747995
0.408623	0.751315
0.408302	0.748127
0.408263	0.748879
0.408213	0.759595
0.40803	0.762866
0.407885	0.76033
0.407963	0.757352
0.407846	0.75779
0.407613	0.760851
0.407525	0.750955
0.40738	0.753577
0.407274	0.748391
0.407285	0.752762
0.407119	0.748005
0.407002	0.75644
0.406921	0.748966
0.406953	0.745201
0.406712	0.751374
0.406631	0.765948
0.406546	0.748761
0.406292	0.753756
0.406303	0.750059
0.406275	0.750837
0.406172	0.749178
0.406038	0.74915
0.405794	0.747031
0.405727	0.748728
0.405738	0.764404
0.405561	0.748353
0.405462	0.755629
0.405473	0.761989
0.40506	0.774209
0.405067	0.772149
0.405046	0.763325
0.40494	0.759831
0.404774	0.752253
0.404572	0.754456
0.404484	0.755827
0.404534	0.756449
0.404491	0.763693
0.404262	0.763674
0.404163	0.771216
0.403926	0.777277
0.403803	0.766711
0.403813	0.777293
0.403743	0.767001
0.403661	0.767781
0.403651	0.764915
0.403379	0.756942
0.403386	0.754854
0.403238	0.773221
0.402983	0.772604
0.402895	0.773594
0.402817	0.77448
0.402814	0.770139
0.402662	0.768313
0.402528	0.770757
0.40257	0.768019
0.402344	0.775667
0.402139	0.767213
0.402146	0.768815
0.401821	0.763832
0.401984	0.772046
0.401716	0.774654
0.401627	0.774776
0.401546	0.775592
0.401567	0.76456
0.40132	0.772639
0.401278	0.776438
0.401165	0.77329
0.40096	0.777086
0.400896	0.772451
0.400872	0.758947
0.400741	0.771442
0.400529	0.773961
0.400458	0.767658
0.400328	0.768323
0.400352	0.774374
0.400307	0.769343
0.400066	0.775691
0.399957	0.764595
0.39989	0.757611
0.399897	0.769239
0.399752	0.759018
0.399607	0.763671
0.399523	0.753657
0.399325	0.754121
0.399212	0.753438
0.399184	0.75627
0.399081	0.744741
0.399007	0.758205
0.398763	0.767943
0.398809	0.767875
0.398633	0.756558
0.398587	0.755575
0.398382	0.76062
0.398294	0.771852
0.398092	0.761327
0.397969	0.759852
0.397962	0.772745
0.397831	0.767748
0.397852	0.772067
0.397601	0.760707
0.397506	0.764039
0.397386	0.764588
0.39739	0.76616
0.397181	0.756805
0.397128	0.758481
0.396998	0.757512
0.396927	0.747955
0.39669	0.754974
0.39669	0.74919
0.396613	0.758895
0.39656	0.768695
0.396295	0.765759
0.396221	0.763744
0.39626	0.771242
0.396171	0.7721
0.395903	0.761753
0.395772	0.763669
0.395857	0.746508
0.395804	0.74414
0.395574	0.738669
0.395458	0.744616
0.395394	0.76381
0.395172	0.75803
0.395295	0.73776
0.395034	0.757038
0.394903	0.75894
0.394847	0.750844
0.394639	0.734477
0.394826	0.755109
0.394448	0.760571
0.394448	0.758082
0.394261	0.760801
0.394127	0.765012
0.394077	0.761367
0.394141	0.763662
0.393773	0.761572
0.393766	0.76078
0.393675	0.760125
0.3936	0.752522
0.393335	0.740898
0.393427	0.745325
0.393194	0.747689
0.39312	0.745191
0.393078	0.743749
0.392936	0.745858
0.392944	0.745351
0.392799	0.747349
0.392732	0.753813
0.392576	0.756534
0.392431	0.752866
0.392484	0.746421
0.392128	0.745636
0.392248	0.759477
0.39205	0.756438
0.391983	0.770596
0.391969	0.767154
0.391676	0.768351
0.391623	0.766544
0.391566	0.769715
0.391524	0.767192
0.391287	0.768214
0.391252	0.772651
0.391263	0.772939
0.391195	0.775005
0.390966	0.764366
0.390818	0.749621
0.390751	0.748787
0.390754	0.751313
0.390507	0.750257
0.390351	0.762434
0.390334	0.764006
0.390323	0.760097
0.390051	0.751329
0.390016	0.757046
0.389935	0.764197
0.389892	0.77205
0.389769	0.77262
0.38962	0.77087
0.389504	0.767606
0.389402	0.760768
0.389493	0.771961
0.389246	0.765276
0.389137	0.759673
0.389098	0.757008
0.389084	0.757279
0.388798	0.745538
0.388787	0.764941
0.388681	0.754899
0.3886	0.761977
0.388342	0.775295
0.388303	0.771737
0.388264	0.773358
0.388222	0.762689
0.388134	0.753334
0.387911	0.769246
0.387897	0.752109
0.387728	0.751251
0.387459	0.752604
0.387579	0.756299
0.387413	0.768695
0.38735	0.774176
0.38717	0.763243
0.387131	0.763207
0.38693	0.752934
0.386749	0.755768
0.386718	0.766082
0.386696	0.756951
0.386573	0.756051
0.386467	0.75664
0.386562	0.762114
0.386319	0.762665
0.386273	0.76304
0.386075	0.762213
0.385994	0.759305
0.385895	0.739315
0.385835	0.76045
0.385743	0.772368
0.385637	0.763464
0.385489	0.751994
0.385485	0.752953
0.385443	0.75517
0.385111	0.749993
0.385051	0.770467
0.384867	0.765217
0.384895	0.759055
0.384906	0.758516
0.38456	0.767319
0.38456	0.771548
0.384496	0.76964
0.384472	0.760384
0.384281	0.773872
0.38414	0.773518
0.384051	0.773629
0.383815	0.760658
0.384013	0.766539
0.383772	0.771061
0.383691	0.752385
0.383592	0.753172
0.383631	0.758082
0.383264	0.752526
0.383373	0.753622
0.383267	0.761685
0.383077	0.75086
0.382978	0.755973
0.382957	0.756452
0.382798	0.752175
0.382815	0.769374
0.382607	0.765882
0.382561	0.763363
0.382494	0.763047
0.382462	0.770026
0.382123	0.768283
0.382162	0.762199
0.38206	0.754913
0.381975	0.769468
0.381968	0.757196
0.38183	0.767441
0.381558	0.767161
0.381569	0.768862
0.381548	0.765026
0.381251	0.762222
0.381297	0.768426
0.381286	0.768299
0.380891	0.752578
0.380916	0.760832
0.380848	0.744286
0.380774	0.75004
0.380732	0.753881
0.38069	0.755948
0.380605	0.755681
0.3804	0.75685
0.380305	0.758905
0.3801	0.751117
0.379966	0.765349
0.379895	0.757613
0.379913	0.749925
0.37974	0.750533
0.379662	0.753931
0.379535	0.7432
0.379499	0.747001
0.379482	0.74005
0.379217	0.746023
0.379196	0.740333
0.379093	0.761438
0.379005	0.761164
0.379062	0.763808
0.378708	0.75837
0.378726	0.758339
0.378648	0.752986
0.378567	0.749366
0.378341	0.751537
0.378292	0.752225
0.378045	0.75349
0.378218	0.749977
0.377999	0.751645
0.377893	0.764235
0.377826	0.757825
0.377663	0.76586
0.377494	0.768207
0.377575	0.758087
0.377465	0.767192
0.377395	0.754819
0.37725	0.752481
0.37707	0.750186
0.376985	0.747955
0.377105	0.74656
0.376741	0.753459
0.376727	0.756871
0.376597	0.758591
0.376593	0.748601
0.376597	0.761282
0.376445	0.762189
0.376342	0.763556
0.376229	0.766848
0.376081	0.77308
0.376039	0.763059
0.375933	0.763417
0.375848	0.75894
0.375788	0.76205
0.375604	0.755465
0.375513	0.754661
0.375368	0.747927
0.375491	0.750066
0.375343	0.747036
0.375057	0.760851
0.375082	0.778148
0.374976	0.772038
0.374926	0.766911
0.374619	0.772408
0.374753	0.771899
0.374626	0.772272
0.374524	0.772628
0.374464	0.770019
0.374252	0.759871
0.374266	0.77185
0.374245	0.76329
0.374118	0.759944
0.373927	0.754708
0.373764	0.766567
0.373715	0.771984
0.373683	0.772001
0.373418	0.757646
0.373496	0.752507
0.373259	0.760653
0.373231	0.756558
0.373125	0.770778
0.372977	0.774609
0.372906	0.766577
0.372857	0.765653
0.372864	0.770983
0.372631	0.770707
0.372585	0.759303
0.372433	0.758448
0.37249	0.760622
0.37244	0.776075
0.372242	0.77575
0.372165	0.772404
0.372062	0.767489
0.372023	0.741544
0.371978	0.742408
0.371812	0.743841
0.371762	0.751888
0.371589	0.745344
0.371487	0.75324
0.37136	0.746037
0.37136	0.747321
0.371264	0.755554
0.370978	0.769473
0.371017	0.771895
0.370862	0.756362
0.370805	0.764001
0.370777	0.764143
0.370773	0.772807
0.370512	0.762267
0.370448	0.755186
0.370392	0.76607
0.370364	0.757948
0.370102	0.760629
0.370106	0.770872
0.369933	0.772175
0.369679	0.763518
0.369693	0.752458
0.369703	0.75594
0.36958	0.756138
0.369724	0.752328
0.369544	0.751254
0.369407	0.757463
0.369262	0.752642
0.369163	0.757583
0.369128	0.765915
0.368951	0.761353
0.369036	0.751428
0.36881	0.769574
0.368771	0.749623
0.36864	0.749689
0.368446	0.758598
0.368457	0.749826
0.368457	0.769444
0.368372	0.767406
0.368248	0.758042
0.368044	0.769807
0.367984	0.751504
0.367892	0.750304
0.367627	0.74944
0.367712	0.756117
0.367641	0.752976
0.367479	0.758235
0.367426	0.758101
0.367245	0.752342
0.367408	0.772234
0.367161	0.771718
0.367118	0.756294
0.366974	0.752255
0.366829	0.766942
0.366783	0.761822
0.366825	0.76558
0.36656	0.762632
0.366589	0.753106
0.366416	0.756025
0.366324	0.759517
0.366221	0.744831
0.366031	0.764904
0.365988	0.758073
0.366006	0.758311
0.365858	0.760571
0.365787	0.735677
0.365727	0.734355
0.365575	0.757114
0.365589	0.768393
0.365536	0.75525
0.365434	0.752166
0.365183	0.75103
0.36513	0.751975
0.365045	0.749183
0.365014	0.750184
0.364915	0.746466
0.364862	0.758942
0.364643	0.751612
0.364759	0.763763
0.36442	0.762684
0.364346	0.751532
0.364191	0.746376
0.364272	0.742736
0.364191	0.742441
0.364014	0.755818
0.364092	0.763973
0.363855	0.763485
0.363795	0.765674
0.363802	0.769465
0.363601	0.768407
0.363382	0.761621
0.363439	0.756445
0.363488	0.753134
0.363103	0.756657
0.363114	0.753796
0.362951	0.746527
0.362958	0.762246
0.362958	0.745441
0.362753	0.741998
0.362711	0.752203
0.36269	0.769539
0.362644	0.771753
0.362478	0.765825
0.362372	0.764124
0.362213	0.766786
0.36215	0.757441
0.362075	0.756499
0.362107	0.7646
0.362015	0.766449
0.361722	0.762745
0.361881	0.768327
0.361634	0.764093
0.361465	0.771508
0.361454	0.768886
0.361405	0.770943
0.361341	0.768539
0.361309	0.769465
0.361295	0.754619
0.360974	0.756275
0.360907	0.74333
0.360804	0.756287
0.360885	0.756202
0.360638	0.760926
0.360571	0.754326
0.360469	0.762962
0.360334	0.763469
0.360183	0.771091
0.360225	0.7714
0.360151	0.764913
0.360112	0.771339
0.359932	0.768587
0.359822	0.772981
0.359695	0.773078
0.359812	0.769621
0.359706	0.773718
0.359561	0.776991
0.359416	0.761105
0.359289	0.761591
0.359286	0.751515
0.359226	0.757211
0.359106	0.753577
0.359067	0.765627
0.35895	0.769357
0.358837	0.763499
0.358685	0.76292
0.358819	0.75333
0.358477	0.755085
0.358509	0.772284
0.358431	0.767677
0.358272	0.765634
0.358163	0.76427
0.358219	0.762946
0.358004	0.770276
0.358	0.763634
0.35794	0.756129
0.357601	0.752974
0.357693	0.756683
0.357559	0.741334
0.357471	0.753627
0.357333	0.771091
0.357386	0.768558
0.357266	0.774619
0.356955	0.768615
0.357086	0.770825
0.356916	0.762851
0.356778	0.750745
0.356757	0.760875
0.356743	0.744553
0.356687	0.753327
0.356584	0.756105
0.356492	0.750283
0.356323	0.763499
0.35609	0.772189
0.356072	0.761501
0.356083	0.762178
0.356044	0.764678
0.355917	0.77164
0.355779	0.767142
0.355655	0.759659
0.355659	0.769633
0.355659	0.76627
0.355571	0.769543
0.3555	0.758869
0.355242	0.739421
0.355278	0.762361
0.355073	0.769805
0.355069	0.762017
0.355002	0.752043
0.3549	0.759628
0.354787	0.757046
0.354642	0.758499
0.354479	0.768888
0.354416	0.768181
0.354547	0.769635
0.354402	0.772234
0.354292	0.765797
0.354253	0.737178
0.35425	0.756313
0.35395	0.76586
0.353837	0.754418
0.353911	0.758228
0.353808	0.748252
0.353586	0.748287
0.353586	0.759037
0.353462	0.755413
0.353342	0.757159
0.353166	0.756037
0.353081	0.762684
0.353116	0.754051
0.353067	0.751141
0.353024	0.769774
0.352742	0.760071
0.352714	0.756273
0.352608	0.755615
0.352604	0.749107
0.352597	0.748169
0.35247	0.746998
0.352311	0.746475
0.352191	0.746553
0.352265	0.747239
0.352142	0.75328
0.351979	0.753353
0.351919	0.747606
0.351923	0.754169
0.351651	0.752203
0.351767	0.753108
0.351435	0.765078
0.351453	0.763089
0.351382	0.765085
0.351344	0.769685
0.351262	0.766984
0.351033	0.770629
0.350994	0.772095
0.350959	0.772489
0.350952	0.756539
0.350842	0.741445
0.350665	0.762253
0.350521	0.762811
0.350475	0.774319
0.35051	0.763438
0.350454	0.75878
0.350266	0.759206
0.350136	0.743775
0.350048	0.756014
0.350097	0.760269
0.349776	0.753926
0.349684	0.751909
0.349694	0.750759
0.349705	0.754305
0.349656	0.769128
0.349504	0.771704
0.349401	0.771197
0.349281	0.76726
0.349274	0.763443
0.349274	0.766737
0.349094	0.756219
0.348963	0.751482
0.348917	0.752983
0.348751	0.756355
0.348667	0.753047
0.348596	0.768271
0.3486	0.770684
0.348497	0.76886
0.348469	0.777658
0.348299	0.768386
0.348194	0.773294
0.348066	0.777449
0.348024	0.775443
0.348105	0.76795
0.347978	0.767903
0.347837	0.758045
0.347611	0.766143
0.347773	0.759753
0.347749	0.76791
0.347304	0.772646
0.347229	0.770399
0.347357	0.777658
0.347205	0.772274
0.347095	0.764008
0.346933	0.766282
0.346905	0.775632
0.346989	0.762717
0.346841	0.766261
0.346788	0.753554
0.346576	0.7634
0.346509	0.766506
0.346513	0.768643
0.346364	0.771598
0.346184	0.762465
0.346114	0.756223
0.346241	0.761028
0.345997	0.777024
0.345979	0.77722
0.34581	0.775417
0.345679	0.761181
0.3457	0.759161
0.345683	0.75287
0.345587	0.752116
0.345517	0.757901
0.34552	0.768525
0.345496	0.775165
0.345252	0.759359
0.3451	0.772538
0.345107	0.760234
0.3451	0.75825
0.344846	0.754114
0.344807	0.762913
0.34462	0.775688
0.344443	0.775879
0.344411	0.767788
0.344422	0.757583
0.344383	0.758761
0.344284	0.754732
0.344203	0.744374
0.344026	0.766925
0.343984	0.76234
0.343864	0.757833
0.343839	0.752738
0.343864	0.75956
0.343666	0.763841
0.343437	0.752689
0.343419	0.763198
0.343405	0.762519
0.343295	0.761501
0.34337	0.772404
0.343006	0.763999
0.343066	0.751944
0.34296	0.768297
0.342999	0.770179
0.342776	0.767427
0.342667	0.750095
0.342614	0.755007
0.342593	0.754927
0.342557	0.768768
0.342331	0.753657
0.342254	0.749977
0.342215	0.750453
0.342169	0.76332
0.34218	0.750721
0.342084	0.763141
0.341915	0.757955
0.341911	0.761815
0.341759	0.761815
0.341579	0.753108
0.341502	0.749739
0.341491	0.744022
0.341473	0.747837
0.341343	0.755714
0.341293	0.744058
0.34111	0.745083
0.341014	0.762613
0.340922	0.754779
0.340926	0.743989
0.340958	0.756666
0.340753	0.753964
0.340675	0.76746
0.340665	0.764956
0.340492	0.760045
0.340559	0.753629
0.340227	0.752489
0.340234	0.757046
0.340145	0.755601
0.339962	0.753106
0.340089	0.752555
0.339845	0.754277
0.339746	0.753304
0.339686	0.764383
0.339679	0.766822
0.339693	0.761544
0.339436	0.763945
0.339425	0.764883
0.339358	0.763634
0.339273	0.759944
0.339326	0.765375
0.339245	0.763582
0.339157	0.763615
0.338941	0.76382
0.338941	0.751117
0.338705	0.756947
0.338606	0.768587
0.338719	0.761716
0.338577	0.773742
0.338595	0.766077
0.338443	0.774081
0.338447	0.772486
0.338443	0.755245
0.338295	0.754162
0.3382	0.752121
0.338118	0.753747
0.337755	0.755309
0.337914	0.758396
0.337793	0.752734
0.337723	0.769218
0.337564	0.775003
0.337454	0.772741
0.337377	0.760938
0.337366	0.773523
0.337331	0.77362
0.33726	0.768144
0.337225	0.76131
0.336974	0.755952
0.336886	0.752387
0.336794	0.753568
0.336798	0.760274
0.336798	0.762295
0.336663	0.755865
0.336536	0.76034
0.33643	0.765882
0.336554	0.761044
0.336183	0.756431
0.336381	0.755278
0.336123	0.75575
0.336049	0.759053
0.335978	0.757526
0.335964	0.75955
0.335738	0.760052
0.335692	0.759887
0.335798	0.750323
0.335653	0.753655
0.335562	0.75919
0.335533	0.766567
0.335276	0.765684
0.335226	0.770813
0.335124	0.766923
0.335261	0.758839
0.33512	0.755509
0.335039	0.774892
0.334869	0.762425
0.334764	0.753078
0.334679	0.75365
0.334781	0.758438
0.334679	0.753575
0.334439	0.752137
0.334439	0.763129
0.334326	0.766727
0.334287	0.769202
0.334287	0.76759
0.334011	0.769006
0.333948	0.772272
0.333983	0.756836
0.333898	0.761911
0.333828	0.764503
0.333701	0.758073
0.333619	0.772441
0.333626	0.772696
0.333588	0.768568
0.333227	0.770571
0.333386	0.762748
0.333256	0.751508
0.333097	0.751939
0.333079	0.74956
0.333023	0.745408
0.333037	0.746223
0.332885	0.747251
0.332616	0.750097
0.332701	0.752804
0.332616	0.75234
0.332486	0.74935
0.332362	0.750113
0.332217	0.764505
0.332239	0.765677
0.332164	0.766353
0.332196	0.756447
0.33196	0.760917
0.33191	0.753337
0.331924	0.753959
0.331762	0.757225
0.331914	0.764027
0.331727	0.75443
0.331504	0.764192
0.331493	0.766737
0.331702	0.753264
0.331363	0.745719
0.331271	0.741134
0.331091	0.747698
0.330971	0.747133
0.330939	0.746706
0.330932	0.760978
0.330928	0.763912
0.330985	0.755983
0.330685	0.760483
0.330671	0.762778
0.330657	0.765238
0.330293	0.750632
0.33024	0.752797
0.330367	0.765778
0.330194	0.756355
0.330127	0.756909
0.330099	0.756902
0.330091	0.748681
0.330042	0.746471
0.329841	0.753363
0.329678	0.761586
0.329675	0.759944
0.329583	0.759682
0.329438	0.764675
0.329456	0.756666
0.329385	0.761744
0.329389	0.761221
0.329276	0.748042
0.329131	0.743306
0.329018	0.747694
0.328898	0.742941
0.328845	0.742187
0.328629	0.746464
0.328584	0.758228
0.328587	0.75041
0.328573	0.753704
0.328513	0.753907
0.328464	0.756843
0.328439	0.765161
0.328418	0.759798
0.32811	0.761016
0.328142	0.765179
0.328068	0.762088
0.328029	0.762514
0.327944	0.766942
0.327803	0.766546
0.327775	0.756254
0.327768	0.767632
0.327694	0.763374
0.327355	0.755959
0.327514	0.74828
0.327355	0.755095
0.327228	0.759536
0.327189	0.755406
0.327189	0.735943
0.327111	0.755238
0.32697	0.737463
0.326913	0.741268
0.326843	0.757276
0.326765	0.76419
0.326518	0.768928
0.326426	0.772333
0.326585	0.771282
0.326489	0.771815
0.326422	0.76931
0.326384	0.753429
0.326097	0.752611
0.326041	0.758985
0.325967	0.754508
0.325974	0.766266
0.325931	0.756763
0.325889	0.748556
0.325804	0.761473
0.32567	0.74923
0.325582	0.7682
0.325508	0.75607
0.325335	0.766513
0.325525	0.768337
0.325462	0.768188
0.325264	0.769732
0.325088	0.767335
0.325268	0.758999
0.324932	0.747606
0.324844	0.766763
0.324851	0.752046
0.324706	0.756822
0.32477	0.748881
0.32466	0.755563
0.324653	0.753638
0.324424	0.759522
0.324346	0.756864
0.324261	0.757649
0.324286	0.756063
0.324081	0.760981
0.324148	0.764743
0.324049	0.757842
0.323866	0.755014
0.323841	0.758271
0.323795	0.758935
0.323693	0.75792
0.323615	0.762017
0.323495	0.766178
0.323516	0.766186
0.323315	0.766916
0.323421	0.774595
0.323251	0.757939
0.323131	0.771442
0.323064	0.762441
0.323043	0.762618
0.323039	0.757632
0.322969	0.757439
0.322654	0.75735
0.32275	0.761565
0.32269	0.752604
0.322513	0.762644
0.322411	0.771591
0.322368	0.753697
0.322361	0.761153
0.322326	0.747724
0.322255	0.760976
0.322252	0.757267
0.321945	0.753801
0.321955	0.763591
0.321959	0.772069
0.321708	0.771442
0.321885	0.753521
0.321697	0.747031
0.321708	0.739508
0.321553	0.73948
0.321443	0.75271
0.321387	0.766035
0.321464	0.765863
0.321341	0.768815
0.321281	0.759927
0.321203	0.761871
0.321118	0.741789
0.32097	0.745111
0.320942	0.738787
0.32079	0.74743
0.320712	0.760509
0.320702	0.762644
0.320638	0.764802
0.320302	0.761657
0.320362	0.756395
0.320295	0.752121
0.320239	0.753016
0.320281	0.739602
0.320006	0.743872
0.320129	0.741932
0.319833	0.758931
0.31991	0.756412
0.319709	0.737552
0.319833	0.76427
0.319621	0.764986
0.319501	0.752517
0.31954	0.763316
0.319455	0.7614
0.319423	0.76517
0.319338	0.736956
0.319278	0.751657
0.319084	0.756398
0.319257	0.751643
0.318932	0.754091
0.31884	0.760227
0.318883	0.757894
0.318897	0.752908
0.318685	0.753554
0.318572	0.762331
0.318519	0.756072
0.318473	0.748594
0.318484	0.755997
0.318477	0.747218
0.318293	0.750175
0.318177	0.746603
0.31823	0.748966
0.318056	0.766694
0.317905	0.769873
0.317813	0.759171
0.317785	0.764668
0.317746	0.768313
0.317707	0.763846
0.317664	0.758085
0.317559	0.760057
0.317382	0.76357
0.317626	0.742825
0.317329	0.743325
0.317237	0.748817
0.316983	0.75292
0.317149	0.760973
0.317011	0.769972
0.316979	0.758375
0.31682	0.753641
0.316743	0.753332
0.316633	0.758146
0.31657	0.752147
0.31657	0.758737
0.316584	0.763999
0.316291	0.761025
0.316411	0.751266
0.31621	0.748827
0.316132	0.744925
0.316065	0.746343
0.315994	0.760717
0.315987	0.767875
0.315998	0.775132
0.315736	0.76865
0.315729	0.763078
0.315698	0.759063
0.315616	0.759781
0.315567	0.762496
0.31557	0.766464
0.315288	0.774381
0.315253	0.772496
0.315157	0.773374
0.3152	0.771591
0.315323	0.761876
0.314974	0.75755
0.314906	0.762123
0.314892	0.74996
0.314899	0.747774
0.31461	0.76214
0.314815	0.747929
0.314737	0.750163
0.314529	0.749463
0.314437	0.748443
0.314366	0.769411
0.314324	0.764972
0.314327	0.77214
0.314246	0.773898
0.31402	0.753681
0.313974	0.767663
0.313978	0.758587
0.313829	0.752564
0.313858	0.774604
0.313685	0.761555
0.313688	0.758412
0.313547	0.755865
0.313635	0.752731
0.313254	0.768801
0.313437	0.770547
0.31331	0.75591
0.31325	0.756532
0.313109	0.76341
0.313109	0.773761
0.313112	0.77209
0.313137	0.769739
0.313052	0.775884
0.312692	0.769027
0.312784	0.762493
0.31271	0.772154
0.312664	0.765931
0.312442	0.768947
0.312618	0.767222
0.312434	0.775646
0.312364	0.768005
0.312353	0.769979
0.312184	0.768094
0.31229	0.771341
0.312028	0.766082
0.312028	0.766148
0.311975	0.739906
0.311937	0.761525
0.311873	0.775688
0.311619	0.772595
0.311615	0.769894
0.311845	0.76964
0.311622	0.770363
0.311545	0.763466
0.311463	0.75259
0.311442	0.74533
0.311234	0.762128
0.311198	0.770189
0.311018	0.761563
0.310948	0.758615
0.310877	0.761638
0.310771	0.756614
0.310796	0.744696
0.310895	0.760764
0.310736	0.743803
0.310711	0.744579
0.310531	0.748476
0.31046	0.746767
0.31034	0.759496
0.310467	0.753396
0.310256	0.758813
0.310284	0.764185
0.310023	0.759981
0.309984	0.760396
0.309832	0.760361
0.30991	0.740043
0.309857	0.758919
0.309669	0.736796
0.309623	0.765912
0.309574	0.753817
0.309581	0.759032
0.309387	0.766921
0.309472	0.753499
0.309366	0.755886
0.309143	0.749164
0.309122	0.730738
0.309069	0.733172
0.309136	0.756961
0.308998	0.757837
0.309002	0.751247
0.308875	0.74779
0.308762	0.748134
0.308652	0.748337
0.30861	0.749666
0.308606	0.759008
0.308599	0.760971
0.3085	0.754571
0.308412	0.754447
0.308267	0.748078
0.308193	0.762877
0.308186	0.749383
0.308214	0.756683
0.307957	0.743318
0.307996	0.758759
0.307935	0.763382
0.307678	0.760335
0.307854	0.756353
0.307642	0.759791
0.307621	0.75968
0.307777	0.762199
0.307586	0.740479
0.30736	0.745144
0.307427	0.7466
0.30737	0.747382
0.307314	0.751063
0.307109	0.751541
0.307042	0.74963
0.306968	0.742064
0.307042	0.744211
0.306738	0.747071
0.306954	0.760316
0.306692	0.746881
0.306703	0.752159
0.306611	0.757119
0.30653	0.764126
0.306445	0.758231
0.306272	0.763789
0.306212	0.766084
0.30612	0.760931
0.306092	0.75759
0.306099	0.75972
0.306039	0.764597
0.305915	0.760754
0.305802	0.758907
0.305817	0.755801
0.305718	0.751739
0.305707	0.752441
0.3057	0.752467
0.305559	0.75082
0.305502	0.752625
0.305365	0.760389
0.305333	0.765948
0.305329	0.766237
0.305068	0.76357
0.30504	0.763926
0.305036	0.736918
0.305033	0.73751
0.304973	0.761025
0.30487	0.757357
0.304732	0.758971
0.304711	0.766619
0.304566	0.761511
0.30451	0.770269
0.30446	0.77091
0.30446	0.772081
0.304411	0.766433
0.30433	0.77299
0.304143	0.767053
0.304121	0.769079
0.304033	0.76607
0.304001	0.765354
0.303867	0.763711
0.304037	0.771438
0.303779	0.765733
0.303779	0.764213
0.303705	0.761796
0.303655	0.761287
0.30362	0.75963
0.303373	0.768933
0.303316	0.77235
0.303267	0.771527
0.303221	0.756407
0.303214	0.756904
0.303196	0.759529
0.303126	0.751284
0.302967	0.756925
0.302928	0.751555
0.302808	0.752024
0.30273	0.761772
0.30284	0.76754
0.302522	0.769098
0.302522	0.765102
0.302518	0.759166
0.302469	0.755983
0.302356	0.753134
0.302306	0.750637
0.302366	0.759661
0.302289	0.774213
0.302112	0.773919
0.302112	0.767119
0.30201	0.754626
0.301967	0.752538
0.30195	0.76878
0.30178	0.773999
0.301875	0.765933
0.301582	0.769904
0.301536	0.774776
0.301335	0.772889
0.301501	0.774715
0.301491	0.766145
0.30124	0.772802
0.30124	0.771046
0.301279	0.756362
0.301226	0.750212
0.300971	0.751388
0.300873	0.749685
0.300943	0.757057
0.300862	0.769864
0.30077	0.752708
0.30071	0.752536
0.300664	0.768615
0.300491	0.761735
0.300654	0.759119
0.300357	0.748075
0.300477	0.756508
0.300364	0.74971
0.3003	0.756313
0.300262	0.763471
0.30017	0.762236
0.300036	0.765052
0.300036	0.759993
0.300011	0.750877
0.299746	0.749315
0.299619	0.761829
0.299626	0.750182
0.299619	0.755234
0.299601	0.762418
0.299517	0.752057
0.299421	0.76288
0.299308	0.761341
0.299238	0.751226
0.299245	0.755391
0.29922	0.762715
0.299061	0.74053
0.299075	0.762222
0.29898	0.762317
0.298906	0.756577
0.298782	0.767441
0.298771	0.763005
0.298651	0.763737
0.298556	0.760632
0.29868	0.736211
0.29851	0.758669
0.298457	0.757079
0.298376	0.761749
0.298302	0.767456
0.298235	0.762637
0.298358	0.762112
0.297966	0.760844
0.297991	0.751487
0.297977	0.753019
0.297959	0.741487
0.297892	0.756409
0.297814	0.763843
0.297737	0.761242
0.297832	0.763693
0.297479	0.759218
0.297401	0.756647
0.297398	0.757847
0.297391	0.763066
0.297376	0.762934
0.297196	0.761327
0.297087	0.753158
0.297129	0.751808
0.297126	0.755976
0.297094	0.749081
0.296822	0.757741
0.296723	0.763966
0.296709	0.767496
0.296709	0.765538
0.296681	0.761572
0.296607	0.749428
0.296434	0.744237
0.296296	0.747658
0.296239	0.745528
0.296179	0.746895
0.296278	0.759171
0.296162	0.757632
0.296133	0.767887
0.296077	0.767861
0.29589	0.769411
0.295812	0.771372
0.295911	0.772135
0.295749	0.765128
0.295826	0.763704
0.295738	0.761541
0.295653	0.773052
0.295551	0.767698
0.295473	0.756077
0.29548	0.766346
0.295328	0.74944
0.295095	0.759894
0.295056	0.76181
0.2953	0.766687
0.295141	0.768858
0.295017	0.768396
0.294943	0.771921
0.294816	0.765389
0.294827	0.743575
0.294915	0.743488
0.294823	0.751299
0.294643	0.752053
0.294594	0.750995
0.294484	0.753148
0.29435	0.762932
0.294392	0.773662
0.294181	0.772199
0.294174	0.760217
0.294234	0.756145
0.29417	0.752941
0.29394	0.75509
0.294022	0.759044
0.29406	0.759925
0.293799	0.757651
0.293782	0.754256
0.293669	0.765627
0.293651	0.767335
0.293488	0.774044
0.29339	0.761072
0.293305	0.773462
0.293432	0.764996
0.293368	0.762856
0.293248	0.752234
0.293171	0.754753
0.293121	0.76656
0.29298	0.753056
0.2931	0.770092
0.29298	0.77464
0.292927	0.764741
0.292909	0.762505
0.29257	0.765457
0.292553	0.766388
0.292627	0.776207
0.292524	0.764937
0.29245	0.761803
0.29239	0.758045
0.292383	0.761857
0.292337	0.769414
0.292164	0.770747
0.29221	0.771395
0.292104	0.766709
0.292058	0.764548
0.292002	0.772149
0.291973	0.766285
0.29168	0.766322
0.291641	0.754831
0.291553	0.755019
0.291656	0.744251
0.291553	0.763188
0.29144	0.767847
0.291352	0.766859
0.291288	0.76844
0.291246	0.761056
0.291285	0.749258
0.291253	0.749765
0.290999	0.757378
0.291133	0.751117
0.290974	0.74923
0.290946	0.750578
0.29079	0.763115
0.290734	0.748061
0.290702	0.747913
0.290699	0.768905
0.290706	0.755302
0.290579	0.758403
0.290289	0.765832
0.29048	0.75943
0.290289	0.756859
0.290257	0.745988
0.290169	0.743744
0.290045	0.7559
0.289876	0.740389
0.290049	0.748273
0.289802	0.745012
0.290038	0.767738
0.289636	0.767701
0.289622	0.760587
0.289622	0.756758
0.289597	0.760526
0.289537	0.756586
0.28947	0.753485
0.289456	0.738662
0.289459	0.754487
0.28917	0.762498
0.289268	0.742225
0.289035	0.745314
0.289134	0.762677
0.289011	0.752342
0.288943	0.751513
0.28888	0.753224
0.28882	0.745328
0.288792	0.745759
0.288778	0.765629
0.288619	0.750997
0.288654	0.753221
0.288622	0.763391
0.28852	0.751501
0.288633	0.758393
0.288354	0.766037
0.288361	0.765135
0.288078	0.759169
0.287937	0.76788
0.288145	0.767849
0.287972	0.765344
0.287941	0.767173
0.287877	0.75304
0.287796	0.755981
0.287782	0.756296
0.287743	0.762215
0.28752	0.754781
0.287474	0.748309
0.287584	0.760062
0.287453	0.759494
0.287524	0.758499
0.287354	0.762792
0.2871	0.76144
0.287174	0.761063
0.287001	0.76448
0.286966	0.767729
0.286987	0.76165
0.287033	0.752974
0.28668	0.75045
0.286683	0.752135
0.286712	0.749534
0.286609	0.745566
0.286772	0.752776
0.286574	0.752969
0.286475	0.746812
0.286563	0.750945
0.286539	0.749984
0.286387	0.75197
0.286147	0.757576
0.286178	0.750714
0.286157	0.743591
0.286019	0.751508
0.286101	0.750611
0.285854	0.750139
0.285885	0.765222
0.285857	0.755007
0.285815	0.759001
0.28579	0.763935
0.285709	0.772986
0.285483	0.76509
0.285447	0.764885
0.285416	0.761487
0.285479	0.771822
0.285462	0.765333
0.28514	0.768193
0.285317	0.757677
0.285059	0.765787
0.285119	0.75362
0.285041	0.752093
0.285017	0.744546
0.284946	0.762135
0.284921	0.76017
0.284925	0.773422
0.284829	0.771176
0.284784	0.763704
0.284642	0.763622
0.284614	0.763952
0.284526	0.767505
0.284413	0.772474
0.284331	0.766358
0.284275	0.76763
0.284264	0.760227
0.284098	0.756372
0.283975	0.755354
0.284081	0.749256
0.283834	0.745271
0.283985	0.761374
0.283834	0.766256
0.283781	0.77361
0.283664	0.762234
0.283671	0.755328
0.283544	0.754058
0.283664	0.755596
0.283579	0.761292
0.283254	0.758184
0.283251	0.764374
0.283374	0.763459
0.283314	0.772288
0.283244	0.76193
0.283141	0.756332
0.282944	0.761063
0.28299	0.758261
0.282841	0.758481
0.28276	0.752338
0.282845	0.7664
0.282566	0.771414
0.282651	0.76041
0.282608	0.761155
0.282523	0.757668
0.282485	0.754265
0.282417	0.749407
0.282495	0.754324
0.282432	0.74996
0.282414	0.749779
0.282283	0.754574
0.282138	0.757512
0.282167	0.767663
0.282025	0.77267
0.282015	0.768737
0.281849	0.757046
0.281997	0.756834
0.281941	0.759668
0.281859	0.760559
0.281588	0.765446
0.281581	0.765165
0.281584	0.764753
0.281499	0.764784
0.281468	0.767976
0.281316	0.751951
0.281323	0.752081
0.281224	0.750603
0.28104	0.748895
0.28098	0.759868
0.281157	0.755516
0.28091	0.751951
0.280878	0.753761
0.280888	0.750912
0.280825	0.758504
0.280751	0.751987
0.280634	0.747526
0.280599	0.748869
0.280616	0.750316
0.280571	0.755995
0.280461	0.756449
0.280327	0.755731
0.280327	0.764456
0.28033	0.768273
0.280119	0.766812
0.280062	0.760966
0.28008	0.762604
0.280073	0.767069
0.280073	0.754689
0.279981	0.761454
0.279663	0.754977
0.279794	0.750702
0.279652	0.76403
0.279635	0.749626
0.279508	0.754743
0.279504	0.753796
0.27932	0.766676
0.279493	0.757038
0.279366	0.75341
0.279289	0.759091
0.27925	0.753245
0.279151	0.762962
0.279243	0.752015
0.278847	0.75968
0.278798	0.762003
0.278798	0.752849
0.278957	0.742736
0.278653	0.747816
0.278713	0.746131
0.278642	0.756473
0.278639	0.752227
0.278434	0.74926
0.278349	0.756532
0.278388	0.747168
0.278268	0.762453
0.278378	0.758678
0.278332	0.761489
0.278265	0.754739
0.278233	0.762265
0.277971	0.7623
0.277971	0.763304
0.277897	0.76443
0.277873	0.765191
0.277813	0.760323
0.277823	0.765349
0.27782	0.770752
0.277512	0.761822
0.277632	0.771833
0.277403	0.771497
0.277406	0.773587
0.27741	0.769458
0.277555	0.764515
0.277212	0.750325
0.277134	0.752036
0.277131	0.749117
0.27712	0.749251
0.27693	0.758035
0.276986	0.763134
0.277043	0.766669
0.276961	0.750104
0.276817	0.752317
0.276979	0.761237
0.276612	0.751011
0.276569	0.752493
0.276559	0.767514
0.276379	0.765976
0.276298	0.76198
0.276513	0.774859
0.27616	0.771885
0.27629	0.775212
0.276146	0.771438
0.276153	0.764414
0.276054	0.76312
0.275888	0.76927
0.275853	0.767208
0.275881	0.769432
0.275888	0.762616
0.2758	0.772512
0.27575	0.769209
0.275743	0.76788
0.275612	0.7703
0.275446	0.766181
0.275468	0.766989
0.275475	0.74959
0.275471	0.768301
0.27545	0.747048
0.275326	0.759722
0.275323	0.768462
0.275058	0.766468
0.275069	0.757623
0.275026	0.750698
0.275005	0.752243
0.275026	0.754204
0.27491	0.756692
0.274906	0.756796
0.274906	0.749194
0.274747	0.757661
0.274659	0.756037
0.274638	0.760973
0.274486	0.758365
0.274415	0.751737
0.274606	0.75509
0.27426	0.760995
0.274384	0.765563
0.274133	0.762057
0.274221	0.767526
0.274196	0.76869
0.273917	0.76697
0.274055	0.772972
0.274009	0.771372
0.27384	0.771676
0.273755	0.772246
0.273727	0.753766
0.273649	0.761518
0.273773	0.742121
0.273645	0.747274
0.273589	0.750955
0.273458	0.75903
0.273243	0.766381
0.273366	0.771699
0.273384	0.757107
0.273268	0.752149
0.27314	0.763643
0.272996	0.763038
0.272964	0.748784
0.272918	0.749715
0.272957	0.746197
0.272943	0.747382
0.272879	0.768754
0.272628	0.764791
0.272692	0.761619
0.272579	0.738834
0.272519	0.745292
0.27265	0.75251
0.272551	0.758787
0.272395	0.744541
0.272243	0.747522
0.272138	0.734388
0.272134	0.73427
0.27218	0.744166
0.272141	0.746046
0.272035	0.759925
0.272049	0.760033
0.271979	0.758916
0.271968	0.760387
0.271979	0.752917
0.271926	0.751626
0.271763	0.752583
0.271569	0.749253
0.271625	0.753641
0.27159	0.758674
0.271548	0.752656
0.271385	0.761391
0.271258	0.761284
0.271322	0.767981
0.271311	0.756056
0.271075	0.76714
0.271226	0.74804
0.271159	0.75361
0.271029	0.753853
0.270884	0.755827
0.270863	0.754345
0.270838	0.747922
0.270757	0.754515
0.270891	0.755943
0.270531	0.7498
0.270746	0.750919
0.270661	0.755509
0.270389	0.759117
0.270442	0.746489
0.270358	0.756362
0.270344	0.75169
0.270262	0.756294
0.270372	0.748188
0.270326	0.751431
0.269966	0.757383
0.269937	0.764741
0.270072	0.754491
0.269796	0.754044
0.26993	0.747248
0.269669	0.754366
0.269673	0.755973
0.26957	0.748148
0.269567	0.743542
0.269485	0.742602
0.269514	0.745387
0.269319	0.744923
0.269507	0.744725
0.269432	0.744826
0.269312	0.740681
0.269164	0.754696
0.269104	0.758195
0.2691	0.761796
0.269026	0.760125
0.268931	0.761647
0.269086	0.741075
0.268818	0.759736
0.268903	0.750153
0.26867	0.756124
0.268751	0.755443
0.268624	0.762109
0.268656	0.76177
0.268585	0.765731
0.268405	0.760766
0.268422	0.759663
0.268504	0.756475
0.268256	0.758752
0.26832	0.753287
0.268299	0.750462
0.268249	0.751046
0.268119	0.753612
0.268264	0.754678
0.267999	0.755578
0.267988	0.758056
0.267864	0.752578
0.26784	0.764753
0.267836	0.765113
0.26784	0.764388
0.267723	0.765637
0.267737	0.766586
0.267427	0.766063
0.267465	0.777995
0.26742	0.765464
0.267395	0.74709
0.26748	0.771129
0.267204	0.770726
0.267148	0.742114
0.267162	0.758238
0.267112	0.763306
0.267073	0.760406
0.267006	0.738603
0.266992	0.759487
0.267003	0.75488
0.266734	0.752097
0.266893	0.752547
0.266636	0.753997
0.266696	0.744355
0.26659	0.743071
0.266586	0.743587
0.266547	0.752712
0.266427	0.760495
0.26636	0.763987
0.266169	0.767804
0.266268	0.766555
0.266173	0.769348
0.266159	0.773132
0.266229	0.772357
0.266152	0.764477
0.266152	0.752288
0.266	0.757844
0.265795	0.754022
0.265855	0.753542
0.265813	0.752769
0.265774	0.752884
0.265604	0.765797
0.265513	0.769576
0.265728	0.755394


