Prel	liquid_fraction
0.733914	0.0370572
0.730158	0.0383725
0.730457	0.0397772
0.730644	0.0412472
0.731039	0.0427545
0.731391	0.0442779
0.73186	0.0457956
0.73217	0.0472957
0.732378	0.0487718
0.73278	0.0502119
0.733192	0.0516064
0.73353	0.0529508
0.733647	0.0542491
0.734225	0.0554884
0.734493	0.0566708
0.734757	0.0577978
0.735229	0.0588636
0.735416	0.0598749
0.735888	0.0608267
0.736174	0.0617228
0.736473	0.0625657
0.736819	0.0633566
0.737224	0.0640948
0.737534	0.0647836
0.737795	0.0654279
0.738186	0.0660272
0.738457	0.066586
0.73869	0.0671096
0.739222	0.0675919
0.739349	0.0680432
0.73992	0.0684557
0.740135	0.0688369
0.740413	0.0691901
0.740836	0.0695135
0.740988	0.0698156
0.741534	0.0700889
0.741827	0.0703377
0.742109	0.0705653
0.742465	0.070772
0.742637	0.0709648
0.743014	0.071142
0.743448	0.0713008
0.743716	0.0714451
0.744068	0.0715746
0.744551	0.0716852
0.744703	0.0717852
0.745126	0.0718716
0.745506	0.0719438
0.745711	0.0720079
0.746038	0.0720639
0.746528	0.0721067
0.746747	0.0721419
0.74718	0.0721661
0.747445	0.072183
0.747628	0.0721984
0.748019	0.0722092
0.748393	0.0722141
0.748851	0.0722092
0.749069	0.0721997
0.74926	0.0721908
0.749676	0.0721784
0.749958	0.0721645
0.750165	0.072153
0.750733	0.0721344
0.750909	0.0721152
0.751262	0.0720941
0.751607	0.0720703
0.752005	0.0720415
0.75216	0.0720145
0.752615	0.0719838
0.752897	0.0719514
0.75333	0.0719136
0.753457	0.0718783
0.75394	0.0718387
0.754215	0.0717977
0.754599	0.0717529
0.754892	0.0717062
0.755265	0.071656
0.755523	0.0716052
0.755819	0.0715548
0.756213	0.0715019
0.756605	0.0714448
0.756841	0.0713874
0.757137	0.0713305
0.757362	0.0712774
0.757806	0.0712227
0.758011	0.0711712
0.758388	0.0711201
0.758677	0.0710703
0.75904	0.0710202
0.759509	0.0709644
0.759731	0.0709079
0.759963	0.0708536
0.760432	0.0707956
0.760598	0.0707405
0.761021	0.0706835
0.761229	0.0706293
0.761567	0.0705764
0.761831	0.0705265
0.762029	0.070483
0.762487	0.0704396
0.762822	0.0703957
0.763146	0.0703512
0.76335	0.07031
0.763763	0.0702679
0.764027	0.0702268
0.764362	0.0701858
0.764612	0.070147
0.764971	0.0701082
0.765292	0.0700692
0.765662	0.0700279
0.765831	0.0699899
0.766117	0.0699552
0.766557	0.0699184
0.766723	0.0698853
0.767111	0.0698522
0.767527	0.0698153
0.767742	0.0697789
0.768196	0.0697376
0.768348	0.069698
0.768616	0.0696611
0.769024	0.0696226
0.769187	0.0695882
0.769609	0.0695528
0.769877	0.0695181
0.770212	0.069483
0.770459	0.0694496
0.770843	0.0694147
0.771132	0.0693795
0.771537	0.0693403
0.771671	0.0693041
0.771957	0.0692708
0.772189	0.0692424
0.772697	0.0692104
0.772877	0.0691805
0.773211	0.0691508
0.773465	0.0691231
0.773976	0.0690895
0.774089	0.0690582
0.774265	0.0690328
0.774607	0.0690104
0.775033	0.0689861
0.775337	0.0689603
0.775446	0.0689401
0.775855	0.06892
0.77626	0.0688964
0.7765	0.0688724
0.776849	0.0688459
0.777042	0.0688212
0.777321	0.0687985
0.777652	0.0687761
0.777857	0.0687573
0.778234	0.0687383
0.778558	0.0687183
0.778988	0.0686927
0.77902	0.0686723
0.779442	0.0686509
0.779816	0.0686262
0.779968	0.0686041
0.780243	0.0685845
0.780651	0.0685627
0.781	0.0685375
0.781092	0.0685169
0.781578	0.0684926
0.781779	0.068469
0.781952	0.0684501
0.782304	0.0684327
0.78271	0.0684124
0.782889	0.0683942
0.783143	0.0683786
0.783524	0.068362
0.783848	0.0683434
0.784074	0.0683257
0.784472	0.0683046
0.784623	0.068286
0.784856	0.0682711
0.785208	0.0682569
0.785388	0.0682472
0.785755	0.0682381
0.78603	0.0682301
0.786372	0.068221
0.786685	0.0682101
0.786932	0.0681993
0.787238	0.0681876
0.787411	0.0681793
0.78788	0.068167
0.788088	0.0681546
0.788535	0.0681362
0.788588	0.0681215
0.78893	0.0681073
0.789279	0.0680915
0.789536	0.0680754
0.789783	0.0680603
0.790114	0.0680445
0.790319	0.0680309
0.790668	0.0680167
0.790932	0.0680028
0.791284	0.0679867
0.791461	0.0679728
0.791753	0.06796
0.792162	0.0679438
0.792303	0.06793
0.792645	0.0679158
0.79298	0.0678995
0.793103	0.0678873
0.793455	0.0678755
0.793815	0.0678614
0.794034	0.0678479
0.794389	0.067832
0.79465	0.0678151
0.794788	0.0678023
0.795165	0.0677893
0.795394	0.067778
0.795697	0.0677671
0.795965	0.0677571
0.796314	0.0677452
0.796437	0.0677375
0.796818	0.0677292
0.797103	0.0677203
0.797424	0.0677095
0.797685	0.0676977
0.798013	0.0676833
0.798365	0.0676643
0.798591	0.0676436
0.798925	0.0676193
0.799274	0.0675898
0.799345	0.0675637
0.799634	0.0675395
0.800021	0.0675131
0.800155	0.0674904
0.800557	0.0674659
0.800825	0.0674406
0.801121	0.0674141
0.801287	0.0673906
0.801681	0.0673651
0.801812	0.0673436
0.802182	0.0673217
0.802573	0.0672956
0.80276	0.0672695
0.802943	0.0672466
0.803289	0.0672237
0.803496	0.0672032
0.803803	0.0671836
0.804156	0.067162
0.804296	0.0671436
0.804684	0.0671236
0.804889	0.067105
0.805111	0.0670892
0.805551	0.0670697
0.805823	0.0670475
0.805935	0.0670289
0.806337	0.0670083
0.80657	0.0669878
0.806869	0.0669663
0.807229	0.066941
0.807373	0.0669174
0.807624	0.0668957
0.807972	0.0668727
0.808297	0.066847
0.808473	0.0668228
0.808653	0.0668027
0.808935	0.0667855
0.80935	0.0667654
0.809562	0.0667455
0.809837	0.0667253
0.810013	0.0667083
0.810436	0.0666883
0.810545	0.0666718
0.810922	0.066654
0.81124	0.0666337
0.811366	0.0666164
0.811793	0.0665957
0.811899	0.0665784
0.812202	0.0665621
0.812519	0.0665451
0.812857	0.0665251
0.812952	0.0665088
0.813347	0.0664908
0.813488	0.066476
0.81377	0.066463
0.814147	0.0664475
0.814246	0.0664362
0.814549	0.0664266
0.814771	0.0664199
0.815088	0.0664136
0.815381	0.0664066
0.81562	0.0664
0.815913	0.0663925
0.816181	0.0663842
0.816332	0.0663791
0.816628	0.0663752
0.816745	0.0663774
0.817139	0.0663796
0.817453	0.0663799
0.817841	0.0663744
0.817904	0.0663713
0.818271	0.066366
0.818415	0.0663631
0.818584	0.0663652
0.818909	0.0663688
0.819099	0.0663761
0.819409	0.0663843
0.819836	0.0663873
0.820086	0.0663867
0.820255	0.0663862
0.820533	0.0663848
0.82071	0.0663856
0.82091	0.0663899
0.821175	0.0663967
0.821555	0.066401
0.821777	0.0664047
0.822028	0.066408
0.822419	0.0664061
0.822521	0.0664056
0.822704	0.0664086
0.823029	0.0664117
0.823346	0.0664128
0.823483	0.0664165
0.823836	0.0664186
0.824107	0.0664189
0.824237	0.0664222
0.824523	0.0664264
0.824805	0.0664304
0.825076	0.0664337
0.825337	0.066436
0.825503	0.0664406
0.825915	0.0664412
0.826035	0.0664436
0.826222	0.0664493
0.826588	0.0664536
0.826842	0.0664568
0.82705	0.0664607
0.827423	0.0664606
0.827579	0.0664609
0.827839	0.066461
0.828224	0.0664562
0.828294	0.0664541
0.828654	0.0664499
0.828798	0.0664481
0.829062	0.0664474
0.829418	0.0664439
0.829587	0.0664413
0.829891	0.0664372
0.830025	0.0664363
0.830349	0.0664349
0.830504	0.0664367
0.830835	0.066438
0.831135	0.066437
0.831269	0.0664385
0.831551	0.0664405
0.831706	0.0664463
0.832083	0.0664502
0.832375	0.0664513
0.832551	0.0664527
0.832918	0.0664499
0.833094	0.0664464
0.833387	0.0664406
0.83357	0.0664353
0.833873	0.0664283
0.833996	0.0664244
0.834236	0.066423
0.834606	0.0664192
0.834807	0.0664154
0.835008	0.066413
0.835262	0.0664114
0.835561	0.0664086
0.835836	0.0664037
0.836037	0.0663989
0.836108	0.0664001
0.836566	0.0663984
0.836869	0.0663925
0.836946	0.0663894
0.837281	0.0663849
0.837489	0.0663808
0.837761	0.0663759
0.838046	0.066369
0.838212	0.0663633
0.838465	0.066358
0.838744	0.0663518
0.838955	0.0663462
0.839241	0.0663394
0.839406	0.0663345
0.839805	0.0663254
0.839865	0.0663198
0.840221	0.0663126
0.840361	0.0663079
0.840626	0.0663042
0.840985	0.0662972
0.841066	0.0662935
0.841352	0.0662905
0.841542	0.06629
0.841729	0.0662933
0.842014	0.0662978
0.842268	0.066303
0.842652	0.0663035
0.842839	0.0663023
0.843047	0.0663007
0.843149	0.0663036
0.84347	0.0663069
0.843798	0.0663074
0.843893	0.0663109
0.844189	0.0663145
0.844446	0.0663174
0.844601	0.0663229
0.844862	0.0663292
0.845119	0.0663356
0.845348	0.0663422
0.845546	0.0663504
0.845736	0.0663613
0.84611	0.0663692
0.846367	0.0663743
0.846466	0.0663819
0.84679	0.0663881
0.846938	0.0663962
0.847188	0.0664052
0.847389	0.066416
0.847682	0.0664261
0.847763	0.0664412
0.848112	0.0664556
0.848411	0.0664674
0.848517	0.0664817
0.848781	0.0664964
0.84913	0.0665073
0.849264	0.0665188
0.849539	0.066529
0.849662	0.066542
0.849913	0.0665564
0.850089	0.0665737
0.850413	0.0665899
0.850632	0.0666057
0.850688	0.0666273
0.85103	0.0666491
0.85133	0.0666688
0.851488	0.0666892
0.851759	0.0667084
0.851915	0.0667294
0.852175	0.0667503
0.852489	0.0667681
0.852567	0.0667888
0.85282	0.0668106
0.853215	0.0668271
0.853201	0.0668484
0.853504	0.0668701
0.853564	0.0668982
0.853881	0.0669278
0.854216	0.0669547
0.854286	0.0669851
0.854649	0.067013
0.85479	0.067042
0.855048	0.0670704
0.855309	0.067097
0.855435	0.0671255
0.855696	0.0671539
0.855989	0.0671797
0.856302	0.0672004
0.856394	0.0672216
0.856454	0.0672487
0.856775	0.0672767
0.857014	0.0673049
0.857162	0.0673358
0.857494	0.0673649
0.857677	0.0673938
0.857691	0.0674299
0.858012	0.0674677
0.858438	0.0674995
0.858516	0.0675319
0.858819	0.0675614
0.859101	0.0675865
0.859192	0.0676125
0.859503	0.0676357
0.859591	0.0676616
0.859799	0.0676896
0.859982	0.0677205
0.860169	0.0677548
0.860482	0.0677882
0.860577	0.0678255
0.860866	0.0678628
0.861	0.0679034
0.861311	0.0679428
0.861656	0.0679767
0.861807	0.0680088
0.861955	0.0680416
0.862195	0.0680737
0.862541	0.0681008
0.862569	0.0681307
0.862985	0.0681552
0.863129	0.0681784
0.863157	0.0682069
0.86352	0.0682341
0.863749	0.0682599
0.863943	0.0682855
0.864208	0.068309
0.864334	0.0683339
0.864715	0.068354
0.8648	0.0683751
0.865057	0.0683952
0.865381	0.0684107
0.865462	0.0684274
0.865642	0.0684462
0.865878	0.0684657
0.866037	0.0684879
0.866347	0.0685086
0.866699	0.0685235
0.866749	0.0685398
0.86695	0.0685573
0.867136	0.0685768
0.867411	0.0685956
0.867676	0.0686121
0.867792	0.0686304
0.868042	0.0686485
0.868335	0.0686638
0.868398	0.0686823
0.868733	0.0686986
0.868881	0.0687158
0.869092	0.0687336
0.869314	0.0687515
0.869427	0.068773
0.869702	0.068795
0.870012	0.0688139
0.870122	0.0688342
0.870382	0.0688536
0.870724	0.0688676
0.870678	0.0688868
0.871013	0.0689051
0.871295	0.0689205
0.871337	0.0689396
0.871651	0.0689577
0.871803	0.0689772
0.87207	0.0689957
0.872402	0.0690091
0.872486	0.0690232
0.872698	0.0690374
0.872899	0.0690521
0.873026	0.0690701
0.873378	0.0690855
0.873621	0.0690978
0.873723	0.0691116
0.873875	0.0691284
0.874104	0.0691467
0.874319	0.069166
0.874629	0.0691826
0.874721	0.0692012
0.874901	0.0692223
0.875239	0.0692405
0.875563	0.0692526
0.875637	0.0692647
0.875856	0.069276
0.875972	0.0692902
0.876303	0.0693018
0.87662	0.0693079
0.876624	0.069317
0.876818	0.0693285
0.877153	0.0693375
0.87722	0.0693497
0.877494	0.0693618
0.877639	0.0693761
0.877903	0.0693901
0.878055	0.0694058
0.878305	0.0694211
0.878488	0.0694371
0.878728	0.0694523
0.878887	0.0694686
0.879137	0.0694842
0.879302	0.0695006
0.879574	0.069515
0.879616	0.0695343
0.879986	0.0695508
0.880131	0.0695674
0.880251	0.0695869
0.880515	0.0696064
0.880776	0.0696239
0.880896	0.069643
0.881058	0.0696644
0.881237	0.0696884
0.881505	0.0697122
0.881618	0.0697389
0.881784	0.0697692
0.882013	0.069801
0.88227	0.0698321
0.882443	0.0698637
0.882577	0.0698981
0.882915	0.0699293
0.882926	0.0699649
0.8832	0.0700007
0.883412	0.0700364
0.883518	0.0700751
0.883775	0.070114
0.884046	0.0701502
0.884113	0.0701891
0.884212	0.0702333
0.884596	0.0702746
0.884631	0.0703197
0.884934	0.0703636
0.8851	0.0704076
0.885072	0.0704595
0.885382	0.070513
0.885629	0.0705661
0.885907	0.0706157
0.885918	0.0706691
0.88627	0.0707192
0.886439	0.0707679
0.886485	0.0708203
0.88676	0.0708724
0.887032	0.0709215
0.887077	0.0709733
0.887183	0.07103
0.887564	0.0710835
0.887588	0.0711407
0.887825	0.0711987
0.888078	0.0712551
0.888061	0.0713175
0.888325	0.0713814
0.888656	0.0714416
0.888656	0.0715056
0.888861	0.0715716
0.889104	0.0716369
0.889234	0.0717038
0.889509	0.0717685
0.88964	0.0718335
0.889922	0.0718949
0.890017	0.0719569
0.890122	0.0720219
0.890387	0.0720861
0.890704	0.072145
0.89063	0.0722091
0.890919	0.072273
0.891134	0.0723357
0.891243	0.0724002
0.891441	0.0724653
0.891666	0.0725293
0.891751	0.072596
0.892012	0.0726617
0.892121	0.0727294
0.892191	0.0728023
0.892452	0.0728763
0.892787	0.0729458
0.892787	0.0730183
0.892921	0.0730944
0.893178	0.0731703
0.89333	0.0732473
0.893545	0.0733236
0.893724	0.0733993
0.893865	0.0734758
0.89419	0.0735475
0.894408	0.073614
0.894475	0.0736805
0.894553	0.0737501
0.894813	0.0738192
0.894993	0.0738877
0.895004	0.0739619
0.895335	0.0740346
0.895391	0.0741107
0.89579	0.0741813
0.895807	0.0742536
0.896107	0.0743224
0.896272	0.074389
0.896477	0.0744527
0.896579	0.0745169
0.896865	0.0745772
0.896875	0.0746407
0.896963	0.0747094
0.89734	0.074775
0.897432	0.0748416
0.897418	0.0749154
0.897774	0.0749882
0.897844	0.0750643
0.898028	0.0751423
0.898246	0.0752204
0.898517	0.0752949
0.898599	0.07537
0.898771	0.0754454
0.899057	0.0755169
0.899085	0.0755907
0.899328	0.0756633
0.89954	0.0757338
0.899755	0.0758011
0.899818	0.0758698
0.900086	0.0759359
0.900311	0.0759983
0.900311	0.0760639
0.900586	0.0761281
0.900717	0.0761929
0.900995	0.0762543
0.901002	0.0763191
0.901221	0.0763846
0.9014	0.0764505
0.901763	0.07651
0.901806	0.0765692
0.901954	0.076629
0.902133	0.0766887
0.902282	0.0767494
0.902479	0.0768099
0.902645	0.0768705
0.902814	0.0769313
0.902983	0.0769923
0.90318	0.0770526
0.903476	0.0771079
0.903487	0.0771652
0.903631	0.0772247
0.903892	0.0772828
0.904051	0.0773404
0.904058	0.0774034
0.904371	0.0774654
0.904393	0.0775321
0.904657	0.077599
0.904851	0.0776653
0.904875	0.0777364
0.905112	0.0778085
0.905295	0.0778811
0.905556	0.0779507
0.905559	0.0780239
0.905757	0.0780986
0.905968	0.0781729
0.906109	0.0782479
0.906373	0.0783198
0.90649	0.0783913
0.906736	0.0784593
0.906909	0.0785244
0.906895	0.0785938
0.907054	0.0786663
0.907343	0.0787371
0.907371	0.0788115
0.907558	0.0788879
0.907716	0.078966
0.908026	0.0790403
0.907998	0.0791187
0.908164	0.0791999
0.908389	0.079281
0.908435	0.0793664
0.908558	0.0794563
0.908809	0.0795466
0.909003	0.0796361
0.909006	0.0797306
0.909277	0.0798248
0.909351	0.079922
0.909655	0.080016
0.909676	0.0801129
0.90981	0.0802124
0.91006	0.0803106
0.910109	0.0804119
0.910335	0.0805128
0.910518	0.0806125
0.91062	0.0807133
0.910659	0.0808189
0.910937	0.0809236
0.910994	0.0810314
0.911198	0.0811396
0.911396	0.0812466
0.911494	0.0813546
0.911487	0.0814691
0.911755	0.0815842
0.911896	0.0817003
0.911907	0.0818223
0.912122	0.0819462
0.912294	0.082071
0.912502	0.0821944
0.912583	0.0823191
0.912668	0.0824469
0.912879	0.0825747
0.913031	0.0827025
0.913126	0.082832
0.913168	0.0829664
0.913419	0.0831008
0.913556	0.0832355
0.91356	0.0833756
0.913831	0.083515
0.913912	0.0836563
0.914229	0.0837926
0.914303	0.0839278
0.914286	0.0840675
0.914423	0.0842107
0.914564	0.0843566
0.914811	0.0845009
0.914959	0.0846438
0.915082	0.0847861
0.915096	0.0849324
0.915258	0.0850808
0.915523	0.0852263
0.915526	0.0853748
0.915618	0.0855268
0.915875	0.0856772
0.91596	0.0858286
0.916079	0.0859812
0.916087	0.0861393
0.916294	0.0862989
0.916414	0.0864605
0.916707	0.0866179
0.916791	0.086774
0.916795	0.0869336
0.917006	0.0870929
0.9172	0.08725
0.917299	0.0874066
0.917454	0.0875621
0.917447	0.0877215
0.917623	0.0878824
0.917761	0.0880444
0.917761	0.0882119
0.918025	0.0883789
0.918064	0.0885489
0.918346	0.0887158
0.918399	0.0888833
0.918448	0.0890539
0.918599	0.0892259
0.918754	0.0893983
0.918853	0.0895721
0.919015	0.0897456
0.919005	0.089924
0.919223	0.0901027
0.919333	0.0902825
0.919428	0.0904641
0.919681	0.0906426
0.919685	0.0908232
0.919801	0.0910055
0.919942	0.0911886
0.920101	0.091371
0.920245	0.0915524
0.920224	0.091738
0.920386	0.0919254
0.920534	0.0921135
0.920584	0.0923046
0.92063	0.0925009
0.92089	0.0926961
0.920936	0.0928934
0.921	0.0930942
0.921243	0.0932933
0.921341	0.093492
0.921454	0.0936905
0.921475	0.0938923
0.921546	0.0940982
0.921726	0.0943051
0.921807	0.0945142
0.921923	0.094725
0.922053	0.0949365
0.922113	0.0951507
0.922141	0.09537
0.922244	0.0955936
0.92242	0.0958182
0.922275	0.0960531
0.922346	0.0962971
0.922593	0.0965433
0.922698	0.0967916
0.922853	0.0970398
0.922889	0.0972906
0.922945	0.0975448
0.9231	0.0978
0.923012	0.0980627
0.923209	0.0983277
0.923393	0.0985918
0.923491	0.0988553
0.923548	0.0991198
0.923763	0.0993809
0.923668	0.0996465
0.923784	0.0999146
0.923875	0.100185
0.923907	0.100459
0.924045	0.100736
0.924193	0.101012
0.924203	0.10129
0.924305	0.101571
0.92427	0.101858
0.924386	0.102148
0.92452	0.10244
0.92464	0.102733
0.924647	0.103029
0.924788	0.103325
0.924936	0.10362
0.924757	0.103924
0.924957	0.10423
0.925042	0.104538
0.925042	0.10485
0.925088	0.105168
0.92519	0.10549
0.92519	0.105817
0.925359	0.106145
0.92544	0.106475
0.925528	0.106805
0.925588	0.107137
0.925468	0.107476
0.925542	0.107822
0.925617	0.108173
0.925733	0.108527
0.925789	0.108883
0.925867	0.109241
0.925867	0.109604
0.92587	0.109972
0.925863	0.110348
0.926004	0.110726
0.926032	0.111109
0.926011	0.111497
0.92624	0.111885
0.926269	0.112273
0.926283	0.112663
0.926311	0.113057
0.926346	0.113453
0.92642	0.113852
0.926431	0.114254
0.926526	0.114658
0.926427	0.115068
0.926483	0.115484
0.926543	0.115904
0.926681	0.116324
0.926755	0.116744
0.926762	0.117165
0.926822	0.117587
0.926924	0.118009
0.926942	0.11843
0.927111	0.118848
0.927157	0.119263
0.927111	0.11968
0.927111	0.1201
0.927255	0.120518
0.927255	0.120938
0.927192	0.121363
0.927262	0.121791
0.92735	0.12222
0.927396	0.122651
0.927463	0.123082
0.927499	0.123514
0.927611	0.123945
0.927622	0.124375
0.92764	0.124807
0.927699	0.12524
0.927763	0.125673
0.927826	0.126105
0.927692	0.126543
0.92789	0.126981
0.927826	0.127422
0.927809	0.127868
0.927946	0.128315
0.927957	0.128764
0.927995	0.129215
0.927985	0.129669
0.928087	0.130124
0.928112	0.13058
0.928203	0.131035
0.928217	0.13149
0.928309	0.131944
0.928376	0.132397
0.92845	0.132846
0.928376	0.133298
0.928485	0.133748
0.928418	0.134202
0.928464	0.134659
0.928443	0.135119
0.928503	0.135583
0.928517	0.136049
0.928739	0.136511
0.928672	0.136974
0.928792	0.137435
0.928778	0.137896
0.928855	0.138356
0.928898	0.138814
0.928901	0.139274
0.928951	0.139733
0.928943	0.140194
0.928912	0.140659
0.92894	0.141127
0.929	0.141597
0.929208	0.142063
0.929204	0.142527
0.929225	0.14299
0.929194	0.143455
0.929296	0.143919
0.929268	0.144385
0.929338	0.14485
0.92937	0.145317
0.929377	0.145785
0.929363	0.146255
0.929388	0.146729
0.92944	0.147204
0.929532	0.147679
0.929627	0.148151
0.929631	0.148622
0.929744	0.14909
0.929786	0.149555
0.929839	0.150018
0.929899	0.150477
0.929927	0.150935
0.929987	0.15139
0.930033	0.151843
0.930029	0.152296
0.930163	0.152745
0.930163	0.153194
0.930156	0.153643
0.930082	0.154097
0.930138	0.154554
0.930152	0.155014
0.930181	0.155477
0.930311	0.15594
0.930329	0.156403
0.93047	0.156863
0.930459	0.157321
0.930505	0.157779
0.930547	0.158236
0.930575	0.158693
0.930596	0.15915
0.930589	0.159609
0.930586	0.160071
0.930692	0.160532
0.930854	0.16099
0.930734	0.16145
0.93084	0.161909
0.930907	0.162367
0.930917	0.162825
0.930938	0.163283
0.930977	0.163742
0.931012	0.164201
0.931136	0.164658
0.931192	0.165111
0.931312	0.16556
0.931048	0.166016
0.931277	0.166471
0.93127	0.166926
0.931266	0.167383
0.931411	0.167838
0.931315	0.168296
0.931308	0.168758
0.931322	0.169224
0.931474	0.169689
0.931428	0.170157
0.931502	0.170625
0.931647	0.17109
0.931566	0.171557
0.931657	0.172023
0.93171	0.172487
0.931693	0.172953
0.931714	0.17342
0.931745	0.173888
0.931784	0.174357
0.931819	0.174826
0.931805	0.175298
0.931848	0.175771
0.931918	0.176245
0.931826	0.176723
0.931833	0.177205
0.931848	0.177691
0.931823	0.178183
0.931858	0.178679
0.93183	0.17918
0.931978	0.179681
0.931971	0.180183
0.93201	0.180686
0.931953	0.181193
0.932105	0.181697
0.932101	0.182202
0.932105	0.182707
0.932189	0.18321
0.932151	0.183714
0.932179	0.184219
0.932211	0.184724
0.932239	0.18523
0.932274	0.185735
0.932281	0.186241
0.932271	0.186748
0.932352	0.187254
0.932366	0.187761
0.932411	0.188266
0.932433	0.188771
0.932517	0.189273
0.932267	0.189784
0.932517	0.190292
0.932521	0.190799
0.932524	0.191307
0.932507	0.191816
0.932521	0.192327
0.932574	0.192838
0.932507	0.193353
0.932563	0.193869
0.93263	0.194384
0.932602	0.194901
0.932672	0.195418
0.932644	0.195936
0.932683	0.196455
0.932683	0.196975
0.932739	0.197494
0.93282	0.198011
0.932923	0.198523
0.932887	0.199034
0.932898	0.199544
0.932947	0.200052
0.932947	0.200559
0.93293	0.201068
0.932926	0.201578
0.932937	0.20209
0.932919	0.202605
0.932947	0.203122
0.932923	0.203642
0.932954	0.204164
0.933088	0.204685
0.933056	0.205205
0.932993	0.205729
0.933092	0.206252
0.933088	0.206776
0.933155	0.207298
0.93313	0.207821
0.93318	0.208344
0.93318	0.208867
0.933116	0.209393
0.933293	0.209916
0.933289	0.210437
0.933338	0.210956
0.933395	0.211472
0.933363	0.211987
0.933391	0.212502
0.933363	0.213018
0.933501	0.21353
0.933501	0.21404
0.933501	0.214551
0.933497	0.215061
0.933497	0.215572
0.933501	0.216085
0.933508	0.2166
0.93373	0.217109
0.933504	0.217622
0.933543	0.218139
0.933536	0.218658
0.933694	0.219175
0.933751	0.219688
0.933761	0.2202
0.933726	0.220713
0.933754	0.221225
0.933797	0.221737
0.93386	0.222247
0.933807	0.222758
0.933927	0.223266
0.933987	0.22377
0.933969	0.224274
0.934026	0.224776
0.934029	0.225276
0.934153	0.225772
0.934174	0.226265
0.934223	0.226755
0.934184	0.227244
0.934279	0.22773
0.934198	0.228219
0.934174	0.22871
0.934265	0.229201
0.934255	0.229694
0.934286	0.230188
0.934329	0.230682
0.934353	0.231176
0.934431	0.231669
0.93442	0.232162
0.93447	0.232654
0.93448	0.233147
0.934547	0.233637
0.934611	0.234126
0.934575	0.234615
0.934674	0.235101
0.934738	0.235584
0.934734	0.236066
0.934738	0.236548
0.934741	0.237031
0.93479	0.237513
0.934738	0.237999
0.934734	0.238487
0.934734	0.238979
0.934727	0.239476
0.934826	0.239972
0.934995	0.240465
0.934836	0.24096
0.934981	0.241454
0.934896	0.24195
0.934998	0.242446
0.93509	0.242938
0.935009	0.243432
0.935005	0.243929
0.93509	0.244424
0.935048	0.244922
0.935044	0.245423
0.935153	0.245923
0.935185	0.246421
0.935164	0.246921
0.935153	0.247423
0.935432	0.247917
0.935421	0.248407
0.935407	0.248894
0.93515	0.24939
0.935376	0.249885
0.935414	0.250378
0.935414	0.250872
0.935418	0.251367
0.9354	0.251865
0.935414	0.252364
0.935414	0.252866
0.935393	0.253371
0.935446	0.253879
0.93545	0.254388
0.935442	0.2549
0.935502	0.255413
0.935471	0.255929
0.935513	0.256446
0.935559	0.256962
0.935495	0.257482
0.935569	0.258003
0.935661	0.258521
0.935576	0.259041
0.935661	0.25956
0.935686	0.260078
0.935654	0.260597
0.935746	0.261115
0.935805	0.26163
0.935802	0.262143
0.935823	0.262656
0.935707	0.263172
0.935823	0.263687
0.935855	0.264202
0.935798	0.264719
0.935872	0.265236
0.935823	0.265755
0.935908	0.266273
0.93589	0.266792
0.935904	0.267312
0.935869	0.267834
0.935929	0.268357
0.93583	0.268884
0.935971	0.269411
0.935971	0.269937
0.935975	0.270464
0.935971	0.270992
0.935975	0.271522
0.935982	0.272052
0.935985	0.272584
0.935996	0.273118
0.935982	0.273653
0.935968	0.274191
0.935978	0.274732
0.935978	0.275274
0.935968	0.275819
0.935999	0.276365
0.935964	0.276915
0.935992	0.277465
0.935996	0.278017
0.936112	0.278567
0.936172	0.279113
0.936161	0.279657
0.936214	0.280197
0.936133	0.280738
0.936144	0.28128
0.936207	0.28182
0.936235	0.282359
0.936246	0.282896
0.936214	0.283434
0.936193	0.283973
0.936246	0.284512
0.936235	0.285052
0.936264	0.285592
0.936242	0.286133
0.936246	0.286675
0.936228	0.28722
0.936242	0.287765
0.936309	0.28831
0.936239	0.288858
0.936235	0.289407
0.936306	0.289956
0.936235	0.290508
0.936355	0.291058
0.936391	0.291606
0.936391	0.292153
0.936398	0.292698
0.936383	0.293243
0.936285	0.293792
0.936394	0.294341
0.936387	0.29489
0.936387	0.295439
0.936401	0.295989
0.936634	0.29653
0.9365	0.297072
0.936461	0.297614
0.93651	0.298155
0.936567	0.298695
0.936687	0.299229
0.936722	0.299758
0.936725	0.300283
0.936754	0.300805
0.936792	0.301323
0.936775	0.30184
0.936799	0.302355
0.936831	0.302869
0.936849	0.303381
0.936919	0.30389
0.936951	0.304396
0.937	0.304899
0.937021	0.305399
0.937067	0.305897
0.937057	0.306393
0.937057	0.306889
0.937057	0.307386
0.937043	0.307885
0.937007	0.308387
0.937071	0.30889
0.937088	0.309394
0.937152	0.309898
0.937145	0.310403
0.937159	0.310908
0.937134	0.311416
0.937226	0.311923
0.937127	0.312433
0.937258	0.312943
0.937215	0.313453
0.937166	0.313968
0.937307	0.314481
0.937349	0.314991
0.937275	0.315504
0.937282	0.316019
0.937356	0.316532
0.937395	0.317045
0.93749	0.317554
0.93749	0.318061
0.937511	0.318566
0.937564	0.319069
0.937476	0.319573
0.937547	0.320077
0.937631	0.320579
0.937642	0.321078
0.937613	0.321579
0.937554	0.322082
0.937635	0.322586
0.937645	0.32309
0.937628	0.323597
0.937719	0.324102
0.937899	0.324601
0.937673	0.325104
0.937797	0.325606
0.93773	0.326111
0.937839	0.326614
0.937888	0.327116
0.93791	0.327616
0.937917	0.328115
0.937927	0.328615
0.937969	0.329113
0.938047	0.329609
0.938019	0.330104
0.938139	0.330596
0.938029	0.33109
0.938012	0.331586
0.938047	0.332084
0.93798	0.332586
0.938012	0.333092
0.93804	0.3336
0.938019	0.334111
0.938075	0.334624
0.938033	0.33514
0.938096	0.335657
0.938029	0.336177
0.93804	0.336701
0.938043	0.337228
0.938301	0.337749
0.938036	0.338275
0.938043	0.338805
0.93828	0.33933
0.938248	0.339854
0.938184	0.340379
0.938132	0.340908
0.938227	0.341436
0.93828	0.341962
0.938301	0.342488
0.938065	0.343021
0.938311	0.343551
0.938283	0.344082
0.93804	0.344621
0.938308	0.345158
0.938308	0.345695
0.938297	0.346231
0.938301	0.346767
0.938287	0.347305
0.938107	0.34785
0.938167	0.348399
0.938294	0.348947
0.938301	0.349495
0.93829	0.350043
0.93829	0.350591
0.938276	0.351141
0.93822	0.351695
0.938304	0.352247
0.93829	0.352801
0.938311	0.353355
0.938347	0.353907
0.938364	0.354459
0.938339	0.355011
0.938385	0.355561
0.938392	0.356111
0.938459	0.356657
0.938389	0.357205
0.938442	0.357751
0.938435	0.358297
0.938428	0.358843
0.938456	0.359388
0.938452	0.359933
0.938435	0.36048
0.938435	0.361027
0.93841	0.361577
0.93848	0.362125
0.938417	0.362676
0.938442	0.363228
0.938502	0.363779
0.938576	0.364326
0.938562	0.364872
0.938724	0.365411
0.938674	0.365947
0.938579	0.366484
0.938597	0.367022
0.938748	0.367555
0.938703	0.368086
0.938717	0.368616
0.938759	0.369144
0.938667	0.369674
0.938741	0.370203
0.93871	0.370734
0.93872	0.371265
0.938815	0.371794
0.938755	0.372324
0.938777	0.372854
0.938706	0.373387
0.938829	0.373919
0.938815	0.374451
0.938706	0.374988
0.938706	0.375527
0.938815	0.376066
0.938734	0.376609
0.938861	0.377149
0.93872	0.377693
0.938724	0.37824
0.938851	0.378786
0.938865	0.37933
0.938861	0.379874
0.938861	0.380418
0.938865	0.380961
0.938865	0.381505
0.938858	0.38205
0.938861	0.382595
0.938875	0.383141
0.938875	0.383688
0.938851	0.384236
0.938953	0.384782
0.938889	0.38533
0.939132	0.385869
0.938984	0.386409
0.939083	0.386945
0.939002	0.387481
0.939129	0.388014
0.939125	0.388544
0.939192	0.38907
0.939118	0.389596
0.939168	0.390121
0.939221	0.390643
0.939235	0.391164
0.939266	0.391682
0.939256	0.392199
0.939333	0.392713
0.939288	0.393227
0.939288	0.393742
0.939365	0.394255
0.939481	0.394763
0.939478	0.395267
0.939351	0.395775
0.939552	0.396278
0.939559	0.396777
0.939562	0.397275
0.939495	0.397775
0.939555	0.398274
0.939555	0.398774
0.939548	0.399275
0.939555	0.399777
0.939577	0.400281
0.939573	0.400787
0.939562	0.401295
0.939619	0.401803
0.939629	0.402313
0.939615	0.402824
0.939629	0.403336
0.939651	0.40385
0.939707	0.404363
0.939679	0.404877
0.939693	0.405393
0.939753	0.405907
0.939707	0.406424
0.939813	0.406938
0.93983	0.407451
0.939869	0.407961
0.939918	0.408469
0.939964	0.408974
0.939947	0.409478
0.939876	0.409984
0.939707	0.410498
0.939971	0.411009
0.939703	0.411529
0.939964	0.412046
0.939954	0.412564
0.939961	0.413081
0.939954	0.413598
0.939968	0.414116
0.939999	0.414634
0.939961	0.415154
0.940031	0.415673
0.940017	0.416193
0.940088	0.416711
0.940073	0.417229
0.939989	0.417751
0.940084	0.418272
0.940049	0.418795
0.940017	0.41932
0.939996	0.419849
0.940045	0.42038
0.940014	0.420913
0.940066	0.421447
0.940056	0.421983
0.940035	0.42252
0.939982	0.423062
0.940095	0.423603
0.940063	0.424145
0.940081	0.424687
0.940073	0.425231
0.940109	0.425775
0.940112	0.426318
0.940119	0.426862
0.940338	0.427398
0.940183	0.427934
0.940207	0.42847
0.940299	0.429002
0.940278	0.429533
0.940214	0.430065
0.940362	0.430593
0.940398	0.431118
0.94037	0.43164
0.940391	0.432162
0.940373	0.432683
0.940468	0.4332
0.940458	0.433717
0.940447	0.434233
0.940387	0.434751
0.940377	0.435272
0.940373	0.435796
0.940482	0.436318
0.94038	0.436843
0.940366	0.437373
0.940405	0.437903
0.940377	0.438437
0.94037	0.438974
0.940461	0.439509
0.940461	0.440045
0.940489	0.440581
0.940535	0.441114
0.940535	0.441647
0.940532	0.442179
0.940415	0.442716
0.940521	0.443252
0.940465	0.44379
0.940489	0.44433
0.940451	0.444873
0.940503	0.445416
0.940486	0.44596
0.940553	0.446503
0.940525	0.447047
0.940503	0.447593
0.940511	0.448139
0.940553	0.448685
0.940465	0.449234
0.940542	0.449783
0.94057	0.450332
0.940532	0.450881
0.940532	0.451431
0.940648	0.451978
0.940553	0.452526
0.940595	0.453074
0.940602	0.453622
0.940662	0.454167
0.940556	0.454715
0.940701	0.455259
0.94069	0.455802
0.940662	0.456344
0.940659	0.456887
0.940726	0.457427
0.940743	0.457966
0.940715	0.458505
0.940673	0.459045
0.940775	0.459583
0.940796	0.460119
0.940789	0.460654
0.940807	0.461188
0.940845	0.46172
0.940817	0.462252
0.940814	0.462784
0.940831	0.463316
0.940835	0.463848
0.940888	0.464379
0.940877	0.464909
0.941039	0.465434
0.940916	0.465959
0.940986	0.466483
0.941029	0.467004
0.940941	0.467526
0.940933	0.468051
0.940951	0.468576
0.941177	0.469095
0.94118	0.46961
0.940933	0.47013
0.941184	0.470645
0.941198	0.471158
0.941004	0.471675
0.941085	0.472194
0.941222	0.472709
0.941159	0.473225
0.941198	0.47374
0.94118	0.474255
0.941247	0.474769
0.941244	0.475283
0.941247	0.475796
0.941275	0.47631
0.941286	0.476822
0.941318	0.477335
0.941293	0.477848
0.941332	0.47836
0.941494	0.478868
0.941494	0.479372
0.941413	0.479876
0.941526	0.480378
0.941515	0.480878
0.941564	0.481376
0.941561	0.481872
0.941603	0.482368
0.941635	0.482861
0.941645	0.483354
0.941596	0.483848
0.941716	0.484339
0.941691	0.484831
0.94161	0.485326
0.941786	0.485818
0.941666	0.486312
0.941776	0.486806
0.94161	0.487306
0.941765	0.487805
0.941776	0.488304
0.941726	0.488806
0.941765	0.489309
0.941758	0.489814
0.941769	0.49032
0.941769	0.490829
0.941825	0.491338
0.941857	0.491846
0.941881	0.492354
0.941871	0.492863
0.941966	0.493368
0.941998	0.493872
0.942026	0.494373
0.942082	0.494871
0.942107	0.495366
0.942079	0.495861
0.942096	0.496355
0.942156	0.496847
0.942086	0.497341
0.942104	0.497836
0.942068	0.498335
0.942132	0.498834
0.942107	0.499335
0.942206	0.499835
0.942156	0.500337
0.942156	0.500841
0.942262	0.501343
0.942206	0.501846
0.942206	0.502351
0.942378	0.502851
0.942329	0.503351
0.942192	0.503856
0.942452	0.504355
0.94217	0.504862
0.942174	0.505374
0.942185	0.50589
0.942385	0.506404
0.942192	0.506923
0.942442	0.507437
0.942435	0.50795
0.942269	0.508466
0.942438	0.508981
0.942178	0.509503
0.942266	0.510029
0.942449	0.510552
0.942199	0.511082
0.942452	0.511608
0.942442	0.512133
0.942294	0.512662
0.942287	0.513195
0.942294	0.513731
0.942276	0.51427
0.942445	0.514807
0.942382	0.515344
0.942371	0.515882
0.942396	0.51642
0.942361	0.516959
0.942438	0.517498
0.942371	0.518038
0.942389	0.518578
0.942445	0.519118
0.942467	0.519657
0.942445	0.520195
0.94247	0.520733
0.94247	0.521271
0.942488	0.521808
0.942565	0.522342
0.942509	0.522876
0.942544	0.523409
0.9426	0.52394
0.94259	0.524469
0.942523	0.525
0.94259	0.525531
0.942586	0.526061
0.942604	0.52659
0.94259	0.52712
0.942653	0.527649
0.94278	0.528172
0.942618	0.528697
0.94271	0.529221
0.942784	0.529741
0.942724	0.530261
0.942851	0.530777
0.942706	0.531295
0.942777	0.531813
0.942882	0.532327
0.942851	0.53284
0.942851	0.533353
0.942837	0.533866
0.942844	0.53438
0.942851	0.534894
0.942928	0.535407
0.942851	0.535921
0.942889	0.536437
0.942717	0.536959
0.942858	0.537482
0.942851	0.538006
0.942861	0.538532
0.942851	0.53906
0.942992	0.539584
0.942854	0.540112
0.943009	0.540636
0.94302	0.541157
0.942921	0.541681
0.943006	0.542204
0.943016	0.542726
0.942889	0.543252
0.942963	0.54378
0.943006	0.544306
0.943016	0.544833
0.943002	0.545361
0.943037	0.545888
0.943037	0.546415
0.943182	0.546937
0.943157	0.547457
0.943245	0.547973
0.942999	0.548494
0.943267	0.549009
0.943295	0.549521
0.943309	0.550029
0.943256	0.550537
0.943256	0.551045
0.943267	0.551553
0.943418	0.552056
0.943386	0.552557
0.943415	0.553057
0.943326	0.553558
0.943355	0.55406
0.943291	0.554567
0.943372	0.555073
0.943397	0.55558
0.943471	0.556085
0.943485	0.556589
0.943457	0.557093
0.943499	0.557596
0.943612	0.558095
0.943693	0.558589
0.943605	0.559083
0.943689	0.559574
0.943665	0.560064
0.943665	0.560554
0.943665	0.561045
0.943714	0.561535
0.943742	0.562024
0.943788	0.562512
0.943841	0.562997
0.943806	0.563483
0.943897	0.563966
0.943919	0.564447
0.943957	0.564926
0.943809	0.565409
0.94382	0.565896
0.944021	0.566379
0.943816	0.566868
0.943806	0.567361
0.944084	0.56785
0.943862	0.568343
0.943961	0.568837
0.944077	0.569328
0.944077	0.569818
0.944077	0.570307
0.944067	0.570797
0.944102	0.571287
0.944169	0.571774
0.944144	0.572262
0.944179	0.57275
0.944225	0.573236
0.944225	0.573722
0.944363	0.574204
0.944267	0.574686
0.944225	0.575171
0.944225	0.575658
0.944257	0.576147
0.944401	0.576633
0.944267	0.577123
0.944384	0.577611
0.944408	0.578098
0.944327	0.578589
0.944454	0.579077
0.944497	0.579563
0.944408	0.580052
0.944444	0.580542
0.944475	0.581032
0.944479	0.581523
0.944479	0.582015
0.944479	0.582509
0.944557	0.583003
0.94456	0.583496
0.944482	0.583992
0.94444	0.584494
0.944595	0.584994
0.944627	0.585492
0.944384	0.585999
0.944493	0.586509
0.944511	0.58702
0.944511	0.587535
0.944493	0.588052
0.944479	0.588572
0.944627	0.58909
0.944514	0.589611
0.944652	0.590129
0.944645	0.590646
0.944571	0.591166
0.944539	0.591688
0.944616	0.59221
0.944553	0.592735
0.944592	0.593261
0.944613	0.593788
0.944627	0.594314
0.944645	0.594841
0.944641	0.595367
0.944631	0.595895
0.944631	0.596424
0.944655	0.596953
0.944616	0.597483
0.944715	0.598012
0.944719	0.59854
0.944761	0.599066
0.944768	0.59959
0.944743	0.600113
0.944779	0.600636
0.944708	0.601161
0.944757	0.601685
0.944747	0.602211
0.944835	0.602734
0.944856	0.603255
0.944905	0.603773
0.944891	0.60429
0.944891	0.604806
0.944937	0.605319
0.944905	0.605833
0.94492	0.606346
0.94499	0.606857
0.945008	0.607366
0.944944	0.607877
0.945043	0.608385
0.944902	0.608897
0.945039	0.609407
0.945008	0.609918
0.94505	0.610428
0.945043	0.610938
0.945068	0.611448
0.945159	0.611954
0.945046	0.612463
0.945036	0.612974
0.945057	0.613487
0.945053	0.614001
0.945043	0.614518
0.945046	0.615037
0.945311	0.615548
0.945134	0.616061
0.945304	0.616568
0.945099	0.61708
0.945212	0.617591
0.945223	0.618101
0.945177	0.618613
0.945191	0.619127
0.945283	0.619638
0.945311	0.620148
0.945321	0.620656
0.945346	0.621162
0.94536	0.621668
0.945427	0.62217
0.945374	0.622672
0.945406	0.623174
0.945459	0.623674
0.945607	0.624167
0.945646	0.624655
0.945621	0.62514
0.945543	0.625626
0.945684	0.626108
0.945727	0.626586
0.945734	0.627062
0.94572	0.627537
0.94573	0.628012
0.945723	0.628487
0.945734	0.628964
0.945744	0.629441
0.94572	0.629921
0.945723	0.630404
0.945751	0.630888
0.945748	0.631374
0.94579	0.631862
0.945857	0.632348
0.945818	0.632836
0.945836	0.633325
0.945836	0.633815
0.945903	0.634305
0.946023	0.63479
0.945875	0.635279
0.946097	0.635762
0.946019	0.636245
0.946118	0.636724
0.946121	0.637201
0.946051	0.63768
0.946114	0.638159
0.946118	0.638637
0.946167	0.639115
0.946209	0.639592
0.946248	0.640066
0.946224	0.640541
0.946259	0.641016
0.946238	0.641492
0.946248	0.641969
0.946273	0.642447
0.94628	0.642926
0.94628	0.643406
0.946407	0.643885
0.946262	0.644367
0.946276	0.644852
0.946269	0.645341
0.94629	0.645832
0.946305	0.646326
0.946283	0.646823
0.946537	0.647314
0.946414	0.647805
0.946477	0.648295
0.946463	0.648785
0.946572	0.649272
0.94653	0.649758
0.94658	0.650242
0.946565	0.650727
0.946583	0.651211
0.94658	0.651696
0.946604	0.652181
0.946625	0.652667
0.946572	0.653155
0.946639	0.653643
0.946654	0.654132
0.946643	0.654622
0.946664	0.655112
0.946657	0.655605
0.946664	0.656099
0.946692	0.656593
0.946689	0.657089
0.946657	0.657588
0.946738	0.658086
0.946724	0.658586
0.946696	0.659087
0.946692	0.659591
0.946703	0.660097
0.946682	0.660606
0.946689	0.661117
0.946689	0.66163
0.946932	0.662137
0.946692	0.662648
0.946685	0.663163
0.946685	0.663681
0.946685	0.664202
0.946946	0.664716
0.94695	0.665225
0.946699	0.66574
0.946731	0.666258
0.946911	0.666773
0.946816	0.667289
0.946791	0.667807
0.94695	0.668321
0.946766	0.66884
0.946847	0.669358
0.946812	0.669879
0.946935	0.670398
0.94695	0.670914
0.946904	0.67143
0.946946	0.671946
0.946943	0.672461
0.946971	0.672976
0.946988	0.673489
0.947062	0.673999
0.947059	0.674507
0.947087	0.675014
0.947052	0.67552
0.947101	0.676024
0.947108	0.676528
0.947101	0.677031
0.947136	0.677534
0.947115	0.678037
0.947175	0.678539
0.947105	0.679043
0.94714	0.679547
0.947189	0.680051
0.947217	0.680553
0.947189	0.681056
0.947182	0.68156
0.947224	0.682064
0.947196	0.68257
0.947101	0.68308
0.947165	0.683592
0.947263	0.684102
0.947316	0.68461
0.947224	0.68512
0.947217	0.685631
0.947101	0.686148
0.947253	0.686665
0.94727	0.687181
0.947316	0.687696
0.947313	0.688209
0.947119	0.68873
0.947362	0.689247
0.947411	0.68976
0.947383	0.690271
0.947358	0.690783
0.947443	0.691291
0.947369	0.6918
0.947475	0.692307
0.947365	0.692815
0.947394	0.693325
0.947517	0.693831
0.947387	0.69434
0.947422	0.69485
0.947471	0.695359
0.947446	0.695869
0.947531	0.696377
0.947499	0.696885
0.947528	0.697393
0.947683	0.697895
0.947605	0.698396
0.947781	0.69889
0.947774	0.699379
0.947771	0.699866
0.947802	0.700349
0.947764	0.700832
0.94782	0.701313
0.947781	0.701794
0.947817	0.702276
0.947781	0.702758
0.947774	0.703244
0.947901	0.703726
0.947929	0.704207
0.947933	0.704687
0.947965	0.705165
0.947901	0.705646
0.947915	0.706127
0.947922	0.706611
0.947922	0.707096
0.948169	0.707574
0.94819	0.708048
0.947936	0.708527
0.947929	0.709011
0.948	0.709497
0.947926	0.709988
0.948197	0.710473
0.948204	0.710956
0.948158	0.711438
0.948176	0.711919
0.948141	0.712402
0.94819	0.712884
0.948194	0.713367
0.948285	0.713848
0.948254	0.714329
0.948254	0.71481
0.948324	0.71529
0.948313	0.71577
0.948317	0.71625
0.948335	0.716731
0.948349	0.717212
0.948454	0.71769
0.948476	0.718166
0.948532	0.718638
0.948507	0.71911
0.94861	0.719578
0.948595	0.720044
0.94862	0.720509
0.948602	0.720974
0.948412	0.721447
0.948592	0.721919
0.948592	0.722393
0.948599	0.722868
0.94874	0.723339
0.948712	0.72381
0.948645	0.724283
0.948617	0.72476
0.948743	0.725235
0.948747	0.725711
0.948631	0.726191
0.948638	0.726675
0.948677	0.727161
0.948751	0.727647
0.948648	0.728138
0.94868	0.728631
0.948705	0.729126
0.948631	0.729625
0.948743	0.730125
0.948754	0.730625
0.948743	0.731125
0.948758	0.731627
0.948743	0.73213
0.948726	0.732635
0.948828	0.733139
0.948768	0.733645
0.948775	0.734151
0.948927	0.734653
0.948888	0.735155
0.949018	0.73565
0.948916	0.736146
0.948913	0.736642
0.948874	0.73714
0.948973	0.737637
0.94893	0.738135
0.948976	0.738632
0.949029	0.739127
0.949068	0.73962
0.94899	0.740114
0.948997	0.74061
0.949001	0.741107
0.949029	0.741604
0.949036	0.742102
0.949032	0.742601
0.949054	0.743101
0.94905	0.743601
0.949068	0.744103
0.949004	0.744607
0.949089	0.745111
0.949078	0.745616
0.949004	0.746124
0.949142	0.746631
0.949142	0.747136
0.949142	0.747642
0.949142	0.748147
0.949145	0.748653
0.949156	0.749158
0.949138	0.749665
0.949124	0.750174
0.949061	0.750687
0.949142	0.7512
0.949135	0.751714
0.949152	0.752229
0.949135	0.752745
0.949131	0.753262
0.949114	0.753782
0.949378	0.754294
0.949149	0.754808
0.949142	0.755325
0.949131	0.755845
0.949402	0.756357
0.949138	0.756873
0.949254	0.757389
0.949293	0.757902
0.949198	0.758418
0.949262	0.758933
0.94935	0.759446
0.949276	0.759959
0.949212	0.760475
0.949357	0.760988
0.949343	0.761501
0.949395	0.76201
0.949417	0.762518
0.94941	0.763023
0.949413	0.763528
0.94941	0.764033
0.949469	0.764536
0.949466	0.765037
0.949519	0.765536
0.949459	0.766036
0.949487	0.766536
0.949508	0.767035
0.949501	0.767535
0.949494	0.768035
0.949621	0.768532
0.949554	0.769029
0.949582	0.769526
0.949632	0.770021
0.94967	0.770514
0.949677	0.771005
0.949713	0.771494
0.949699	0.771982
0.94972	0.77247
0.94978	0.772955
0.949695	0.773442
0.949815	0.773926
0.949811	0.77441
0.949811	0.774893
0.94967	0.775381
0.949868	0.775867
0.949818	0.776353
0.949811	0.77684
0.949815	0.777329
0.949959	0.777813
0.949847	0.7783
0.949882	0.778787
0.949914	0.779274
0.949949	0.779761
0.949906	0.780248
0.949892	0.780738
0.949959	0.781227
0.950009	0.781715
0.949988	0.782204
0.950005	0.782692
0.95021	0.783173
0.950238	0.783649
0.950206	0.784122
0.950224	0.784593
0.950255	0.785061
0.950224	0.785529
0.950199	0.785998
0.95021	0.786469
0.950213	0.786942
0.950199	0.787416
0.950368	0.787888
0.950227	0.788362
0.950245	0.788839
0.950262	0.789317
0.950336	0.789795
0.950287	0.790275
0.950284	0.790758
0.950361	0.791239
0.950312	0.791723
0.950414	0.792205
0.950418	0.792687
0.950499	0.793166
0.950502	0.793643
0.950432	0.794121
0.950527	0.794598
0.950604	0.795072
0.950629	0.795543
0.950618	0.796012
0.950654	0.79648
0.950671	0.796946
0.950615	0.797414
0.95071	0.797881
0.950625	0.79835
0.950714	0.798819
0.950622	0.799291
0.950671	0.799765
0.950735	0.800238
0.950703	0.800713
0.950633	0.801193
0.950675	0.801675
0.950791	0.802155
0.950791	0.802635
0.950823	0.803114
0.950773	0.803594
0.950773	0.804077
0.950777	0.804561
0.950781	0.805046
0.950781	0.805534
0.950781	0.806024
0.950788	0.806515
0.950788	0.807009
0.950791	0.807504
0.950795	0.808001
0.950788	0.808501
0.950791	0.809002
0.950777	0.809505
0.950812	0.81001
0.950904	0.810513
0.950823	0.811017
0.950855	0.811522
0.950858	0.812027
0.950967	0.812529
0.950925	0.813031
0.951031	0.813528
0.951027	0.814024
0.95101	0.814518
0.951052	0.81501
0.951038	0.815501
0.951154	0.815988
0.951091	0.816475
0.951087	0.816962
0.951101	0.817448
0.951112	0.817935
0.951105	0.818422
0.951094	0.818911
0.951154	0.8194
0.951119	0.819889
0.951098	0.820381
0.951182	0.820872
0.951196	0.821363
0.951186	0.821854
0.951256	0.822343
0.951323	0.822828
0.951189	0.823317
0.951411	0.8238
0.951292	0.824283
0.951292	0.824767
0.951267	0.825254
0.951189	0.825745
0.951366	0.826233
0.951401	0.82672
0.951309	0.827209
0.95139	0.827696
0.951464	0.828181
0.951327	0.828669
0.95138	0.829158
0.95144	0.829646
0.951457	0.830133
0.951457	0.83062
0.951436	0.831108
0.951447	0.831597
0.951306	0.832092
0.95144	0.832588
0.951443	0.833084
0.951464	0.83358
0.95145	0.834078
0.951454	0.834577
0.951447	0.835077
0.951447	0.835579
0.951517	0.83608
0.951447	0.836583
0.951313	0.837093
0.951461	0.837603
0.951447	0.838114
0.951535	0.838623
0.951461	0.839134
0.951496	0.839644
0.951478	0.840156
0.951496	0.840668
0.951542	0.841178
0.951566	0.841688
0.951538	0.842197
0.951591	0.842705
0.951595	0.843211
0.951574	0.843718
0.951595	0.844224
0.951563	0.844732
0.951616	0.845238
0.951655	0.845743
0.951704	0.846245
0.951662	0.846747
0.951669	0.847248
0.951757	0.847746
0.95182	0.84824
0.951817	0.848731
0.951912	0.849217
0.951947	0.849698
0.951877	0.850178
0.951855	0.850658
0.951993	0.851134
0.952007	0.851607
0.952018	0.852077
0.952018	0.852546
0.952007	0.853015
0.952025	0.853484
0.952032	0.853953
0.952025	0.854423
0.952025	0.854894
0.952021	0.855368
0.952021	0.855843
0.952025	0.856321
0.952162	0.856795
0.952222	0.857267
0.95213	0.857739
0.952201	0.85821
0.952264	0.858679
0.952271	0.859146
0.952285	0.859612
0.952293	0.860077
0.952377	0.860539
0.95237	0.861
0.952338	0.861462
0.952374	0.861923
0.952398	0.862385
0.952398	0.862846
0.952356	0.863311
0.952433	0.863775
0.952433	0.86424
0.952483	0.864704
0.952574	0.865166
0.952663	0.865622
0.952613	0.866078
0.952627	0.866532
0.952574	0.866988
0.952645	0.867444
0.952673	0.867899
0.952656	0.868355
0.952677	0.868812
0.952405	0.86928
0.952465	0.869755
0.952525	0.870233
0.952737	0.870708
0.952578	0.871187
0.952677	0.871666
0.952659	0.872145
0.95268	0.872625
0.952722	0.873105
0.952782	0.873582
0.952768	0.874059
0.952814	0.874535
0.952814	0.875009
0.952842	0.875483
0.952846	0.875956
0.95298	0.876424
0.952888	0.876893
0.952976	0.87736
0.953075	0.877821
0.953093	0.878279
0.9531	0.878735
0.953071	0.87919
0.953096	0.879644
0.953121	0.880098
0.953156	0.880551
0.953149	0.881004
0.953121	0.881459
0.953096	0.881917
0.953107	0.882378
0.95317	0.882839
0.953138	0.883302
0.953209	0.883766
0.953085	0.884235
0.953205	0.884703
0.95322	0.885173
0.953209	0.885643
0.953244	0.886114
0.953234	0.886587
0.953248	0.88706
0.953322	0.887532
0.953269	0.888006
0.953279	0.888481
0.953135	0.888963
0.953265	0.889446
0.953262	0.88993
0.953248	0.890417
0.953255	0.890905
0.953265	0.891395
0.953251	0.891887
0.95353	0.892372
0.953272	0.89286
0.953265	0.893352
0.953265	0.893846
0.953371	0.894339
0.953283	0.894835
0.953297	0.895334
0.953523	0.895825
0.953431	0.896316
0.95342	0.896807
0.953463	0.897296
0.953413	0.897787
0.953445	0.898277
0.953466	0.898767
0.95341	0.89926
0.953371	0.899755
0.953431	0.900252
0.953509	0.900746
0.953487	0.901241
0.953523	0.901734
0.953526	0.902227
0.953512	0.90272
0.953547	0.903213
0.95359	0.903704
0.95354	0.904195
0.953586	0.904686
0.953565	0.905178
0.953653	0.905667
0.953632	0.906156
0.953621	0.906644
0.953611	0.907134
0.953667	0.907622
0.953674	0.90811
0.953639	0.9086
0.953664	0.909089
0.953681	0.909579
0.953678	0.910069
0.953664	0.910561
0.953671	0.911053
0.953667	0.911547
0.953681	0.912042
0.953678	0.912539
0.953685	0.913036
0.953688	0.913534
0.953674	0.914034
0.953678	0.914535
0.953681	0.915038
0.953942	0.915532
0.953713	0.916029
0.953674	0.91653
0.953759	0.91703
0.953787	0.917529
0.953716	0.91803
0.953748	0.918533
0.953819	0.919033
0.95379	0.919534
0.953812	0.920034
0.953766	0.920536
0.953692	0.921042
0.953868	0.921545
0.953935	0.922044
0.953956	0.922539
0.953935	0.923032
0.953956	0.923523
0.953928	0.924013
0.953977	0.924502
0.953963	0.924991
0.954037	0.925476
0.953977	0.925962
0.95403	0.926447
0.954072	0.92693
0.95409	0.927411
0.954072	0.927891
0.954238	0.928366
0.954076	0.928842
0.954231	0.929315
0.954347	0.929781
0.954072	0.930253
0.954199	0.930724
0.95434	0.93119
0.954333	0.931654
0.954428	0.932113
0.95433	0.932572
0.954316	0.933033
0.954344	0.933494
0.954309	0.933957
0.95433	0.934422
0.954337	0.934888
0.954326	0.935357
0.954337	0.935828
0.954421	0.936298
0.954379	0.936769
0.954404	0.937241
0.954502	0.937711
0.954513	0.938179
0.954538	0.938646
0.954573	0.939111
0.954524	0.939576
0.954654	0.940038
0.954598	0.9405
0.954668	0.940959
0.954739	0.941415
0.954749	0.941869
0.954781	0.94232
0.95482	0.942769
0.954746	0.943219
0.954763	0.943669
0.954851	0.944118
0.954841	0.944567
0.954749	0.94502
0.954862	0.945472
0.95488	0.945924
0.954897	0.946376
0.954894	0.946829
0.954908	0.947283
0.95488	0.947739
0.95488	0.948198
0.954936	0.948657
0.954936	0.949117
0.954932	0.94958
0.954975	0.950042
0.95513	0.9505
0.955045	0.950958
0.955165	0.951413
0.955207	0.951864
0.955214	0.952312
0.955292	0.952757
0.955235	0.953201
0.95526	0.953644
0.955274	0.954087
0.955327	0.954529
0.955306	0.954972
0.955288	0.955416
0.955383	0.955858
0.955327	0.956303
0.955309	0.956751
0.955288	0.957202
0.955359	0.957654
0.955352	0.958108
0.955447	0.958561
0.955383	0.959016
0.955391	0.959473
0.955362	0.959933
0.955514	0.960391
0.955489	0.960849
0.955517	0.961306
0.955479	0.961765
0.955302	0.962232
0.955584	0.962696
0.955553	0.963159
0.955359	0.963629
0.95557	0.964098
0.955567	0.964566
0.955556	0.965035
0.955567	0.965504
0.95557	0.965975
0.955588	0.966445
0.955644	0.966915
0.955623	0.967385
0.955648	0.967855
0.955641	0.968326
0.955651	0.968797
0.955648	0.96927
0.955687	0.969743
0.955672	0.970216
0.955672	0.970691
0.955789	0.971163
0.955722	0.971636
0.955743	0.97211
0.955866	0.972579
0.95588	0.973046
0.955768	0.973515
0.955898	0.973981
0.955863	0.974448
0.95593	0.974912
0.955993	0.975374
0.955986	0.975833
0.955983	0.976292
0.956078	0.976747
0.955986	0.977203
0.956053	0.977659
0.956004	0.978116
0.956102	0.978572
0.95599	0.979031
0.956145	0.979487
0.956117	0.979944
0.956127	0.980401
0.956152	0.980857
0.956127	0.981315
0.956	0.981779
0.956102	0.982245
0.956134	0.982711
0.956131	0.983179
0.956138	0.983649
0.956201	0.984117
0.956138	0.984588
0.956307	0.985056
0.956247	0.985523
0.95631	0.985988
0.956215	0.986455
0.956409	0.986918
0.956339	0.98738
0.956427	0.98784
0.956458	0.988296
0.956547	0.988747
0.956603	0.989194
0.956635	0.989635
0.956751	0.99007
0.956765	0.990499
0.95679	0.990924
0.956811	0.991345
0.956818	0.991764
0.956811	0.992183
0.956828	0.992601
0.956857	0.993019
0.956938	0.993435
0.956952	0.99385
0.957058	0.994261
0.957184	0.994666
0.957234	0.995065
0.957248	0.99546
0.957234	0.995853
0.957251	0.996246
0.957311	0.996637
0.957403	0.997025
0.957576	0.997405
0.957706	0.997775
0.95766	0.998142
0.957812	0.998501
0.957812	0.998855
0.958002	0.9992
0.958147	0.999535
0.958235	0.99986
0.958453	1.00017
0.958474	1.00047
0.958485	1.00077
0.958622	1.00105
0.958827	1.00133
0.958894	1.00159
0.959042	1.00185
0.95913	1.00209
0.959299	1.00233
0.959433	1.00255
0.959666	1.00276
0.959715	1.00296
0.959725	1.00316
0.959891	1.00334
0.959937	1.00353
0.960222	1.0037
0.960272	1.00386
0.960307	1.00402
0.960483	1.00417
0.960628	1.00432
0.960691	1.00446
0.960843	1.0046
0.961026	1.00473
0.961114	1.00486
0.961149	1.00498
0.961347	1.0051
0.961488	1.00521
0.961674	1.00532
0.96178	1.00542
0.961844	1.00552
0.961971	1.00561
0.962182	1.0057
0.962281	1.00578
0.962478	1.00586
0.962619	1.00593
0.962725	1.006
0.962785	1.00606
0.963056	1.00612
0.963179	1.00617
0.963197	1.00623
0.963342	1.00628
0.963521	1.00632
0.963768	1.00636
0.963849	1.0064
0.963856	1.00643
0.963965	1.00647
0.964205	1.0065
0.964265	1.00654
0.964357	1.00657
0.96455	1.0066
0.964705	1.00663
0.964815	1.00666
0.964829	1.00669
0.964998	1.00673
0.965164	1.00676
0.965375	1.00679
0.965255	1.00682
0.965604	1.00685
0.965706	1.00688
0.965935	1.0069
0.965992	1.00692
0.966108	1.00694
0.966076	1.00697
0.966358	1.00699
0.966404	1.00701
0.966513	1.00704
0.966764	1.00706
0.966774	1.00709
0.966898	1.00711
0.967155	1.00714
0.967176	1.00716
0.967194	1.00719
0.967349	1.00722
0.967602	1.00724
0.967708	1.00727
0.967761	1.0073
0.967779	1.00733
0.968018	1.00736
0.968103	1.0074
0.968205	1.00743
0.968431	1.00746
0.968452	1.0075
0.968526	1.00753
0.96867	1.00757
0.968829	1.00761
0.968945	1.00765
0.969009	1.00769
0.969104	1.00773
0.96927	1.00777
0.969372	1.00782
0.969428	1.00786
0.969657	1.00791
0.969604	1.00796
0.96977	1.00801
0.969855	1.00806
0.970059	1.00812
0.970221	1.00817
0.97026	1.00822
0.970263	1.00828
0.970507	1.00833
0.970619	1.00838
0.970672	1.00844
0.970929	1.00849
0.970968	1.00854
0.971011	1.0086
0.971081	1.00865
0.971275	1.00871
0.971349	1.00877
0.971384	1.00883
0.971458	1.0089
0.971737	1.00896
0.971775	1.00902
0.971927	1.00908
0.97193	1.00915
0.972029	1.00922
0.972286	1.00928
0.972343	1.00935
0.97235	1.00942
0.972614	1.00948
0.972621	1.00955
0.97272	1.00961
0.972928	1.00968
0.973044	1.00974
0.973164	1.0098
0.973167	1.00987
0.973358	1.00993
0.973428	1.00999
0.973587	1.01005
0.973576	1.01011
0.973837	1.01017
0.973731	1.01024
0.973886	1.01031
0.974006	1.01038
0.974197	1.01044
0.974253	1.01051
0.97438	1.01058
0.974345	1.01065
0.974609	1.01072
0.974697	1.01079
0.974789	1.01086
0.974785	1.01094
0.974887	1.01101
0.975	1.01109
0.975155	1.01117
0.975219	1.01125
0.975212	1.01133
0.975483	1.01142
0.975571	1.0115
0.975673	1.01158
0.975839	1.01166
0.975959	1.01173
0.976043	1.0118
0.976047	1.01188
0.976276	1.01195
0.976428	1.01202
0.976459	1.01209
0.976731	1.01215
0.976724	1.01221
0.976783	1.01227
0.977006	1.01233
0.977154	1.01238
0.977129	1.01244
0.977291	1.01249
0.977326	1.01255
0.977566	1.0126
0.97771	1.01265
0.977894	1.01269
0.97776	1.01274
0.977992	1.01278
0.97813	1.01283
0.978398	1.01286
0.978391	1.0129
0.978412	1.01293
0.978535	1.01297
0.978644	1.01301
0.978806	1.01305
0.978821	1.01309
0.978951	1.01313
0.979053	1.01317
0.979289	1.01321
0.979451	1.01324
0.979589	1.01327
0.979638	1.0133
0.9798	1.01333
0.979793	1.01336
0.979991	1.01338
0.980135	1.01341
0.980103	1.01343
0.980202	1.01346
0.980368	1.01349
0.98053	1.01352
0.980703	1.01355
0.980646	1.01358
0.98078	1.01361
0.980974	1.01364
0.981118	1.01366
0.981319	1.01369
0.98133	1.01371
0.981355	1.01373
0.981471	1.01376
0.981594	1.01379
0.981841	1.01381
0.981887	1.01384
0.98188	1.01386
0.982038	1.01389
0.982211	1.01392
0.982306	1.01394
0.982306	1.01397
0.982394	1.01401
0.982567	1.01404
0.982719	1.01407
0.982867	1.0141
0.982993	1.01413
0.983015	1.01416
0.983141	1.01419
0.983156	1.01423
0.983258	1.01426
0.983462	1.0143
0.983508	1.01434
0.983744	1.01437
0.983582	1.01441
0.983822	1.01445
0.983864	1.0145
0.98397	1.01454
0.984054	1.01459
0.984234	1.01464
0.984273	1.01469
0.984326	1.01474
0.984565	1.01479
0.984646	1.01484
0.984664	1.01489
0.984756	1.01494
0.98478	1.015
0.985048	1.01506
0.985052	1.01511
0.985083	1.01517
0.985161	1.01524
0.985253	1.0153
0.985355	1.01537
0.985464	1.01544
0.985464	1.01552
0.985594	1.0156
0.985573	1.01568
0.985838	1.01576
0.98589	1.01584
0.986014	1.01592
0.985901	1.01601
0.986042	1.01611
0.986113	1.01621
0.986303	1.01631
0.986391	1.01641
0.986451	1.01652
0.986701	1.01662
0.986451	1.01673
0.986504	1.01684
0.986736	1.01696
0.98681	1.01708
0.986913	1.01719
0.98699	1.01731
0.987128	1.01743
0.987121	1.01755
0.987128	1.01767
0.987198	1.01779
0.987269	1.01792
0.987371	1.01805
0.987438	1.01819
0.98754	1.01832
0.987639	1.01845
0.987677	1.01858
0.987695	1.01872
0.987734	1.01886
0.987952	1.019
0.987974	1.01914
0.988016	1.01928
0.988097	1.01942
0.988185	1.01956
0.988322	1.01969
0.988368	1.01983
0.988516	1.01997
0.988403	1.02011
0.988407	1.02025
0.988541	1.0204
0.98859	1.02055
0.988774	1.0207
0.988805	1.02085
0.988759	1.021
0.988922	1.02115
0.988925	1.02131
0.988922	1.02147
0.989077	1.02163
0.989186	1.02179
0.989214	1.02195
0.989295	1.02211
0.989348	1.02227
0.989348	1.02243
0.989369	1.0226
0.9895	1.02277
0.989461	1.02294
0.989623	1.02311
0.989736	1.02328
0.989753	1.02345
0.990004	1.02362
0.990042	1.02378
0.990007	1.02394
0.990169	1.0241
0.990176	1.02426
0.990194	1.02442
0.990215	1.02458
0.990433	1.02474
0.990529	1.0249
0.990606	1.02505
0.990779	1.0252
0.990606	1.02535
0.990782	1.0255
0.990832	1.02565
0.990976	1.02579
0.991237	1.02593
0.991121	1.02607
0.991265	1.0262
0.991251	1.02634
0.991262	1.02647
0.991318	1.02661
0.991392	1.02676
0.99159	1.02689
0.991664	1.02703
0.991748	1.02717
0.991766	1.0273
0.991833	1.02744
0.991804	1.02757
0.991836	1.02772
0.99209	1.02786
0.992051	1.028
0.992192	1.02814
0.992242	1.02828
0.992411	1.02842
0.99233	1.02856
0.992449	1.02869
0.992499	1.02883
0.99252	1.02898
0.992541	1.02912
0.99259	1.02927
0.992812	1.02942
0.992827	1.02957
0.992953	1.02971
0.993063	1.02985
0.992932	1.03
0.992964	1.03015
0.993063	1.0303
0.993211	1.03046
0.993295	1.03061
0.99338	1.03076
0.99339	1.03091
0.993489	1.03106
0.993486	1.03122
0.993479	1.03137
0.993521	1.03154
0.993761	1.03169
0.993753	1.03185
0.993799	1.03201
0.993824	1.03217
0.994004	1.03233
0.993997	1.03249
0.994078	1.03265
0.994155	1.03281
0.994169	1.03297
0.994155	1.03313
0.994257	1.0333
0.994212	1.03347
0.99431	1.03364
0.99443	1.03382
0.994518	1.03399
0.994578	1.03416
0.994603	1.03433
0.994677	1.03451
0.99473	1.03468
0.994747	1.03485
0.99473	1.03503
0.994737	1.03521
0.994991	1.03539
0.994959	1.03558
0.994998	1.03576
0.995047	1.03594
0.995149	1.03613
0.99504	1.03631
0.995149	1.03651
0.995216	1.0367
0.995153	1.0369
0.995339	1.03709
0.99541	1.03729
0.99541	1.03749
0.995399	1.03769
0.99541	1.03789
0.995406	1.0381
0.99541	1.03832
0.995442	1.03854
0.995502	1.03876
0.995537	1.03899
0.995618	1.03921
0.995643	1.03944
0.995618	1.03968
0.995702	1.03991
0.995808	1.04015
0.995836	1.04038
0.995847	1.04062
0.995833	1.04086
0.995921	1.04109
0.995956	1.04133
0.995988	1.04157
0.99596	1.04182
0.995956	1.04206
0.995977	1.04231
0.995949	1.04257
0.995967	1.04283
0.99602	1.04309
0.996069	1.04336
0.996168	1.04362
0.996213	1.04389
0.996263	1.04415
0.996245	1.04442
0.996347	1.04468
0.996365	1.04494
0.996383	1.0452
0.996376	1.04547
0.99645	1.04573
0.996386	1.04599
0.996372	1.04626
0.99651	1.04653
0.996372	1.04681
0.996383	1.04709
0.996407	1.04737
0.996636	1.04765
0.996467	1.04794
0.996587	1.04822
0.996619	1.04851
0.996527	1.0488
0.996668	1.04908
0.996636	1.04937
0.996679	1.04966
0.996735	1.04995
0.996767	1.05024
0.996749	1.05053
0.996816	1.05082
0.996788	1.05111
0.996809	1.05141
0.996911	1.0517
0.996869	1.05199
0.997014	1.05228
0.997063	1.05256
0.997059	1.05284
0.996795	1.05313
0.997056	1.05342
0.997049	1.05372
0.997059	1.05401
0.997052	1.0543
0.997056	1.05459
0.997211	1.05489
0.997073	1.05518
0.997126	1.05548
0.997207	1.05577
0.997144	1.05607
0.997155	1.05637
0.997211	1.05668
0.997221	1.05698
0.997281	1.05728
0.997345	1.05758
0.997232	1.05789
0.997426	1.05819
0.997468	1.05848
0.997429	1.05878
0.997338	1.05908
0.997451	1.05938
0.997507	1.05968
0.997532	1.05998
0.997521	1.06027
0.997475	1.06057
0.99762	1.06087
0.997577	1.06117
0.997616	1.06147
0.99762	1.06176
0.997637	1.06206
0.997634	1.06236
0.997644	1.06267
0.997662	1.06297
0.997718	1.06327
0.997881	1.06357
0.997817	1.06387
0.997895	1.06416
0.997909	1.06445
0.998039	1.06474
0.997947	1.06503
0.998004	1.06531
0.998032	1.0656
0.998025	1.06588
0.998134	1.06617
0.99824	1.06644
0.998191	1.06672
0.998036	1.067
0.998141	1.06728
0.998289	1.06756
0.998279	1.06784
0.99812	1.06813
0.99837	1.06841
0.998293	1.06869
0.99843	1.06897
0.99843	1.06924
0.998215	1.06953
0.998332	1.06982
0.998437	1.0701
0.998356	1.07039
0.998402	1.07068
0.998434	1.07098
0.998434	1.07127
0.998568	1.07156
0.998451	1.07186
0.998628	1.07215
0.998603	1.07244
0.998656	1.07273
0.998705	1.07302
0.998695	1.0733
0.998712	1.07359
0.998829	1.07387
0.998776	1.07416
0.998804	1.07444
0.998783	1.07472
0.998793	1.07501
0.998836	1.0753
0.998709	1.07559
0.998839	1.07589
0.998733	1.07619
0.998762	1.07649
0.998857	1.07679
0.998769	1.0771
0.998839	1.07741
0.998853	1.07772
0.998846	1.07804
0.998843	1.07835
0.999089	1.07866
0.99885	1.07898
0.998857	1.0793
0.998938	1.07962
0.999019	1.07993
0.999107	1.08025
0.999072	1.08056
0.99904	1.08087
0.999096	1.08118
0.99904	1.0815
0.9991	1.08181
0.999121	1.08212
0.9991	1.08244
0.999103	1.08275
0.999015	1.08308
0.999072	1.0834
0.999075	1.08373
0.999213	1.08405
0.999139	1.08437
0.999118	1.0847
0.999096	1.08503
0.999153	1.08536
0.9991	1.08569
0.999125	1.08603
0.999177	1.08637
0.999139	1.0867
0.999234	1.08704
0.99917	1.08738
0.999237	1.08771
0.999199	1.08805
0.99923	1.08839
0.999195	1.08873
0.999202	1.08907
0.999248	1.08941
0.999322	1.08975
0.999255	1.09009
0.999385	1.09043
0.999259	1.09076
0.999276	1.0911
0.999244	1.09144
0.999244	1.09179
0.999255	1.09213
0.999244	1.09248
0.999326	1.09283
0.999322	1.09318
0.999438	1.09352
0.999333	1.09386
0.999385	1.09421
0.999502	1.09454
0.999396	1.09488
0.999495	1.09522
0.999502	1.09555
0.999449	1.09589
0.999502	1.09622
0.999259	1.09656
0.999452	1.0969
0.999502	1.09724



